month_date_yyyymm,county_fips,county_name,median_listing_price,median_listing_price_mm,median_listing_price_yy,active_listing_count,active_listing_count_mm,active_listing_count_yy,median_days_on_market,median_days_on_market_mm,median_days_on_market_yy,new_listing_count,new_listing_count_mm,new_listing_count_yy,price_increased_count,price_increased_count_mm,price_increased_count_yy,price_increased_share,price_increased_share_mm,price_increased_share_yy,price_reduced_count,price_reduced_count_mm,price_reduced_count_yy,price_reduced_share,price_reduced_share_mm,price_reduced_share_yy,pending_listing_count,pending_listing_count_mm,pending_listing_count_yy,median_listing_price_per_square_foot,median_listing_price_per_square_foot_mm,median_listing_price_per_square_foot_yy,median_square_feet,median_square_feet_mm,median_square_feet_yy,average_listing_price,average_listing_price_mm,average_listing_price_yy,total_listing_count,total_listing_count_mm,total_listing_count_yy,pending_ratio,pending_ratio_mm,pending_ratio_yy,quality_flag
202604,53045,"mason, wa",518250.0,0.0032,-0.0522,221,0.1882,0.2044,46.0,-0.0421,0.2466,118,0.2553,-0.0635,0,,-1.0,0.0,0.0,-0.0052,64.0,-0.1351,0.1429,0.1625,-0.0476,0.0243,70.0,-0.0541,-0.2265,311.0,0.0383,0.0273,1672.0,-0.0504,-0.071,629634.0,0.0065,-0.0576,291,0.1214,0.0601,0.3167,-0.0811,-0.1764,0.0
202604,53065,"stevens, wa",544750.0,0.0135,0.1722,228,0.4074,0.1259,33.0,-0.3623,-0.2787,104,0.1556,0.2381,0,,,0.0,0.0,0.0,62.0,1.3846,-0.0313,0.166,0.0784,-0.0234,50.0,0.0206,0.0102,256.0,0.0189,0.0377,2117.0,-0.0551,0.0876,611231.0,-0.0003,0.076,277,0.3128,0.1014,0.2171,-0.0823,-0.0249,0.0
202604,53051,"pend oreille, wa",512500.0,0.0123,-0.128,84,0.315,0.4779,48.0,-0.1915,-0.0052,32,0.6,0.2308,0,,,0.0,0.0,0.0,20.0,0.25,0.0,0.1391,-0.021,-0.0502,19.0,0.5417,-0.0513,267.0,0.007,-0.0141,2138.0,-0.007,-0.0266,744223.0,0.0322,-0.2593,102,0.351,0.36,0.2216,0.0326,-0.1236,1.0
202604,53017,"douglas, wa",617400.0,-0.0177,-0.1138,115,0.2568,0.2042,38.0,-0.1322,0.0709,76,0.1515,0.1176,0,,,0.0,0.0,0.0,32.0,0.2308,0.2308,0.1335,0.0022,0.0183,57.0,0.0364,0.1068,319.0,0.0089,0.0237,2045.0,-0.0471,-0.0721,728323.0,-0.0295,-0.0926,172,0.1741,0.1701,0.4957,-0.1054,-0.0436,1.0
202604,53063,"spokane, wa",494002.0,0.0088,-0.059,1512,0.1365,0.2782,35.0,-0.0541,0.1864,910,0.0885,-0.0638,26,0.0,0.0833,0.0081,-0.001,0.0001,522.0,0.1549,0.1652,0.1571,0.003,0.0098,895.0,0.0796,-0.0067,235.0,-0.0118,-0.0146,2188.0,0.0163,-0.0273,609356.0,0.0138,-0.0503,2405,0.1158,0.1563,0.5921,-0.0312,-0.1698,0.0
202604,53009,"clallam, wa",571188.0,0.0246,-0.1199,253,0.1448,0.2843,45.0,-0.0729,0.2027,142,0.2909,-0.0658,4,,,0.0078,0.0078,0.0078,92.0,0.2105,0.7692,0.1904,0.0231,0.0712,110.0,0.1111,0.0628,321.0,0.0159,-0.0361,1827.0,0.0087,-0.1156,710361.0,0.0938,-0.066,360,0.152,0.202,0.4348,-0.0132,-0.0906,1.0
202604,53037,"kittitas, wa",838213.0,0.016,0.0688,346,0.2291,0.1216,52.0,-0.1186,0.1304,162,0.5,0.1571,2,0.0,0.0,0.0033,-0.0011,-0.0002,72.0,0.0286,-0.1818,0.1245,-0.0341,-0.0364,67.0,0.031,-0.3037,424.0,0.0251,-0.082,2152.0,0.0068,0.0477,1069620.0,0.0078,-0.0608,411,0.183,0.0061,0.1922,-0.0369,-0.1174,0.0
202604,53053,"pierce, wa",649450.0,0.0069,-0.0008,1854,0.134,0.2255,37.0,-0.039,0.0278,1336,0.2486,0.0421,48,-0.2,0.0,0.0105,-0.0049,-0.0018,726.0,0.0836,0.1273,0.1596,-0.0124,-0.0056,1294.0,0.0957,0.1238,317.0,0.0027,-0.0293,2121.0,-0.0081,0.0058,776267.0,0.0044,0.0031,3145,0.1131,0.1777,0.6979,-0.0244,-0.0631,0.0
202604,53021,"franklin, wa",486461.0,-0.0562,-0.0553,215,0.0861,0.2471,52.0,-0.1804,0.1359,144,0.3585,0.7561,6,0.5,-0.25,0.014,0.0034,-0.0097,54.0,-0.1,0.1739,0.1191,-0.0304,-0.0263,100.0,0.0757,0.6446,265.0,0.0159,-0.0049,2047.0,-0.0167,0.0344,588903.0,-0.0153,-0.0037,314,0.0753,0.3564,0.4639,-0.0045,0.1121,1.0
202604,53075,"whitman, wa",379225.0,0.0333,-0.0705,121,0.0524,0.1931,50.0,0.0051,0.1307,62,0.1481,0.24,0,,,0.0,0.0,0.0,38.0,0.9,0.3571,0.1779,0.0876,0.0435,45.0,0.3284,0.141,193.0,0.0235,-0.0425,2159.0,0.015,0.0668,431687.0,0.0014,-0.0736,164,0.0973,0.1596,0.3693,0.0767,-0.0168,0.0
202604,53049,"pacific, wa",419950.0,-0.0118,-0.0666,211,0.1598,0.1503,61.0,-0.3125,0.1921,78,0.3448,0.1143,2,,,0.0062,0.0062,0.0062,56.0,0.3333,0.037,0.1705,0.0126,-0.0324,44.0,0.1918,0.3182,307.0,0.0123,0.0118,1443.0,-0.0021,-0.0374,504772.0,-0.0045,-0.0317,254,0.1814,0.1705,0.2067,0.0055,0.0263,0.0
202604,53041,"lewis, wa",504325.0,-0.0394,0.0374,275,0.1294,0.0476,55.0,-0.0603,-0.018,136,0.36,-0.0811,4,0.0,1.0,0.0081,-0.0008,0.0046,92.0,0.5862,-0.2333,0.1731,0.0434,-0.0567,112.0,-0.0747,-0.0089,296.0,0.008,0.0159,1721.0,-0.0301,-0.0244,610044.0,0.0098,0.0638,386,0.0591,0.0405,0.4055,-0.0894,-0.0231,0.0
202604,53011,"clark, wa",639950.0,-0.0119,-0.0968,1464,0.1012,0.1309,46.0,-0.0521,0.0341,752,0.0358,-0.067,228,0.443,-0.088,0.0717,0.0167,-0.0126,768.0,0.1743,0.2673,0.2417,0.0165,0.0313,860.0,0.0488,0.0035,312.0,-0.0048,-0.0425,2119.0,0.0005,-0.053,808262.0,-0.0042,-0.0763,2326,0.0829,0.0791,0.5871,-0.0293,-0.0746,0.0
202604,53057,"skagit, wa",741248.0,-0.0077,0.053,318,0.25,0.3174,40.0,-0.1753,0.1852,202,0.3289,0.1609,6,2.0,0.5,0.0085,0.0051,0.0014,122.0,0.6944,0.9063,0.1857,0.0455,0.0679,137.0,0.2124,0.0148,377.0,-0.001,-0.0083,1996.0,0.0028,0.003,848211.0,-0.0283,-0.0083,454,0.2254,0.2091,0.4315,-0.0134,-0.1287,0.0
202604,53013,"columbia, wa",393000.0,0.1197,0.0949,18,-0.1026,0.3462,167.0,0.1594,0.4801,4,-0.3333,-0.6,0,,,0.0,0.0,0.0,4.0,1.0,0.0,0.1394,0.0806,0.0254,11.0,1.3333,0.3125,162.0,-0.04,-0.0534,2313.0,0.0222,0.1766,459835.0,0.0232,0.1773,28,0.12,0.3333,0.6,0.3692,-0.0154,0.0
202604,53043,"lincoln, wa",383000.0,0.05,0.1433,80,0.194,0.7021,52.0,-0.25,-0.0143,32,0.2308,0.3333,0,,,0.0,0.0,0.0,14.0,-0.125,0.1667,0.1265,-0.0249,-0.0188,11.0,-0.3889,-0.12,198.0,0.0964,0.1344,1910.0,0.0032,-0.0866,433621.0,0.0411,0.0418,91,0.0769,0.5424,0.1375,-0.1312,-0.1285,0.0
202604,53003,"asotin, wa",442243.0,-0.0101,0.0126,92,0.0517,0.2534,54.0,-0.0809,0.1134,36,0.125,-0.0526,2,,,0.011,0.011,0.011,28.0,0.0,0.0769,0.1996,0.0306,0.0229,32.0,-0.1,0.1887,222.0,-0.0241,0.0482,2072.0,-0.0106,-0.0591,498705.0,-0.0094,0.0116,124,0.0081,0.2277,0.3443,-0.058,-0.0188,0.0
202604,53055,"san juan, wa",1234250.0,0.02,-0.0623,143,0.3636,0.0215,48.0,-0.5343,0.3768,50,0.087,-0.1071,0,,,0.0,0.0,0.0,14.0,0.0,-0.3636,0.0668,-0.0121,-0.0339,17.0,-0.2093,-0.32,645.0,-0.0465,0.0006,2011.0,0.1022,-0.0896,1967905.0,0.0306,-0.0292,161,0.2727,-0.0123,0.1193,-0.0864,-0.0599,0.0
202604,53015,"cowlitz, wa",474350.0,0.0314,-0.0285,310,0.1589,0.0954,46.0,-0.2009,-0.1408,172,0.3231,0.1316,32,0.2308,0.1429,0.0522,0.0072,0.0075,156.0,0.1304,0.3,0.2527,-0.0045,0.0619,150.0,-0.0856,-0.1919,274.0,0.0199,-0.0637,1872.0,0.0495,0.0539,601787.0,0.0206,0.0128,454,0.0607,-0.0268,0.4823,-0.129,-0.1715,0.0
202604,53073,"whatcom, wa",649375.0,0.0006,-0.0589,686,0.111,0.1321,44.0,-0.0222,0.2055,362,0.2569,-0.0423,4,1.0,-0.3333,0.003,0.0012,-0.0017,200.0,0.5385,0.3333,0.1437,0.0298,0.0218,288.0,0.2178,-0.0035,386.0,0.0086,-0.0136,1758.0,-0.0059,-0.0588,798521.0,0.0017,-0.0677,974,0.1406,0.0883,0.4201,0.0368,-0.0572,0.0
202604,53031,"jefferson, wa",669993.0,-0.0074,-0.1105,147,0.176,0.3486,46.0,-0.2112,0.1438,70,0.0938,0.0938,2,-0.5,,0.007,-0.0098,0.007,36.0,0.3846,0.2,0.1315,0.021,-0.0204,57.0,0.1287,0.8689,373.0,-0.0037,-0.0121,1753.0,0.0124,-0.1415,852808.0,-0.0447,-0.1622,205,0.1719,0.4765,0.3878,-0.0162,0.1079,1.0
202604,53061,"snohomish, wa",797000.0,0.0089,-0.0212,1582,0.2165,0.5713,31.0,-0.008,0.1698,1112,0.053,0.053,46,0.2105,2.2857,0.0131,0.0014,0.0087,640.0,0.28,0.4286,0.1774,0.0241,0.0315,900.0,0.062,-0.112,409.0,-0.0013,-0.0309,1965.0,0.0068,-0.019,941974.0,0.0295,-0.0124,2479,0.1547,0.2273,0.5688,-0.0828,-0.4377,0.0
202604,53001,"adams, wa",353750.0,-0.0069,-0.0174,53,-0.0708,0.129,85.0,-0.1146,0.5525,8,-0.3333,-0.6,0,,,0.0,0.0,0.0,12.0,-0.25,0.2,0.1593,-0.0472,0.0166,14.0,0.1667,0.2174,205.0,-0.0252,-0.0264,1829.0,-0.0061,-0.1149,403112.0,-0.0058,-0.0329,67,-0.029,0.1552,0.2667,0.0543,0.0194,0.0
202604,53069,"wahkiakum, wa",628500.0,0.0753,0.0545,32,0.1053,0.0678,58.0,0.1,-0.0494,14,0.75,,0,,,0.0,0.0,0.0,10.0,0.0,0.0,0.2402,-0.0151,-0.0509,5.0,0.8,0.125,326.0,0.0449,0.0955,1795.0,0.0013,0.0653,616480.0,0.0648,0.0122,36,0.1452,0.0441,0.1429,0.0551,0.0073,0.0
202604,53067,"thurston, wa",571700.0,0.0018,-0.0272,620,0.1623,0.3875,37.0,-0.0633,0.1385,428,0.1889,0.0974,8,-0.6364,0.3333,0.0057,-0.0116,0.0006,226.0,0.2989,0.0463,0.1505,0.0156,-0.0287,426.0,0.0827,0.0378,299.0,0.0116,0.0024,2050.0,-0.0077,0.0213,651077.0,0.029,-0.059,1045,0.1346,0.2244,0.6868,-0.0505,-0.2314,0.0
202604,53029,"island, wa",825000.0,0.0384,0.1051,272,0.2569,0.0343,35.0,-0.0667,0.0769,182,0.2466,0.046,0,,,0.0,0.0,0.0,88.0,0.4667,0.0476,0.1462,0.023,-0.0035,132.0,0.1478,-0.0833,401.0,0.0626,0.0369,2067.0,-0.0205,0.0961,1067627.0,-0.0171,0.0385,404,0.2045,-0.0159,0.4862,-0.0462,-0.0624,0.0
202604,53023,"garfield, wa",272250.0,0.0083,-0.3306,18,0.2,1.4,93.0,-0.1148,2.1092,2,-0.6667,-0.6667,0,,,0.0,0.0,0.0,2.0,-0.5,0.0,0.0833,-0.0945,-0.0076,2.0,0.5,-0.7692,155.0,-0.003,-0.2831,1884.0,0.21,-0.0787,339453.0,0.0115,-0.3664,20,0.2188,0.4444,0.0833,0.0167,-0.7833,1.0
202604,53005,"benton, wa",499900.0,-0.0162,-0.0178,751,0.0489,0.2251,48.0,-0.1324,0.1515,338,0.0368,0.0497,10,-0.375,-0.6154,0.0077,-0.0052,-0.0157,202.0,0.01,0.2949,0.1541,-0.0073,0.0145,216.0,0.1049,0.1077,270.0,-0.0014,0.0165,2007.0,0.0116,-0.024,571035.0,-0.0191,0.005,966,0.0604,0.1963,0.2876,0.0146,-0.0305,0.0
202604,53027,"grays harbor, wa",400485.0,0.004,-0.0166,521,0.1277,0.1451,59.0,-0.0331,0.1471,174,0.0,-0.1031,2,-0.6667,0.0,0.0025,-0.0053,-0.0003,136.0,0.4167,0.1525,0.1679,0.04,0.0109,121.0,0.0614,0.0083,286.0,0.0221,0.0089,1463.0,0.0026,-0.0219,521804.0,-0.0015,0.0735,641,0.1128,0.1148,0.2322,-0.0145,-0.0315,0.0
202604,53007,"chelan, wa",649475.0,0.0277,0.1008,455,0.3265,0.2398,45.0,-0.1262,0.0651,214,0.3896,0.2299,0,-1.0,,0.0,-0.0069,0.0,92.0,0.6429,0.4839,0.1225,0.0239,0.0279,94.0,0.033,-0.06,349.0,0.0223,0.0258,1691.0,0.0408,0.136,786820.0,0.0942,0.0742,549,0.265,0.1756,0.2066,-0.0587,-0.0659,0.0
202604,53035,"kitsap, wa",649725.0,-0.0004,-0.0374,473,0.1944,0.0294,32.0,-0.1351,-0.0857,472,0.475,0.1456,26,0.0833,-0.0714,0.0207,-0.0007,0.0008,186.0,0.2568,-0.0106,0.1278,-0.0082,-0.0091,412.0,0.0828,-0.0636,323.0,0.0205,-0.0252,2151.0,0.0035,0.0393,836719.0,0.0527,-0.0011,882,0.1366,-0.0189,0.871,-0.0898,-0.0865,0.0
202604,53039,"klickitat, wa",649500.0,0.0894,-0.0046,73,0.1496,-0.2275,61.0,-0.5398,0.3425,32,0.3333,-0.2,2,-0.6667,-0.5,0.0127,-0.0366,-0.014,22.0,0.375,-0.0833,0.1573,0.0083,-0.0155,31.0,0.2708,0.7941,352.0,0.1024,-0.0184,1786.0,0.0098,-0.1056,789513.0,-0.008,-0.0372,104,0.1897,-0.0633,0.4178,0.0399,0.2379,0.0
202604,53059,"skamania, wa",652000.0,-0.0672,-0.1001,50,0.2987,0.0753,51.0,-0.4116,-0.1944,22,0.8333,0.375,0,,,0.0,0.0,0.0,24.0,1.4,0.0,0.2688,0.1021,-0.037,5.0,-0.4118,-0.6,327.0,0.0008,0.0024,1926.0,0.094,-0.1142,905192.0,0.024,-0.1233,55,0.2088,-0.0756,0.1,-0.1208,-0.1688,1.0
202604,53047,"okanogan, wa",474000.0,0.0668,0.0205,199,0.1404,0.4741,52.0,-0.3312,-0.0804,76,0.027,0.3571,0,,-1.0,0.0,0.0,-0.0083,36.0,0.2857,0.125,0.1108,0.0063,-0.0374,34.0,0.34,0.0984,261.0,0.0124,-0.0008,1758.0,0.0299,-0.0076,565121.0,0.0452,-0.1754,234,0.1646,0.4024,0.1683,0.0251,-0.0576,0.0
202604,53077,"yakima, wa",430000.0,-0.0034,0.0244,461,0.0501,0.2493,45.0,0.0227,0.0714,218,0.0481,0.09,6,,2.0,0.0063,0.0063,0.0038,152.0,0.2258,0.5833,0.1649,0.0193,0.0436,211.0,0.0048,-0.0474,241.0,-0.0072,-0.0232,1846.0,0.023,0.0217,499882.0,0.0184,-0.0169,670,0.0348,0.1415,0.4577,-0.0207,-0.1426,0.0
202604,53025,"grant, wa",429500.0,0.0106,0.0501,378,0.0863,0.0848,54.0,-0.1818,-0.0769,108,-0.2174,-0.2286,6,2.0,-0.25,0.0099,0.0069,-0.0025,90.0,0.1842,-0.1667,0.1495,0.0229,-0.0157,118.0,0.0586,-0.2419,255.0,0.0131,-0.0184,1698.0,-0.0093,0.0134,530711.0,0.024,0.1205,498,0.0862,-0.007,0.3113,-0.0082,-0.1341,0.0
202604,53033,"king, wa",847000.0,0.0072,-0.0035,5195,0.1595,0.2966,34.0,0.0794,0.1724,3240,0.0946,-0.017,52,0.1304,0.04,0.005,0.0002,0.0,1636.0,0.095,0.2741,0.1596,0.0048,0.023,2179.0,0.0163,-0.1162,541.0,-0.0022,-0.0358,1696.0,0.01,0.026,1306714.0,-0.0044,-0.0135,7371,0.1098,0.1349,0.4194,-0.0591,-0.1959,0.0
202604,53071,"walla walla, wa",554500.0,0.0082,-0.0186,195,0.2037,0.4885,46.0,-0.2043,0.2039,104,0.4054,0.3684,0,,,0.0,0.0,0.0,50.0,-0.0741,0.3889,0.1292,-0.0401,-0.0027,93.0,0.1145,0.2759,260.0,-0.0021,-0.0211,2251.0,-0.0143,-0.012,671937.0,-0.0372,-0.0058,287,0.1714,0.3865,0.4744,-0.038,-0.0791,0.0
202604,53019,"ferry, wa",490250.0,0.0349,-0.0095,52,0.1196,-0.0096,48.0,-0.1958,-0.3892,14,-0.2222,-0.125,0,,,0.0,0.0,0.0,10.0,0.6667,0.25,0.1359,0.0493,0.0313,11.0,1.2,0.8333,251.0,0.1046,-0.0487,1789.0,-0.1103,-0.0128,566267.0,0.0035,-0.0269,62,0.2059,0.0696,0.2136,0.1049,0.0982,0.0
202603,53061,"snohomish, wa",790000.0,0.0129,-0.0113,1300,0.1759,0.5569,31.0,-0.0079,0.2019,1056,0.2632,0.0688,38,0.0556,0.0556,0.0118,-0.0018,-0.0004,500.0,0.5152,0.6026,0.1533,0.0309,0.0432,847.0,0.0804,-0.1028,409.0,0.0008,-0.0143,1952.0,0.0076,-0.0309,914955.0,-0.0061,-0.0236,2147,0.1345,0.2073,0.6515,-0.0576,-0.479,0.0
202603,53065,"stevens, wa",537500.0,-0.0209,0.1316,162,0.0909,0.1329,52.0,-0.4609,0.0147,90,1.5,0.3235,0,,,0.0,0.0,0.0,26.0,0.1818,-0.0714,0.0875,-0.0072,-0.0345,49.0,0.3662,0.1023,251.0,0.0071,0.0066,2240.0,-0.015,0.1111,611419.0,-0.0547,0.0525,211,0.153,0.1657,0.2994,0.0603,-0.0083,0.0
202603,53025,"grant, wa",425000.0,0.0324,0.0455,348,0.1192,0.1319,66.0,-0.25,0.0313,138,0.8649,0.1897,2,-0.6667,-0.5,0.0031,-0.0093,-0.004,76.0,0.3571,0.1176,0.1266,0.0115,0.0062,111.0,0.0091,-0.3063,252.0,0.0097,-0.0192,1714.0,0.0163,0.0227,518257.0,0.0536,0.1083,459,0.0904,-0.0161,0.3194,-0.0348,-0.2017,0.0
202603,53031,"jefferson, wa",674993.0,0.0391,-0.1,125,0.1161,0.5244,58.0,-0.4341,0.3488,64,0.5238,0.6,4,,,0.0168,0.0168,0.0168,26.0,0.0833,0.625,0.1104,-0.0181,0.0052,51.0,0.4853,0.6833,374.0,0.0267,-0.0268,1732.0,0.0012,-0.1525,892741.0,0.0699,-0.169,175,0.1791,0.5307,0.404,0.1004,0.0381,1.0
202603,53021,"franklin, wa",515423.0,0.0315,-0.0086,198,0.0102,0.1756,64.0,-0.0341,0.0805,106,0.1042,0.2045,4,1.0,0.0,0.0107,0.0051,-0.0012,60.0,-0.0323,0.5,0.1495,-0.0253,0.0196,93.0,0.1563,0.4683,261.0,0.0034,-0.0165,2082.0,-0.0029,-0.0294,598026.0,-0.0109,-0.0515,292,0.0504,0.2641,0.4684,0.0591,0.0934,0.0
202603,53037,"kittitas, wa",825000.0,-0.0149,0.0645,282,0.1083,0.1083,59.0,-0.3918,0.18,108,0.5429,0.0,2,,,0.0044,0.0044,0.0044,70.0,0.6667,0.25,0.1586,0.0431,0.0302,65.0,0.2524,-0.1731,414.0,-0.0321,-0.0393,2137.0,0.0002,0.0274,1061326.0,-0.0004,-0.0512,347,0.1414,0.0452,0.2291,0.0264,-0.078,0.0
202603,53045,"mason, wa",516620.0,0.063,0.0333,186,0.0449,0.2078,48.0,-0.4099,-0.0404,94,0.3056,0.2368,0,,-1.0,0.0,0.0,-0.0123,74.0,0.6087,0.5417,0.2101,0.0559,0.0485,74.0,0.3578,-0.0864,299.0,0.0033,-0.0017,1761.0,0.0273,0.0232,625591.0,0.0256,-0.0146,260,0.1307,0.0903,0.3978,0.0917,-0.1281,0.0
202603,53071,"walla walla, wa",550000.0,0.0557,-0.0265,162,0.1449,0.5882,58.0,-0.3195,0.1275,74,0.3214,0.2333,0,-1.0,,0.0,-0.0065,0.0,54.0,0.5882,0.5,0.1693,0.0518,0.0308,83.0,-0.0349,0.2576,261.0,0.0315,0.0084,2284.0,0.0375,0.0115,697894.0,0.0583,0.0371,245,0.0769,0.4244,0.5123,-0.0954,-0.1347,0.0
202603,53015,"cowlitz, wa",459900.0,0.0086,0.022,268,-0.0037,-0.0165,57.0,-0.2753,-0.0297,130,0.2264,-0.0152,26,-0.0714,-0.1875,0.045,-0.0068,-0.0093,138.0,0.38,0.15,0.2572,0.0665,0.0224,164.0,0.2066,0.1122,269.0,-0.0016,-0.0776,1784.0,0.0285,0.0744,589632.0,0.0641,0.0263,428,0.0477,0.0363,0.6112,0.1066,0.0708,0.0
202603,53023,"garfield, wa",270000.0,0.2203,-0.0891,15,0.25,0.875,105.0,-0.3417,-0.3889,6,,0.5,0,,,0.0,0.0,0.0,4.0,0.0,0.0,0.1779,-0.1555,0.0297,1.0,-0.5,-0.6667,155.0,-0.0246,-0.2479,1557.0,0.1637,0.052,335579.0,0.0481,-0.0499,16,0.3333,0.4545,0.0667,-0.1,-0.3083,0.0
202603,53055,"san juan, wa",1210000.0,-0.0202,-0.0868,105,0.1297,0.1237,102.0,-0.2199,0.1461,46,1.3,0.0455,0,,,0.0,0.0,0.0,14.0,1.3333,0.1667,0.0789,0.0342,-0.0066,22.0,0.3438,0.1316,676.0,0.0233,0.0134,1825.0,-0.0289,-0.1552,1909498.0,0.04,-0.0416,127,0.1659,0.1295,0.2057,0.0328,0.0014,0.0
202603,53075,"whitman, wa",367000.0,0.0375,-0.0881,115,0.1117,0.3011,50.0,-0.1239,-0.1316,54,0.1739,0.125,0,,,0.0,0.0,0.0,20.0,0.1111,-0.1667,0.0903,-0.0175,-0.0741,34.0,0.2407,0.5227,189.0,-0.0099,-0.0399,2127.0,0.0173,0.0589,431080.0,0.0214,-0.0339,149,0.1418,0.3304,0.2926,0.0304,0.0426,0.0
202603,53063,"spokane, wa",489675.0,0.0474,-0.0339,1330,0.0653,0.33,37.0,-0.0263,-0.0513,836,0.3616,0.1237,26,0.625,-0.0714,0.009,0.0027,-0.0023,452.0,0.2768,0.2556,0.1541,0.0189,0.0088,829.0,0.1554,0.1387,237.0,0.0205,-0.0029,2153.0,0.0337,-0.0058,601045.0,0.0364,-0.0303,2156,0.0967,0.2503,0.6233,0.0486,-0.1047,0.0
202603,53029,"island, wa",794500.0,0.1019,0.1112,216,0.1707,-0.0314,38.0,-0.4071,-0.1667,146,0.825,-0.0641,0,,-1.0,0.0,0.0,-0.0092,60.0,0.25,0.0714,0.1231,-0.0097,-0.0052,115.0,0.1558,-0.0574,377.0,0.0465,0.0131,2111.0,0.0377,0.1427,1086244.0,0.0444,0.0573,335,0.1734,-0.029,0.5324,-0.0069,-0.0147,0.0
202603,53019,"ferry, wa",473713.0,0.1846,0.008,46,0.2778,0.122,60.0,-0.5699,-0.6341,18,2.0,3.5,0,,,0.0,0.0,0.0,6.0,0.5,0.5,0.0866,-0.0048,0.0032,5.0,1.0,4.0,227.0,0.0446,-0.1222,2011.0,0.031,0.0025,564317.0,0.052,0.0391,51,0.3247,0.1591,0.1087,0.0393,0.0843,1.0
202603,53007,"chelan, wa",632000.0,0.0658,0.2177,343,0.1993,0.1787,52.0,-0.4635,-0.2847,154,0.4808,0.2833,4,1.0,,0.0069,0.003,0.0069,56.0,0.2174,0.0769,0.0986,0.0051,0.0027,91.0,0.1974,0.0964,341.0,0.0784,0.1366,1625.0,0.0285,0.1757,719053.0,0.0345,0.152,434,0.1989,0.1826,0.2653,-0.0004,-0.0199,0.0
202603,53005,"benton, wa",508138.0,0.0165,-0.0394,716,0.0251,0.3284,55.0,-0.2551,-0.0395,326,0.2734,0.2538,16,0.3333,1.0,0.013,0.0023,0.0039,200.0,0.1494,0.3889,0.1614,0.0064,0.0183,196.0,0.0683,0.2373,270.0,-0.0037,0.0047,1984.0,0.0344,-0.0376,582141.0,0.0187,0.0096,911,0.0341,0.3089,0.273,0.0111,-0.0201,0.0
202603,53043,"lincoln, wa",364750.0,0.0132,0.1223,67,0.1858,0.5952,69.0,-0.4469,-0.266,26,1.1667,1.1667,0,,,0.0,0.0,0.0,16.0,0.3333,1.0,0.1514,0.0021,0.0203,18.0,0.0,0.5,180.0,-0.0523,-0.0065,1904.0,0.0943,-0.0415,416500.0,-0.0694,-0.1028,85,0.1575,0.5943,0.2687,-0.0499,-0.0171,1.0
202603,53001,"adams, wa",356225.0,-0.0494,-0.0346,57,0.1531,0.7121,96.0,-0.1688,0.0267,12,1.0,0.0,0,,,0.0,0.0,0.0,16.0,1.0,0.3333,0.2065,0.0922,0.0246,12.0,-0.2258,-0.3684,210.0,0.0004,0.0599,1840.0,-0.0209,-0.1422,405474.0,-0.0495,-0.0393,69,0.0615,0.3019,0.2124,-0.1039,-0.3634,0.0
202603,53035,"kitsap, wa",649970.0,0.0305,-0.005,396,0.0394,-0.0748,37.0,-0.3084,-0.1294,320,0.1429,-0.1011,24,-0.2941,0.0,0.0214,-0.0127,-0.0002,148.0,0.1935,-0.075,0.136,0.0111,0.0027,381.0,0.206,-0.0091,317.0,0.0203,0.0065,2144.0,0.0193,0.0355,794829.0,0.0792,-0.0015,776,0.1141,-0.0502,0.9609,0.1328,0.0637,0.0
202603,53051,"pend oreille, wa",506250.0,0.0525,-0.204,64,0.1239,0.27,59.0,-0.2492,-0.0962,20,-0.0909,0.0,0,,,0.0,0.0,0.0,16.0,0.0,1.0,0.1601,-0.045,0.0702,12.0,0.1429,-0.0769,265.0,-0.0031,-0.0542,2153.0,0.0239,-0.009,720974.0,0.0429,-0.1324,76,0.1353,0.1984,0.189,0.0031,-0.071,1.0
202603,53059,"skamania, wa",699000.0,-0.0516,-0.068,39,0.1667,0.1,86.0,-0.4062,-0.1108,12,1.0,-0.4,0,,,0.0,0.0,0.0,10.0,0.0,-0.1667,0.1667,-0.0188,-0.0208,9.0,-0.3704,0.4167,327.0,0.0516,0.0133,1761.0,-0.0224,-0.1727,883934.0,-0.0379,-0.1524,46,-0.0215,0.0581,0.2208,-0.1883,0.0494,0.0
202603,53047,"okanogan, wa",444338.0,0.0106,-0.0485,175,0.2246,0.5721,77.0,-0.442,-0.3391,74,1.3125,1.6429,0,,,0.0,0.0,0.0,28.0,1.0,0.75,0.1045,0.0322,0.0237,25.0,-0.0566,-0.1379,258.0,0.0523,-0.0158,1707.0,0.0053,-0.0221,540664.0,-0.0023,-0.2615,201,0.197,0.412,0.1433,-0.0427,-0.118,1.0
202603,53049,"pacific, wa",424950.0,-0.0001,-0.0555,182,0.0804,0.3152,88.0,-0.3383,0.0,58,0.3182,-0.0333,0,-1.0,,0.0,-0.0085,0.0,42.0,0.75,0.5,0.158,0.059,0.0368,37.0,0.2807,0.3036,303.0,-0.0018,-0.011,1446.0,0.0075,-0.0334,507061.0,0.0151,-0.0365,215,0.0941,0.2573,0.2011,0.0315,-0.0018,0.0
202603,53077,"yakima, wa",431450.0,0.0152,0.0164,439,0.0428,0.3104,44.0,-0.3623,-0.0928,208,0.1429,0.1556,0,,,0.0,0.0,0.0,124.0,0.24,0.9375,0.1457,0.0146,0.0503,210.0,0.3548,0.1932,243.0,-0.0018,-0.0121,1805.0,0.0204,0.0224,490865.0,0.0259,-0.0333,647,0.1301,0.2863,0.4784,0.1102,-0.047,0.0
202603,53033,"king, wa",840975.0,0.0287,0.0144,4481,0.19,0.4393,32.0,-0.0308,0.05,2960,0.0955,0.0123,46,0.4375,-0.425,0.0048,0.0008,-0.0047,1494.0,0.5595,0.7453,0.1548,0.0371,0.0473,2144.0,0.1181,-0.1048,542.0,0.0188,-0.0211,1679.0,0.0228,0.0494,1312487.0,0.0293,0.0197,6642,0.1692,0.2067,0.4785,-0.0308,-0.2908,0.0
202603,53009,"clallam, wa",557500.0,0.0326,-0.0693,221,0.185,0.3558,48.0,-0.3167,-0.25,110,0.3415,0.375,0,-1.0,,0.0,-0.0055,0.0,76.0,0.4615,0.9,0.1674,0.0288,0.0528,99.0,-0.0149,0.1928,316.0,0.0393,-0.0321,1812.0,-0.0326,-0.0715,649448.0,-0.0055,-0.131,313,0.0984,0.2967,0.448,-0.0909,-0.0612,0.0
202603,53067,"thurston, wa",570688.0,0.0146,-0.0488,533,0.0502,0.3096,40.0,-0.2404,0.0676,360,0.2857,0.0112,22,1.2,0.8333,0.0172,0.0084,0.0068,174.0,-0.0745,0.2429,0.1349,-0.0305,0.0073,393.0,0.0826,0.2055,295.0,-0.0155,-0.0047,2066.0,0.0581,-0.0167,632697.0,0.0475,-0.0966,921,0.058,0.2565,0.7373,0.0221,-0.0636,0.0
202603,53017,"douglas, wa",628500.0,0.0228,-0.0744,92,0.0828,0.1159,44.0,-0.4238,0.2083,66,0.65,0.1786,0,,,0.0,0.0,0.0,26.0,1.1667,0.0833,0.1314,0.062,0.0089,55.0,0.1957,0.1458,316.0,0.0279,0.0482,2146.0,-0.0016,-0.0065,750435.0,0.1017,-0.0238,147,0.1183,0.1357,0.6011,0.0567,0.0157,0.0
202603,53039,"klickitat, wa",596225.0,0.0071,-0.147,64,-0.0078,-0.0522,132.0,-0.0486,0.1579,24,0.2,-0.3333,6,0.5,0.5,0.0492,0.0142,0.0202,16.0,0.1429,-0.2,0.149,0.0117,-0.0061,24.0,-0.0769,0.7143,319.0,0.0798,-0.1117,1769.0,0.0117,-0.1158,795887.0,0.009,-0.0878,87,-0.0387,0.0741,0.378,-0.0283,0.169,1.0
202603,53053,"pierce, wa",645006.0,0.0127,0.0134,1635,0.0583,0.2612,39.0,-0.2376,0.0405,1070,0.1555,0.0368,60,0.0345,0.5,0.0154,-0.0006,0.0041,670.0,0.2786,0.4565,0.172,0.0208,0.0389,1181.0,0.1324,0.0781,317.0,0.0009,-0.0187,2139.0,0.0148,0.0227,772904.0,0.0178,0.0163,2826,0.0911,0.1797,0.7222,0.0473,-0.1227,0.0
202603,53069,"wahkiakum, wa",584500.0,-0.0106,0.0165,29,0.3256,0.1875,53.0,-0.4891,0.3125,8,0.0,-0.3333,0,,,0.0,0.0,0.0,10.0,0.6667,,0.2553,0.0997,0.2553,3.0,-0.2857,-0.375,312.0,-0.0092,0.1015,1793.0,-0.0271,0.1206,578976.0,-0.0245,-0.0309,31,0.24,0.069,0.0877,-0.0751,-0.0789,0.0
202603,53003,"asotin, wa",446748.0,0.0136,0.0833,87,0.0741,0.2985,59.0,-0.2193,-0.0369,32,-0.0588,0.0,0,,,0.0,0.0,0.0,28.0,0.4,0.4,0.169,0.0164,0.0037,35.0,0.8919,0.5217,228.0,0.0714,0.0833,2094.0,0.0228,0.05,503444.0,0.0086,0.0723,123,0.2362,0.3667,0.4023,0.1739,0.059,0.0
202603,53013,"columbia, wa",351000.0,0.0174,0.003,20,0.0263,0.5,144.0,0.1381,-0.0541,6,,,0,,,0.0,0.0,0.0,2.0,,-0.5,0.0588,0.0588,-0.1151,5.0,-0.1818,-0.3571,169.0,-0.0227,-0.0143,2263.0,0.0472,0.1401,449419.0,0.014,0.1278,25,0.0638,0.3158,0.2308,-0.0587,-0.3077,0.0
202603,53057,"skagit, wa",747000.0,0.0246,0.1014,254,0.0539,0.2959,49.0,-0.2049,-0.0396,152,0.4074,0.027,2,0.0,,0.0034,-0.0007,0.0034,72.0,0.2857,0.2,0.1402,0.0169,0.014,113.0,-0.0044,-0.1374,377.0,0.0142,0.0103,1991.0,0.0094,0.0255,872874.0,0.0258,0.0879,371,0.0511,0.133,0.4449,-0.0261,-0.2235,0.0
202603,53073,"whatcom, wa",649000.0,0.0306,-0.0399,617,0.1363,0.2643,45.0,-0.2035,0.0227,288,0.2857,-0.1,2,0.0,-0.5,0.0018,-0.0002,-0.0018,130.0,0.3265,0.0156,0.1139,0.0128,-0.0008,237.0,0.1622,-0.0347,382.0,-0.0161,-0.0122,1768.0,0.0306,-0.0421,797162.0,0.0251,-0.0634,854,0.1433,0.1644,0.3833,0.0085,-0.1187,0.0
202603,53011,"clark, wa",647675.0,0.005,-0.0544,1330,0.0371,0.1622,48.0,-0.0588,-0.1111,726,0.1415,0.0868,158,-0.1413,-0.2404,0.055,-0.0127,-0.0262,654.0,0.0348,0.3185,0.2252,-0.0078,0.0231,820.0,0.0993,0.036,313.0,-0.0137,-0.0337,2118.0,0.0055,-0.0208,811679.0,0.0099,-0.0472,2148,0.0548,0.1112,0.6164,0.0349,-0.075,0.0
202603,53027,"grays harbor, wa",398875.0,0.0171,-0.0248,462,0.1351,0.2623,61.0,-0.3564,-0.0692,174,0.2609,0.1757,6,2.0,0.5,0.0078,0.0047,0.0019,96.0,-0.1111,0.0435,0.1279,-0.0353,0.0015,114.0,0.0224,-0.0256,280.0,0.0154,0.0059,1459.0,-0.0021,-0.0192,522600.0,0.0192,0.1546,576,0.1045,0.1925,0.2468,-0.0272,-0.0729,0.0
202603,53041,"lewis, wa",525000.0,0.0295,0.0825,244,0.0188,0.0231,58.0,-0.2418,-0.1343,100,0.1628,0.0417,4,1.0,0.0,0.009,0.0043,-0.0002,58.0,-0.2162,-0.2368,0.1297,-0.047,-0.057,121.0,0.3616,0.2957,293.0,0.0289,0.0457,1775.0,-0.0422,-0.0041,604101.0,-0.0083,0.0742,364,0.1098,0.0833,0.4949,0.1246,0.1041,0.0
202602,53015,"cowlitz, wa",455975.0,0.0021,0.0145,269,-0.0741,0.0347,79.0,-0.1413,-0.0997,106,-0.0536,0.06,28,0.4,1.0,0.0518,0.0134,0.0218,100.0,0.0417,-0.1803,0.1908,-0.0083,-0.0557,136.0,0.3416,0.0423,269.0,-0.0182,-0.056,1734.0,-0.004,0.05,554117.0,-0.0294,-0.0184,409,0.0316,0.0434,0.5047,0.1564,0.0037,0.0
202602,53035,"kitsap, wa",630748.0,-0.0067,-0.0441,381,-0.0256,-0.033,54.0,-0.2671,0.049,280,0.4,0.0219,34,1.8333,0.7,0.0341,0.0199,0.0129,124.0,-0.0882,0.0508,0.1249,-0.0358,0.0081,316.0,0.1685,-0.054,310.0,0.0134,-0.0077,2103.0,-0.0177,0.0125,736515.0,-0.0534,-0.0775,697,0.0334,-0.0393,0.8281,0.1375,-0.0184,0.0
202602,53053,"pierce, wa",636890.0,0.019,0.019,1545,0.0042,0.2446,51.0,-0.3608,0.0745,926,0.2184,0.1024,58,0.1154,0.0741,0.016,-0.0001,-0.0018,524.0,0.0315,0.1855,0.1512,-0.0005,0.0097,1043.0,0.2591,0.0241,316.0,0.0096,-0.0126,2107.0,0.019,0.0081,759381.0,0.0199,0.008,2590,0.0731,0.1443,0.675,0.1366,-0.1453,0.0
202602,53029,"island, wa",721000.0,0.0021,0.012,185,-0.0866,-0.0289,63.0,-0.3768,-0.0232,80,0.1765,-0.1489,0,,,0.0,0.0,0.0,48.0,0.0909,0.0435,0.1328,0.0078,0.0091,100.0,0.1307,-0.0197,360.0,0.0019,-0.0211,2034.0,-0.0208,0.0753,1040077.0,0.0211,-0.0077,286,-0.0387,-0.0189,0.5393,0.1037,0.0051,0.0
202602,53019,"ferry, wa",399900.0,0.0593,-0.0364,36,-0.0526,-0.1,140.0,0.0257,-0.1415,6,0.5,2.0,0,,,0.0,0.0,0.0,4.0,0.0,1.0,0.0913,-0.0039,0.0459,3.0,-0.375,0.25,217.0,-0.0546,-0.2318,1950.0,0.1285,0.143,536435.0,0.0388,0.0104,39,-0.0833,-0.0833,0.0694,-0.0358,0.0194,1.0
202602,53033,"king, wa",817500.0,0.0316,0.0225,3765,0.1489,0.4144,33.0,-0.5608,0.0156,2702,0.351,0.2237,32,0.1429,-0.2727,0.004,-0.0003,-0.0026,958.0,0.2807,0.4559,0.1177,0.0121,0.0237,1918.0,0.3956,-0.0925,532.0,0.0002,-0.0298,1642.0,0.0389,0.0659,1275084.0,0.0173,0.0147,5681,0.228,0.1941,0.5093,0.09,-0.2845,0.0
202602,53025,"grant, wa",411650.0,-0.0091,0.0065,311,-0.0143,0.08,88.0,-0.0737,-0.0904,74,0.0882,-0.3273,6,0.5,2.0,0.0123,0.0047,0.0088,56.0,0.0,0.2174,0.1151,0.0072,0.0268,110.0,0.0092,-0.12,249.0,-0.0074,-0.0396,1687.0,-0.0056,0.0227,491885.0,-0.011,0.0333,421,-0.0083,0.0281,0.3543,0.0082,-0.0805,0.0
202602,53021,"franklin, wa",499700.0,0.0095,-0.0181,196,-0.0126,0.1014,66.0,-0.0704,-0.1698,96,0.8462,0.7778,2,-0.5,,0.0055,-0.0074,0.0055,62.0,0.1923,0.069,0.1748,0.0065,-0.0156,80.0,0.5385,0.2598,260.0,0.0089,-0.0097,2088.0,0.0163,-0.0121,604638.0,0.0093,-0.0131,278,0.1347,0.1559,0.4092,0.1466,0.0515,1.0
202602,53007,"chelan, wa",593000.0,0.0932,0.1927,286,0.1216,0.0325,96.0,-0.2,-0.1688,104,0.4444,1.08,2,,,0.0039,0.0039,0.0039,46.0,0.6429,0.4375,0.0935,0.0302,0.0137,76.0,0.2258,-0.0256,316.0,-0.0068,0.0813,1580.0,0.0455,0.1527,695094.0,0.0009,0.1566,362,0.1313,0.0255,0.2657,0.0226,-0.0159,1.0
202602,53065,"stevens, wa",549000.0,0.0378,0.1558,149,-0.0357,0.1124,96.0,-0.1504,0.0971,36,0.2857,-0.1,0,,,0.0,0.0,0.0,22.0,1.75,0.375,0.0948,0.0579,0.0192,36.0,0.0758,-0.1013,249.0,0.0137,0.0064,2274.0,0.0308,0.1602,646824.0,0.0466,0.1389,183,-0.0317,0.0548,0.2391,0.0248,-0.0568,0.0
202602,53023,"garfield, wa",221250.0,-0.0167,-0.1418,12,0.0909,0.7143,159.0,0.0583,0.0496,0,,,0,,,0.0,0.0,0.0,4.0,,1.0,0.3333,0.3333,0.1333,2.0,0.3333,-0.3333,159.0,-0.0094,-0.2615,1338.0,0.0075,-0.0643,320188.0,-0.0575,-0.1126,12,-0.0769,0.2632,0.1667,0.0303,-0.2619,1.0
202602,53001,"adams, wa",374750.0,0.0447,0.0345,49,-0.0755,0.4627,116.0,-0.0043,-0.0355,6,-0.25,0.5,0,,,0.0,0.0,0.0,8.0,0.0,-0.2,0.1143,0.0047,-0.0564,16.0,0.1923,-0.2619,210.0,-0.0353,0.0811,1879.0,-0.0031,-0.1124,426583.0,0.0163,0.0153,65,-0.0152,0.1927,0.3163,0.071,-0.3105,0.0
202602,53067,"thurston, wa",562500.0,-0.0044,-0.0625,508,-0.0514,0.4542,52.0,-0.3882,0.253,280,0.0938,0.25,10,0.25,-0.375,0.0088,0.0002,-0.0088,188.0,0.2703,0.541,0.1654,0.0318,0.0342,363.0,0.3011,0.0772,300.0,0.0167,0.008,1953.0,-0.0008,-0.0713,603983.0,-0.0346,-0.1392,871,0.0363,0.2699,0.7153,0.1938,-0.2503,0.0
202602,53055,"san juan, wa",1235000.0,-0.0088,0.0656,93,0.0165,0.0947,131.0,-0.1225,0.2277,20,0.6667,-0.0909,0,,,0.0,0.0,0.0,6.0,-0.25,0.0,0.0447,-0.0267,-0.0112,16.0,0.1429,0.2308,661.0,0.0073,-0.0076,1879.0,-0.1103,-0.0287,1836072.0,0.0107,-0.087,109,0.0236,0.1186,0.173,0.0191,0.0191,0.0
202602,53059,"skamania, wa",737000.0,0.0919,0.0536,33,-0.1538,0.1579,145.0,0.0564,0.0157,6,0.5,0.0,0,,-1.0,0.0,0.0,-0.0417,10.0,0.25,0.25,0.1854,0.0115,-0.0197,14.0,1.25,0.8,311.0,-0.0885,-0.0491,1801.0,-0.0718,-0.1686,918800.0,-0.006,-0.0962,47,0.0109,0.3099,0.4091,0.2552,0.1459,0.0
202602,53041,"lewis, wa",509945.0,0.0201,0.0412,239,0.0214,0.0391,77.0,-0.235,-0.1818,86,0.2647,0.1622,2,-0.5,,0.0047,-0.0061,0.0047,74.0,0.0278,0.0278,0.1767,-0.007,-0.0095,89.0,0.1959,0.0793,285.0,0.0268,0.0309,1853.0,-0.0101,0.0209,609165.0,0.0483,0.0769,328,0.0684,0.0598,0.3703,0.0541,0.0138,0.0
202602,53073,"whatcom, wa",629750.0,-0.0297,-0.0282,543,0.0363,0.2285,57.0,-0.3925,-0.0342,224,0.1429,-0.0667,2,,-0.75,0.002,0.002,-0.0073,98.0,0.2895,-0.1091,0.1011,0.0092,-0.0178,204.0,0.106,-0.0729,389.0,0.0191,0.0124,1716.0,-0.0296,-0.0377,777619.0,-0.0172,-0.0208,747,0.0297,0.1285,0.3748,0.0236,-0.1218,0.0
202602,53009,"clallam, wa",539925.0,-0.0163,-0.0183,187,-0.0581,0.1804,70.0,-0.2644,-0.1079,82,0.2059,0.3667,2,,,0.0055,0.0055,0.0055,52.0,0.3,1.3636,0.1386,0.0264,0.0551,101.0,0.1824,0.3958,304.0,-0.0088,-0.0356,1873.0,0.0221,-0.0032,653020.0,0.005,-0.0881,285,0.0383,0.2397,0.5389,0.1096,0.0832,0.0
202602,53075,"whitman, wa",353750.0,0.0497,-0.1155,103,0.03,0.1839,57.0,-0.343,-0.2938,46,0.0455,0.2105,0,,,0.0,0.0,0.0,18.0,-0.25,0.125,0.1079,-0.0281,-0.0012,27.0,0.2857,0.4595,191.0,0.0088,-0.0716,2091.0,0.074,0.046,422042.0,0.0629,-0.0467,131,0.061,0.237,0.2621,0.0521,0.0495,1.0
202602,53043,"lincoln, wa",360000.0,0.0295,0.0361,57,-0.1308,0.2989,125.0,0.0101,0.223,12,0.0,5.0,0,,,0.0,0.0,0.0,12.0,0.0,5.0,0.1494,0.016,0.1143,18.0,0.8,0.5652,190.0,0.0706,-0.0016,1740.0,-0.0784,-0.1485,447561.0,0.0428,-0.0385,73,-0.0135,0.292,0.3186,0.1647,0.0542,1.0
202602,53071,"walla walla, wa",521000.0,0.0826,-0.048,142,-0.0374,0.5297,85.0,-0.0914,0.0596,56,0.4,0.2174,2,,,0.0065,0.0065,0.0065,34.0,0.2143,1.125,0.1175,0.0009,0.0429,86.0,0.1026,0.3231,253.0,0.0271,-0.006,2202.0,0.0211,-0.0305,659469.0,0.0164,-0.0112,228,0.0066,0.4444,0.6078,0.0772,-0.0949,0.0
202602,53027,"grays harbor, wa",392188.0,-0.007,-0.0193,407,-0.0216,0.1935,94.0,-0.1826,0.0994,138,0.4375,0.3019,2,,-0.6667,0.0031,0.0031,-0.0075,108.0,0.2857,0.35,0.1631,0.0325,0.0143,112.0,0.1989,0.0421,275.0,0.0231,0.0087,1462.0,-0.0068,-0.0097,512771.0,0.0021,0.1937,522,-0.0029,0.168,0.274,0.0504,-0.0398,0.0
202602,53045,"mason, wa",486000.0,0.0232,0.0114,178,0.0471,0.1672,81.0,-0.203,-0.0062,72,0.125,0.2414,0,,-1.0,0.0,0.0,-0.0073,46.0,-0.0417,0.15,0.1541,-0.0075,0.0146,55.0,0.0481,-0.2585,298.0,-0.0262,0.0069,1714.0,0.0321,0.0048,609987.0,0.0268,0.022,230,0.02,0.0132,0.3062,0.0003,-0.1758,0.0
202602,53047,"okanogan, wa",439675.0,-0.0685,-0.1022,143,0.0252,0.4322,138.0,0.0781,0.0337,32,0.6,1.6667,0,,,0.0,0.0,0.0,14.0,-0.125,-0.125,0.0723,-0.0151,-0.0312,27.0,0.2045,-0.0862,245.0,-0.0348,-0.1032,1698.0,-0.0322,-0.0377,541890.0,-0.0343,-0.2849,168,0.0469,0.2984,0.186,0.0277,-0.1055,1.0
202602,53049,"pacific, wa",425000.0,-0.0319,0.0001,168,0.0307,0.3386,133.0,0.0231,0.243,44,0.2222,0.8333,2,,,0.0085,0.0085,0.0085,24.0,-0.1429,0.0909,0.099,-0.0289,-0.0244,29.0,0.2391,-0.0952,303.0,0.0123,0.02,1435.0,-0.0033,-0.0302,499519.0,-0.0118,-0.0272,197,0.0565,0.2596,0.1696,0.0285,-0.0814,1.0
202602,53057,"skagit, wa",729060.0,0.0438,0.0726,241,0.0388,0.2618,61.0,-0.337,-0.1159,108,0.0385,0.08,2,-0.5,,0.0041,-0.0063,0.0041,56.0,-0.0667,0.0769,0.1233,-0.0137,-0.0084,114.0,0.2074,-0.0258,372.0,0.0098,0.0016,1972.0,0.0113,0.0134,850916.0,0.0206,0.0704,353,0.0368,0.1501,0.471,0.0658,-0.139,0.0
202602,53061,"snohomish, wa",779975.0,-0.0064,0.0033,1106,0.1456,0.529,32.0,-0.5625,-0.0455,836,0.2981,0.1943,36,0.0,-0.1429,0.0136,-0.0079,-0.0055,330.0,0.1458,0.2222,0.1224,-0.0135,-0.0002,784.0,0.4438,-0.09,409.0,0.0126,-0.0046,1937.0,-0.0155,0.011,920530.0,-0.001,0.0152,1892,0.2398,0.1944,0.7092,0.1465,-0.4824,0.0
202602,53011,"clark, wa",644450.0,-0.0084,-0.0433,1282,0.0322,0.1783,51.0,-0.3419,-0.3704,636,0.0192,0.2669,184,0.4839,0.15,0.0677,0.0178,-0.0013,632.0,0.0748,0.4234,0.233,-0.0099,0.0415,746.0,0.2384,0.029,318.0,-0.0036,-0.0033,2107.0,-0.012,-0.0163,803693.0,-0.0136,-0.0435,2037,0.105,0.1295,0.5815,0.0968,-0.0844,0.0
202602,53003,"asotin, wa",440748.0,0.0086,0.1021,81,0.0125,0.2366,75.0,-0.3096,0.2438,34,0.7,1.4286,0,,,0.0,0.0,0.0,20.0,-0.1667,0.1111,0.1526,-0.0335,-0.017,19.0,-0.075,-0.3019,213.0,-0.0033,0.0335,2047.0,0.0235,0.0923,499158.0,-0.0173,0.0935,100,-0.005,0.0934,0.2284,-0.0216,-0.1762,1.0
202602,53005,"benton, wa",499890.0,-0.0002,-0.0292,699,0.0123,0.2947,74.0,-0.0813,0.0068,256,0.2075,0.2075,12,0.5,0.5,0.0106,0.0031,0.0016,174.0,0.061,0.3594,0.155,0.0002,0.0118,183.0,0.2621,0.2039,271.0,0.0,0.0092,1918.0,-0.0116,-0.0364,571469.0,-0.0107,-0.0035,881,0.0551,0.2704,0.262,0.0518,-0.0198,0.0
202602,53069,"wahkiakum, wa",590750.0,-0.0153,0.2389,22,0.075,-0.0652,103.0,-0.2865,1.3621,8,,-0.4286,0,,,0.0,0.0,0.0,6.0,0.5,0.5,0.1556,0.0074,0.0456,4.0,0.1667,0.75,315.0,0.1753,0.1331,1843.0,-0.1709,0.1773,593523.0,-0.0095,-0.0045,25,0.1364,-0.0196,0.1628,0.0128,0.0758,1.0
202602,53063,"spokane, wa",467500.0,0.0163,-0.0311,1249,0.0004,0.3233,38.0,-0.1915,-0.0617,614,0.0887,0.3064,16,0.0,-0.2,0.0063,-0.0005,-0.0034,354.0,0.1063,0.3209,0.1352,0.002,0.007,718.0,0.2744,0.109,233.0,0.0241,-0.0077,2082.0,-0.0252,-0.0239,579930.0,0.0224,-0.0206,1966,0.077,0.2393,0.5747,0.1236,-0.1111,0.0
202602,53037,"kittitas, wa",837500.0,-0.0256,0.1689,254,0.0496,0.1651,97.0,-0.0806,-0.0348,70,0.25,-0.0278,0,-1.0,,0.0,-0.0105,0.0,42.0,0.3125,0.4,0.1155,0.0219,0.0256,52.0,0.0729,-0.1825,428.0,-0.0114,-0.0077,2137.0,-0.0054,0.1057,1061751.0,-0.0109,-0.0346,304,0.0305,0.0819,0.2028,0.0044,-0.0862,0.0
202602,53017,"douglas, wa",614500.0,-0.016,-0.0087,85,-0.0611,0.1118,76.0,-0.2488,-0.2053,40,0.6667,1.0,0,,,0.0,0.0,0.0,12.0,-0.4,-0.1429,0.0694,-0.0701,-0.0226,46.0,0.3939,-0.0612,308.0,0.0095,0.0349,2150.0,0.0178,0.0096,681174.0,0.0371,-0.0729,131,0.0234,0.0565,0.5444,0.1777,-0.1004,1.0
202602,53013,"columbia, wa",345000.0,-0.0282,-0.0105,19,-0.05,0.2667,127.0,0.4912,0.2336,0,-1.0,,0,,,0.0,0.0,0.0,0.0,-1.0,-1.0,0.0,-0.2759,-0.1739,6.0,0.1,-0.3125,173.0,0.0232,0.0258,2161.0,0.0539,0.0262,443200.0,0.0447,0.0595,24,-0.06,0.0,0.2895,0.0395,-0.2439,0.0
202602,53031,"jefferson, wa",649623.0,-0.0006,-0.1393,112,0.009,0.6,103.0,-0.1048,-0.0682,42,0.75,0.5,0,,,0.0,0.0,0.0,24.0,-0.3333,3.0,0.1286,-0.0993,0.0805,34.0,0.3077,0.193,365.0,0.0044,-0.0136,1730.0,-0.0157,-0.1722,834439.0,-0.041,-0.2083,148,0.0571,0.5102,0.3036,0.0693,-0.1036,1.0
202602,53051,"pend oreille, wa",481000.0,-0.1433,-0.0374,57,0.0463,0.3294,78.0,-0.2548,-0.3225,22,0.8333,1.75,0,,,0.0,0.0,0.0,16.0,3.0,7.0,0.2051,0.1586,0.1728,11.0,-0.3,-0.25,266.0,-0.1014,-0.0303,2102.0,-0.0267,0.1111,691345.0,-0.1501,-0.1352,67,-0.0362,0.1667,0.1858,-0.0919,-0.1436,1.0
202602,53039,"klickitat, wa",592000.0,0.0734,-0.1537,64,-0.0725,0.1327,139.0,-0.0229,-0.028,20,0.25,0.25,4,,1.0,0.035,0.035,0.0125,14.0,-0.4167,0.0,0.1373,-0.1127,-0.0347,26.0,0.3,1.08,295.0,-0.0265,-0.1222,1748.0,0.0069,-0.2026,788796.0,0.0415,-0.165,91,0.0056,0.3212,0.4063,0.1164,0.185,1.0
202602,53077,"yakima, wa",425000.0,0.0064,0.0626,421,-0.0047,0.2681,69.0,-0.1266,0.1358,182,0.569,0.3382,0,-1.0,-1.0,0.0,-0.0112,-0.0033,100.0,-0.1071,0.2195,0.1311,-0.0402,-0.0025,155.0,0.2302,0.0,243.0,0.0073,0.0171,1769.0,-0.002,0.0267,478482.0,0.0111,-0.0148,573,0.0447,0.1804,0.3682,0.0703,-0.0987,0.0
202601,53075,"whitman, wa",337000.0,0.006,-0.1516,100,-0.061,0.2048,86.0,-0.0255,-0.1527,44,1.4444,0.5714,0,-1.0,,0.0,-0.0137,0.0,24.0,1.4,0.3333,0.1359,0.0691,0.0041,21.0,0.0769,0.1667,189.0,0.0076,-0.0816,1947.0,0.0293,-0.049,397073.0,0.0565,-0.0952,123,-0.0315,0.2178,0.21,0.0269,-0.0069,1.0
202601,53003,"asotin, wa",437000.0,0.0376,0.1135,80,-0.0909,0.1511,109.0,0.014,0.8957,20,-0.0909,-0.3333,0,,,0.0,0.0,0.0,24.0,0.7143,0.0909,0.186,0.0872,-0.0175,20.0,-0.2727,-0.0244,213.0,0.005,0.0093,2000.0,0.0129,0.0438,507961.0,0.0345,0.1167,100,-0.1379,0.1173,0.25,-0.0625,-0.045,0.0
202601,53013,"columbia, wa",355000.0,-0.0527,0.0016,20,-0.0698,0.4815,85.0,-0.0087,-0.1646,4,0.0,0.0,0,,,0.0,0.0,0.0,8.0,1.0,,0.2759,0.163,0.2759,5.0,-0.2308,-0.3333,169.0,-0.0714,0.0001,2051.0,-0.0622,-0.161,424243.0,-0.0607,-0.0128,25,-0.1228,0.1905,0.25,-0.0523,-0.3056,0.0
202601,53073,"whatcom, wa",649000.0,-0.0007,-0.0015,524,-0.1288,0.2703,93.0,0.0941,0.1553,196,0.96,0.0769,0,,-1.0,0.0,0.0,-0.0023,76.0,-0.0732,-0.0952,0.0918,0.0018,-0.0102,184.0,-0.1259,-0.0491,381.0,0.0084,-0.0248,1768.0,0.0051,-0.0013,791241.0,0.0091,-0.0039,725,-0.106,0.2023,0.3511,0.0012,-0.1179,0.0
202601,53061,"snohomish, wa",785000.0,0.0295,0.0104,965,-0.1231,0.3393,72.0,0.1429,0.3649,644,1.5354,-0.0774,36,1.25,-0.1429,0.0215,0.0126,0.0022,288.0,0.1901,0.1613,0.1359,0.0153,0.0096,543.0,-0.1535,-0.2692,404.0,-0.0012,-0.0051,1968.0,0.0163,0.0113,921418.0,0.0219,0.0188,1526,-0.122,0.0427,0.5627,-0.0202,-0.4685,0.0
202601,53071,"walla walla, wa",481250.0,-0.0143,-0.0807,147,-0.0982,0.5474,93.0,0.0109,0.1138,40,0.1111,0.3333,0,,,0.0,0.0,0.0,28.0,0.1667,-0.0667,0.1167,0.0181,-0.0466,78.0,0.2188,0.322,246.0,-0.0041,-0.0514,2156.0,0.0135,0.0029,648808.0,0.0023,-0.0287,226,0.0157,0.4581,0.5306,0.138,-0.0904,0.0
202601,53057,"skagit, wa",698500.0,0.0272,0.0288,232,-0.1439,0.199,92.0,0.1288,0.2475,104,0.8571,0.1304,4,1.0,1.0,0.0104,0.0064,0.0046,60.0,0.6667,0.4286,0.137,0.0572,0.0273,94.0,-0.1826,-0.1336,369.0,0.019,-0.0025,1950.0,-0.0015,-0.0272,833709.0,0.0379,0.0228,340,-0.1349,0.1314,0.4052,-0.0192,-0.1556,0.0
202601,53027,"grays harbor, wa",394950.0,0.0159,-0.0124,416,-0.1663,0.2146,115.0,0.1031,0.2637,96,0.6,-0.04,0,-1.0,-1.0,0.0,-0.0035,-0.0073,84.0,0.0769,0.0244,0.1306,0.0115,-0.0273,93.0,0.0629,-0.0053,269.0,-0.003,-0.0207,1472.0,0.0005,0.0031,511711.0,0.0065,0.1958,523,-0.1083,0.1995,0.2236,0.0482,-0.0494,0.0
202601,53021,"franklin, wa",495000.0,0.0157,0.0144,198,-0.0388,0.0617,71.0,0.1051,-0.1041,52,-0.1875,-0.2973,4,,,0.0129,0.0129,0.0129,52.0,0.2381,0.0833,0.1683,0.041,0.017,52.0,0.1556,-0.028,258.0,0.0005,-0.0211,2055.0,-0.004,0.0637,599057.0,0.0144,0.0047,245,-0.0278,0.0,0.2626,0.0442,-0.0242,0.0
202601,53069,"wahkiakum, wa",599900.0,-0.0202,0.1677,20,-0.1489,0.3333,144.0,0.0323,-0.0588,0,,-1.0,0,,,0.0,0.0,0.0,4.0,-0.3333,1.0,0.1481,-0.0397,0.0305,3.0,-0.4545,0.5,268.0,-0.0636,-0.0021,2223.0,0.0179,0.0726,599200.0,-0.0407,-0.0469,22,-0.2281,0.2941,0.15,-0.084,0.0167,1.0
202601,53011,"clark, wa",649900.0,0.0007,-0.0393,1242,-0.0861,0.1405,78.0,-0.0313,-0.0313,624,0.8909,0.2683,124,-0.2706,-0.4038,0.0499,-0.0199,-0.045,588.0,0.1903,0.3009,0.2429,0.0322,0.0374,602.0,-0.0795,-0.1199,319.0,0.0142,0.011,2132.0,-0.0092,-0.0247,814787.0,-0.0035,-0.0482,1843,-0.0829,0.043,0.4847,0.0035,-0.1434,0.0
202601,53059,"skamania, wa",675000.0,-0.0217,-0.0353,39,-0.1136,0.4444,138.0,0.1294,0.0496,4,0.0,-0.3333,0,-1.0,,0.0,-0.0588,0.0,8.0,0.3333,3.0,0.1739,0.0595,0.1295,6.0,-0.25,-0.3684,341.0,-0.0094,0.0275,1940.0,-0.0106,-0.114,924375.0,0.0193,-0.1276,46,-0.1238,0.2603,0.1538,-0.028,-0.198,0.0
202601,53077,"yakima, wa",422300.0,0.0083,0.03,423,-0.0962,0.2799,79.0,0.0972,0.1367,116,0.2889,-0.0492,8,,,0.0112,0.0112,0.0112,112.0,0.3023,0.6471,0.1713,0.0495,0.0565,126.0,-0.1515,0.037,241.0,0.0058,0.01,1772.0,-0.011,-0.0067,473207.0,-0.0206,-0.0202,548,-0.1097,0.211,0.2979,-0.0194,-0.0698,0.0
202601,53031,"jefferson, wa",650000.0,-0.0552,-0.0934,111,-0.1429,0.5857,115.0,0.1144,0.0802,24,1.4,0.0909,0,,,0.0,0.0,0.0,36.0,1.25,2.0,0.2278,0.1354,0.1283,26.0,-0.1746,-0.1333,363.0,0.0034,-0.0241,1757.0,-0.0403,-0.1625,870107.0,0.0039,-0.1538,140,-0.1358,0.3861,0.2342,-0.009,-0.1943,0.0
202601,53051,"pend oreille, wa",561450.0,0.0116,0.1548,54,-0.2059,-0.0357,105.0,-0.2135,-0.1139,12,1.0,2.0,0,,,0.0,0.0,0.0,4.0,-0.5,-0.3333,0.0465,-0.0405,-0.0442,15.0,-0.1429,0.4286,296.0,0.0045,0.1542,2160.0,0.0035,0.1297,813442.0,0.0015,0.1841,69,-0.2023,0.0615,0.2778,0.0204,0.0903,1.0
202601,53055,"san juan, wa",1246000.0,0.0184,0.1137,91,-0.2632,0.1519,149.0,0.1825,0.2365,12,2.0,-0.3333,0,,,0.0,0.0,0.0,8.0,0.3333,0.3333,0.0714,0.0305,0.023,14.0,-0.3333,-0.1515,656.0,0.0105,0.0407,2112.0,0.0737,0.0957,1816694.0,0.0312,-0.0426,106,-0.2664,0.1042,0.1538,-0.0162,-0.055,0.0
202601,53025,"grant, wa",415450.0,0.0155,0.0252,315,-0.0639,0.1053,95.0,0.0243,-0.0547,68,-0.0556,-0.1707,4,,1.0,0.0076,0.0076,0.0032,56.0,0.75,0.1667,0.1079,0.0477,-0.0038,109.0,-0.0992,0.09,251.0,0.0,-0.0255,1696.0,0.0147,0.0334,497342.0,0.0024,0.039,424,-0.0783,0.1042,0.346,-0.0136,-0.0048,0.0
202601,53063,"spokane, wa",460000.0,-0.0228,-0.0416,1248,-0.1342,0.2164,47.0,-0.2656,-0.338,564,0.7195,0.2051,16,0.0,0.1429,0.0068,0.0004,0.0001,320.0,-0.0476,0.2903,0.1332,-0.0065,0.011,563.0,-0.0433,0.0455,227.0,0.0081,-0.0165,2136.0,-0.0211,-0.0037,567243.0,-0.0264,-0.0346,1825,-0.0981,0.1554,0.4511,0.0429,-0.0737,0.0
202601,53047,"okanogan, wa",472000.0,-0.0135,-0.041,139,-0.1775,0.39,128.0,0.1429,0.0449,20,0.6667,-0.0909,0,,,0.0,0.0,0.0,16.0,0.1429,0.6,0.0874,0.0214,0.0227,22.0,-0.1852,-0.1538,254.0,-0.0226,-0.0434,1754.0,-0.0265,0.0078,561125.0,-0.0331,-0.276,160,-0.1858,0.2549,0.1583,-0.0015,-0.1017,0.0
202601,53033,"king, wa",792475.0,-0.0082,0.0225,3277,-0.0646,0.3657,74.0,0.0882,0.1563,2000,1.7855,0.003,28,0.4,-0.5484,0.0043,0.0004,-0.0065,748.0,0.3852,0.433,0.1056,0.0148,0.0091,1374.0,-0.163,-0.132,532.0,0.0064,-0.0093,1580.0,-0.0147,0.0436,1253344.0,-0.0069,0.0005,4626,-0.1002,0.1638,0.4193,-0.0492,-0.2404,0.0
202601,53001,"adams, wa",358700.0,-0.0122,-0.0035,53,-0.0619,0.3766,116.0,0.2083,-0.0453,8,0.0,0.0,0,,,0.0,0.0,0.0,8.0,0.0,-0.5,0.1096,0.0182,-0.1216,13.0,-0.2973,-0.3158,218.0,0.0038,0.0588,1885.0,0.0698,0.0515,419724.0,-0.0243,0.0311,66,-0.12,0.1681,0.2453,-0.0822,-0.2482,0.0
202601,53009,"clallam, wa",548888.0,-0.0001,-0.002,198,-0.0388,0.2185,96.0,0.1975,0.2819,68,1.125,-0.0556,0,,-1.0,0.0,0.0,-0.0127,40.0,0.1765,0.1765,0.1122,0.0007,-0.0185,85.0,-0.0286,0.3178,306.0,-0.0083,-0.0284,1832.0,-0.0033,-0.0335,649768.0,-0.0149,-0.0917,274,-0.047,0.2232,0.4293,0.0045,0.0324,0.0
202601,53043,"lincoln, wa",349700.0,-0.0318,-0.0147,65,-0.0909,0.3684,124.0,0.0082,0.2475,12,5.0,0.0,0,,,0.0,0.0,0.0,12.0,0.2,0.5,0.1333,0.0261,0.0144,10.0,-0.1304,-0.0476,178.0,-0.0091,-0.0438,1888.0,-0.101,-0.0756,429190.0,-0.0428,-0.0838,74,-0.1138,0.287,0.1538,-0.007,-0.0672,0.0
202601,53067,"thurston, wa",564975.0,0.0054,-0.0504,535,-0.1287,0.4153,85.0,0.1333,0.2782,256,0.9692,0.0407,8,3.0,0.0,0.0086,0.0068,-0.0002,148.0,0.48,0.2333,0.1336,0.0371,-0.0154,279.0,-0.0018,0.1923,295.0,-0.0046,0.0112,1954.0,0.0048,-0.0744,625599.0,-0.0039,-0.1079,840,-0.0599,0.3692,0.5215,0.0663,-0.0976,0.0
202601,53049,"pacific, wa",439000.0,0.0,0.0441,163,-0.1068,0.2885,130.0,0.0879,0.1454,36,1.5714,0.2857,0,,,0.0,0.0,0.0,28.0,0.2727,-0.125,0.1279,0.028,-0.0382,23.0,0.0222,-0.1636,300.0,-0.0111,0.0001,1440.0,0.0014,0.0186,505495.0,-0.0043,0.0219,186,-0.086,0.1961,0.1411,0.0178,-0.0763,0.0
202601,53065,"stevens, wa",529000.0,0.0319,0.1322,154,-0.1299,0.0132,113.0,0.061,-0.0464,28,0.5556,-0.1765,0,,,0.0,0.0,0.0,8.0,-0.2,-0.6,0.0369,-0.0078,-0.056,33.0,-0.0149,0.1379,246.0,-0.0038,0.0081,2206.0,0.0374,0.1514,618019.0,0.039,0.1079,189,-0.1,0.05,0.2143,0.025,0.0235,0.0
202601,53015,"cowlitz, wa",455000.0,-0.0075,-0.0288,290,-0.0538,0.0469,92.0,0.092,0.0544,112,1.0741,0.5135,20,-0.375,-0.3333,0.0384,-0.0231,-0.023,96.0,0.1707,-0.0204,0.1991,0.0381,-0.0047,101.0,-0.2078,-0.0818,274.0,0.0059,-0.0289,1741.0,-0.0365,-0.0236,570909.0,0.0027,-0.0123,396,-0.0823,0.0167,0.3483,-0.0677,-0.0488,0.0
202601,53045,"mason, wa",475000.0,0.0411,0.0194,170,-0.1349,0.0592,101.0,0.0978,0.1609,64,0.7778,0.1034,0,-1.0,,0.0,-0.0061,0.0,48.0,0.0,0.1429,0.1616,0.007,0.0179,52.0,-0.2353,-0.3158,306.0,0.0118,0.0378,1661.0,-0.0027,-0.0315,594065.0,-0.0039,0.0349,225,-0.1493,-0.0466,0.3059,-0.0402,-0.1676,0.0
202601,53005,"benton, wa",499999.0,-0.0041,-0.0351,690,-0.1016,0.2557,80.0,0.1511,0.0811,212,0.6061,0.0392,8,-0.4286,-0.3333,0.0076,-0.0052,-0.0058,164.0,0.4909,0.2813,0.1549,0.0501,0.0036,145.0,-0.0365,0.234,271.0,0.0167,0.0083,1940.0,-0.0227,-0.0429,577675.0,0.0032,-0.0025,835,-0.0894,0.2444,0.2101,0.0142,-0.0037,0.0
202601,53029,"island, wa",719500.0,0.001,0.0323,202,-0.2216,0.1099,102.0,0.1093,0.3533,68,0.619,-0.3333,0,,-1.0,0.0,0.0,-0.0049,44.0,0.0476,0.2222,0.125,0.0221,0.018,88.0,0.0932,0.0476,360.0,-0.0091,-0.0134,2077.0,0.0211,0.0571,1018590.0,-0.0231,-0.0265,297,-0.1265,0.1186,0.4356,0.1254,-0.0259,0.0
202601,53017,"douglas, wa",624500.0,0.0671,0.0001,90,-0.1429,0.0405,101.0,0.2369,0.2803,24,0.2,-0.1429,0,-1.0,,0.0,-0.0121,0.0,20.0,0.25,-0.0909,0.1395,0.042,-0.0145,33.0,-0.0704,0.2222,305.0,-0.0072,0.0405,2112.0,0.0307,0.0328,656831.0,-0.0051,-0.1084,128,-0.0922,0.1179,0.3667,0.0286,0.0545,0.0
202601,53037,"kittitas, wa",859500.0,0.0056,0.2127,242,-0.1597,0.1335,106.0,0.0684,-0.0495,56,0.4,-0.0345,4,,1.0,0.0105,0.0105,0.0044,32.0,0.1429,-0.2381,0.0936,0.0251,-0.0402,48.0,-0.2258,-0.1864,433.0,-0.0034,0.0083,2148.0,-0.0074,0.1101,1073450.0,-0.0288,-0.0094,295,-0.1559,0.0886,0.1983,-0.0169,-0.078,0.0
202601,53007,"chelan, wa",542450.0,-0.0639,0.0392,255,-0.2877,-0.1327,120.0,0.1009,0.0169,72,1.0,0.0588,0,,-1.0,0.0,0.0,-0.0044,28.0,-0.2222,-0.2632,0.0633,-0.0098,-0.0244,62.0,-0.1842,-0.0815,318.0,-0.0407,0.0352,1511.0,-0.05,0.0548,694437.0,-0.0875,0.0995,320,-0.261,-0.1172,0.2431,0.0308,0.0135,0.0
202601,53053,"pierce, wa",624990.0,0.0041,0.0041,1538,-0.1221,0.2339,79.0,0.1367,0.2441,760,0.7117,0.0383,52,0.7333,-0.1034,0.0161,0.0053,-0.0034,508.0,0.3026,0.2038,0.1517,0.0258,0.0075,828.0,-0.0836,-0.0422,313.0,-0.0012,-0.0174,2068.0,0.0023,-0.0034,744573.0,0.004,0.0017,2413,-0.091,0.1455,0.5384,0.0227,-0.1552,0.0
202601,53035,"kitsap, wa",635000.0,0.0001,-0.0078,391,-0.1794,0.0182,73.0,0.0896,-0.0201,200,0.2195,0.0309,12,0.2,-0.5385,0.0142,0.0028,-0.0126,136.0,0.0794,0.1724,0.1608,0.0268,0.0204,270.0,-0.0909,-0.0878,306.0,-0.0185,-0.0149,2141.0,0.0207,0.0514,778062.0,0.0038,-0.009,674,-0.1275,-0.011,0.6905,0.0672,-0.0803,0.0
202601,53039,"klickitat, wa",551500.0,-0.0864,-0.1466,69,-0.2114,0.1129,142.0,0.0441,0.0923,16,-0.1111,0.6,0,,-1.0,0.0,0.0,-0.0674,24.0,0.2,1.0,0.25,0.0956,0.1048,20.0,0.0,0.7391,303.0,-0.056,-0.0804,1736.0,-0.0131,-0.1897,757341.0,-0.0829,-0.1485,90,-0.1781,0.2245,0.2899,0.0613,0.1044,1.0
202601,53019,"ferry, wa",377500.0,0.0,-0.0793,38,-0.1648,-0.013,136.0,0.0794,-0.0181,4,,0.0,0,,,0.0,0.0,0.0,4.0,,,0.0952,0.0952,0.0952,4.0,-0.3846,0.1429,230.0,0.0345,-0.1447,1728.0,0.0,-0.0226,516397.0,0.0607,-0.0183,42,-0.1845,0.0,0.1053,-0.0376,0.0144,0.0
202601,53023,"garfield, wa",225000.0,-0.1412,-0.0813,11,0.1579,0.2222,150.0,0.0676,0.217,0,,,0,,,0.0,0.0,0.0,0.0,,-1.0,0.0,0.0,-0.375,2.0,0.0,-0.4,161.0,-0.0314,-0.2197,1328.0,-0.2121,-0.1531,339718.0,-0.0629,0.0241,13,0.1818,0.1818,0.1364,-0.0215,-0.1414,0.0
202601,53041,"lewis, wa",499900.0,0.0115,0.0151,234,-0.0877,-0.0168,100.0,0.0152,-0.005,68,0.7895,-0.0286,4,0.0,1.0,0.0107,0.0012,0.0054,72.0,0.3846,0.0909,0.1837,0.0527,0.0058,74.0,-0.2371,0.0,278.0,0.0025,-0.0077,1872.0,0.0213,0.0603,581071.0,0.0117,0.038,307,-0.1291,-0.0129,0.3162,-0.0619,0.0053,0.0
202512,53023,"garfield, wa",262000.0,-0.026,0.0611,10,-0.3214,-0.1739,141.0,0.2325,0.5108,0,,,0,,,0.0,0.0,0.0,0.0,-1.0,,0.0,-0.2667,0.0,2.0,0.5,-0.25,166.0,-0.0139,-0.1132,1686.0,-0.0467,0.0508,362505.0,-0.0254,-0.0881,11,-0.2143,-0.1538,0.1579,0.0865,-0.016,0.0
202512,53059,"skamania, wa",690000.0,0.0,-0.0142,44,-0.0222,0.4194,122.0,0.1273,-0.0142,4,-0.5,1.0,4,,,0.0588,0.0588,0.0588,6.0,-0.7,0.5,0.1144,-0.1596,0.0235,8.0,-0.6364,-0.2381,344.0,0.0297,0.0523,1961.0,-0.0403,-0.1213,906873.0,-0.0256,-0.1562,53,-0.2164,0.25,0.1818,-0.3071,-0.1569,1.0
202512,53035,"kitsap, wa",634913.0,-0.0269,-0.0156,477,-0.1305,0.0507,67.0,0.0469,0.0469,164,-0.3167,0.0,10,-0.1667,-0.4444,0.0114,-0.0007,-0.0088,126.0,-0.3438,0.0161,0.1339,-0.0243,0.0072,297.0,-0.1538,-0.1391,312.0,-0.0105,-0.0099,2098.0,-0.0189,0.0446,775151.0,-0.0692,-0.0247,773,-0.1631,-0.0326,0.6233,-0.0172,-0.1375,0.0
202512,53005,"benton, wa",502038.0,-0.0124,-0.0142,768,-0.0824,0.2843,70.0,0.1393,-0.0071,132,-0.3529,-0.0833,14,0.1667,2.5,0.0127,0.003,0.0082,110.0,-0.5,0.3415,0.1048,-0.0787,0.0075,151.0,-0.0353,0.249,267.0,0.0134,-0.0001,1985.0,-0.0284,-0.0193,575838.0,-0.0057,-0.003,917,-0.0737,0.2701,0.196,0.0096,-0.0055,0.0
202512,53057,"skagit, wa",680000.0,0.0074,0.0119,271,-0.2323,0.2071,82.0,0.1319,0.1519,56,-0.3,0.3333,2,,,0.004,0.004,0.004,36.0,-0.6538,-0.28,0.0797,-0.103,-0.0437,115.0,-0.1016,-0.0129,362.0,-0.0004,-0.0253,1953.0,-0.0116,-0.0106,803276.0,-0.0134,-0.0115,393,-0.1813,0.1525,0.4244,0.0617,-0.0946,0.0
202512,53065,"stevens, wa",512625.0,0.0418,0.0705,177,-0.1955,0.1419,107.0,0.1152,-0.0184,18,-0.1,-0.1818,0,,,0.0,0.0,0.0,10.0,-0.75,-0.375,0.0447,-0.074,-0.0356,34.0,-0.4417,0.1356,247.0,0.0144,0.0064,2127.0,-0.003,0.0606,594837.0,0.019,0.019,210,-0.2473,0.123,0.1893,-0.0835,-0.0011,0.0
202512,53049,"pacific, wa",439000.0,0.0329,0.0908,183,-0.1667,0.1928,120.0,0.149,0.1274,14,0.1667,-0.5625,0,,,0.0,0.0,0.0,22.0,-0.3889,-0.3529,0.0999,-0.0242,-0.0501,23.0,-0.3382,-0.2857,303.0,-0.0009,-0.0007,1438.0,0.0166,0.0242,507654.0,0.0136,0.0271,204,-0.2051,0.103,0.1233,-0.032,-0.0826,0.0
202512,53007,"chelan, wa",579500.0,-0.0802,0.0556,358,-0.1882,0.0453,109.0,0.1474,-0.0522,36,-0.4375,-0.0526,0,,,0.0,0.0,0.0,36.0,-0.4706,-0.0526,0.0732,-0.0474,-0.0107,76.0,-0.1163,0.0704,332.0,-0.0418,0.0601,1591.0,-0.0611,0.0326,760998.0,-0.0402,0.1203,433,-0.1768,0.0472,0.2123,0.0173,0.005,0.0
202512,53067,"thurston, wa",561950.0,-0.0141,-0.0523,614,-0.1669,0.5274,75.0,0.3158,0.1905,130,-0.3229,-0.058,2,-0.8333,-0.5,0.0018,-0.0082,-0.0033,100.0,-0.6622,0.087,0.0966,-0.1311,-0.0152,280.0,-0.1266,0.0352,296.0,0.0163,0.0002,1945.0,-0.0339,-0.0715,628034.0,-0.0326,-0.1035,894,-0.1499,0.3296,0.4552,0.021,-0.2164,0.0
202512,53061,"snohomish, wa",762473.0,-0.0162,-0.0098,1101,-0.2639,0.3487,63.0,0.2353,0.1455,254,-0.5432,-0.306,16,-0.3333,-0.3333,0.0089,-0.0018,-0.0019,242.0,-0.5739,0.1,0.1206,-0.0799,0.0104,642.0,-0.1807,-0.2153,404.0,-0.0054,-0.0083,1936.0,-0.0107,0.0096,901657.0,0.0092,-0.0017,1738,-0.2347,0.0653,0.5829,0.0592,-0.4189,0.0
202512,53045,"mason, wa",456238.0,-0.0495,-0.0593,197,-0.1947,0.0397,92.0,0.1288,0.2391,36,-0.1818,0.2,2,,0.0,0.0061,0.0061,-0.0002,48.0,-0.25,0.6,0.1546,-0.0193,0.0532,68.0,-0.1605,-0.1953,303.0,-0.0129,0.0252,1666.0,-0.0412,-0.0095,596407.0,-0.0257,0.0361,265,-0.1836,-0.0347,0.3461,0.0141,-0.101,0.0
202512,53069,"wahkiakum, wa",612250.0,-0.0084,0.0549,24,-0.0962,0.2051,140.0,0.2624,-0.0669,0,-1.0,-1.0,0,,,0.0,0.0,0.0,6.0,0.5,2.0,0.1879,0.0545,0.1189,6.0,0.8333,1.75,286.0,0.0355,0.072,2184.0,0.1246,0.0828,624608.0,0.0219,-0.0011,29,-0.0172,0.3902,0.234,0.1187,0.1315,1.0
202512,53043,"lincoln, wa",361175.0,-0.0105,0.0285,72,-0.1782,0.4592,123.0,0.3032,0.408,2,-0.5,-0.8,0,,-1.0,0.0,0.0,-0.0286,10.0,-0.1667,1.5,0.1073,-0.0152,0.0502,12.0,-0.1154,-0.0417,179.0,-0.048,0.0214,2100.0,-0.0625,-0.0144,448402.0,-0.0135,-0.0145,84,-0.1566,0.3577,0.1608,0.0114,-0.0841,1.0
202512,53013,"columbia, wa",374750.0,-0.0266,0.1357,22,-0.0652,0.3438,86.0,0.0394,-0.1382,4,0.0,,0,,,0.0,0.0,0.0,4.0,0.0,,0.1129,0.0129,0.1129,7.0,-0.35,0.0833,182.0,0.0214,0.0615,2187.0,-0.0338,0.0676,451650.0,-0.0213,0.0669,29,-0.1857,0.2955,0.3023,-0.1325,-0.0727,0.0
202512,53071,"walla walla, wa",488225.0,-0.0788,-0.0418,163,-0.0894,0.3932,92.0,0.1288,0.2105,36,0.0,0.3846,0,,-1.0,0.0,0.0,-0.008,24.0,-0.5,-0.3333,0.0986,-0.0647,-0.0842,64.0,-0.1233,0.1963,247.0,-0.0107,-0.0176,2127.0,-0.0188,-0.0047,647307.0,-0.0191,0.0297,223,-0.1206,0.305,0.3926,-0.0152,-0.0646,0.0
202512,53031,"jefferson, wa",688000.0,-0.0157,-0.0404,130,-0.2104,0.4551,103.0,0.1048,0.2088,10,-0.7222,-0.5,0,,,0.0,0.0,0.0,16.0,-0.6,0.1429,0.0924,-0.0778,0.0008,32.0,-0.2125,-0.137,362.0,-0.044,-0.0265,1831.0,-0.0133,-0.1299,866685.0,-0.0284,-0.1287,162,-0.2136,0.296,0.2432,-0.0007,-0.1669,0.0
202512,53009,"clallam, wa",548944.0,-0.0001,-0.0444,206,-0.176,0.1942,80.0,0.0925,0.16,32,-0.3846,-0.3333,0,-1.0,,0.0,-0.0089,0.0,34.0,-0.5,0.2143,0.1115,-0.0393,0.0126,88.0,-0.1745,0.0802,309.0,-0.011,-0.0222,1838.0,0.0172,-0.0559,659629.0,-0.0286,-0.0917,288,-0.1809,0.1523,0.4248,0.0008,-0.0448,0.0
202512,53001,"adams, wa",363125.0,0.0019,0.0122,57,-0.0424,0.2841,96.0,0.2308,-0.1273,8,-0.6,1.0,0,,,0.0,0.0,0.0,8.0,-0.3333,0.3333,0.0914,-0.035,-0.0026,19.0,0.0278,0.2759,217.0,0.0593,-0.0291,1762.0,-0.0011,-0.0013,430183.0,-0.0101,0.0847,75,-0.026,0.3043,0.3274,0.0223,-0.0021,1.0
202512,53015,"cowlitz, wa",458425.0,-0.0032,-0.0729,307,-0.1626,-0.0113,84.0,0.1866,0.0531,54,-0.4808,-0.1818,32,0.6,0.7778,0.0615,0.0303,0.0244,82.0,-0.5233,-0.0465,0.161,-0.1265,-0.0062,128.0,-0.1146,0.0851,273.0,-0.004,-0.0291,1807.0,-0.0039,-0.0171,569382.0,-0.0005,-0.0303,432,-0.1686,0.0225,0.416,0.0225,0.037,0.0
202512,53041,"lewis, wa",494225.0,-0.0115,-0.0095,257,-0.1364,-0.0247,99.0,0.0944,0.0914,38,-0.3667,-0.2083,4,0.0,0.0,0.0095,0.0019,-0.0004,52.0,-0.5517,-0.0714,0.131,-0.1028,-0.0106,97.0,-0.2177,0.2278,277.0,-0.0131,-0.0417,1833.0,-0.0081,0.0391,574324.0,0.0022,-0.0269,353,-0.1627,0.0307,0.3782,-0.0393,0.0778,0.0
202512,53029,"island, wa",718750.0,-0.0604,0.0312,260,-0.1891,0.2387,92.0,0.1582,0.2449,42,-0.3824,0.1053,0,,,0.0,0.0,0.0,42.0,-0.3438,0.2353,0.1029,-0.035,0.0052,81.0,-0.312,-0.064,363.0,-0.02,-0.0003,2034.0,-0.0183,0.0468,1042677.0,0.0061,-0.0101,340,-0.222,0.1506,0.3102,-0.0554,-0.1003,0.0
202512,53021,"franklin, wa",487331.0,-0.0442,0.0048,206,-0.0096,0.0457,64.0,0.1272,-0.1288,64,0.0,-0.0588,0,-1.0,-1.0,0.0,-0.012,-0.0214,42.0,-0.3438,0.1053,0.1273,-0.0599,0.0078,45.0,-0.0625,-0.0217,258.0,0.0107,-0.0247,2063.0,-0.041,0.0746,590577.0,-0.0185,-0.0063,252,-0.0418,0.0265,0.2184,-0.0123,-0.0151,0.0
202512,53019,"ferry, wa",377500.0,-0.0381,-0.1012,46,-0.2288,0.1519,126.0,0.2475,0.0862,0,-1.0,-1.0,0,,,0.0,0.0,0.0,0.0,,,0.0,0.0,0.0,7.0,0.0833,0.3,222.0,-0.0484,-0.1935,1728.0,0.0255,-0.0159,486860.0,0.0125,-0.0971,52,-0.1953,0.1573,0.1429,0.0412,0.0163,1.0
202512,53063,"spokane, wa",470748.0,-0.0222,-0.0267,1442,-0.156,0.2321,64.0,0.2308,0.0323,328,-0.3279,0.0649,16,-0.2,1.6667,0.0065,-0.0003,0.0032,336.0,-0.4126,0.377,0.1397,-0.0592,0.0231,589.0,-0.1434,-0.0313,225.0,-0.0043,-0.0034,2182.0,-0.0064,-0.0116,582625.0,-0.0178,-0.0243,2024,-0.153,0.14,0.4083,0.006,-0.111,0.0
202512,53025,"grant, wa",409125.0,-0.0142,-0.02,337,-0.0806,0.1142,93.0,-0.008,0.048,72,-0.1429,0.7143,0,,-1.0,0.0,0.0,-0.0042,32.0,-0.4286,-0.2,0.0602,-0.0339,-0.0272,121.0,-0.0547,0.0522,251.0,0.0131,-0.0206,1672.0,-0.0144,-0.0006,496133.0,-0.0137,0.021,460,-0.0669,0.1005,0.3596,0.0099,-0.0212,1.0
202512,53075,"whitman, wa",335000.0,-0.0414,-0.1454,107,-0.1744,0.1211,88.0,-0.0711,-0.0194,18,0.125,0.2857,2,,,0.0137,0.0137,0.0137,10.0,-0.6429,1.5,0.0668,-0.088,0.0385,20.0,-0.3036,-0.0488,188.0,-0.0047,-0.0888,1892.0,-0.0086,-0.0348,375851.0,-0.0268,-0.1312,127,-0.1699,0.1043,0.1831,-0.034,-0.0327,1.0
202512,53039,"klickitat, wa",603675.0,-0.0677,-0.1113,88,-0.1162,0.2324,136.0,0.2035,0.0502,18,0.5,0.125,0,,,0.0,0.0,0.0,20.0,-0.2857,0.25,0.1544,-0.0391,-0.0117,20.0,-0.1304,0.0,321.0,-0.0426,-0.0342,1759.0,-0.0314,-0.1681,825809.0,0.0239,-0.0659,110,-0.1025,0.2033,0.2286,-0.0038,-0.0531,1.0
202512,53011,"clark, wa",649450.0,0.0148,-0.0313,1359,-0.1404,0.1522,80.0,0.0959,0.0811,330,-0.3125,0.1149,170,0.25,0.0759,0.0697,0.021,-0.0066,494.0,-0.2943,0.1875,0.2107,-0.0404,0.0245,654.0,-0.1004,-0.115,314.0,0.0084,0.0094,2152.0,0.002,-0.0203,817656.0,0.0021,-0.0392,2010,-0.1217,0.0412,0.4812,0.0214,-0.1453,0.0
202512,53033,"king, wa",799000.0,-0.0315,0.0277,3504,-0.2709,0.3075,68.0,0.2143,0.0074,718,-0.4425,-0.0323,20,-0.375,-0.3333,0.0039,-0.0004,-0.002,540.0,-0.6429,0.102,0.0907,-0.0926,-0.0014,1642.0,-0.1989,-0.0891,529.0,0.0016,0.0037,1604.0,-0.0512,0.0352,1262019.0,-0.0208,-0.0128,5141,-0.2496,0.1477,0.4685,0.0421,-0.204,0.0
202512,53037,"kittitas, wa",854750.0,0.0685,0.2228,288,-0.1771,0.112,99.0,0.0395,-0.0366,40,-0.1667,0.8182,0,-1.0,-1.0,0.0,-0.0081,-0.0052,28.0,-0.6111,-0.1765,0.0685,-0.0782,-0.0263,62.0,-0.2346,-0.1014,434.0,-0.0069,0.0408,2164.0,0.006,0.124,1105298.0,-0.0112,0.0398,350,-0.1891,0.0655,0.2153,-0.0162,-0.0511,1.0
202512,53073,"whatcom, wa",649450.0,-0.013,-0.0111,602,-0.2023,0.2263,85.0,0.1972,0.2319,100,-0.4186,-0.0385,0,-1.0,,0.0,-0.0032,0.0,82.0,-0.5444,0.1389,0.0901,-0.0682,0.0011,211.0,-0.1229,-0.0047,378.0,0.0033,-0.0191,1759.0,-0.0165,-0.0104,784086.0,-0.0135,-0.0379,811,-0.1874,0.1544,0.35,0.0317,-0.0812,0.0
202512,53053,"pierce, wa",622450.0,-0.0037,0.0316,1752,-0.1967,0.2188,70.0,0.178,0.1583,444,-0.3867,-0.112,30,-0.4231,0.0714,0.0107,-0.002,0.0017,390.0,-0.5051,0.1272,0.1259,-0.0827,0.0055,904.0,-0.1313,-0.0179,314.0,0.0028,-0.0125,2063.0,-0.0042,0.0026,741589.0,0.002,0.0061,2655,-0.1751,0.1265,0.5157,0.0389,-0.1243,0.0
202512,53051,"pend oreille, wa",555000.0,0.0137,0.1746,68,-0.236,0.0149,134.0,0.1762,0.387,6,-0.625,0.0,0,,-1.0,0.0,0.0,-0.0473,8.0,-0.6667,-0.2,0.087,-0.1236,-0.0314,18.0,0.1667,0.1667,295.0,0.0194,0.1714,2153.0,-0.0251,0.1073,812258.0,0.0958,0.1869,87,-0.1762,0.0485,0.2574,0.0888,0.0335,0.0
202512,53027,"grays harbor, wa",388750.0,-0.0279,-0.0195,499,-0.1121,0.3219,104.0,0.1583,0.118,60,-0.4,0.1538,2,,,0.0035,0.0035,0.0035,78.0,-0.3276,0.2188,0.1192,-0.0279,0.0011,88.0,-0.2585,0.0355,270.0,-0.0124,-0.0097,1471.0,-0.0099,0.0032,508431.0,-0.0353,0.1791,587,-0.1488,0.2654,0.1754,-0.0346,-0.0485,0.0
202512,53077,"yakima, wa",418813.0,-0.0028,0.0056,468,-0.0488,0.2365,72.0,0.2,0.1613,90,-0.3182,0.125,0,-1.0,,0.0,-0.0045,0.0,86.0,-0.3281,0.4828,0.1218,-0.0208,0.0252,149.0,-0.2385,0.0959,240.0,-0.0006,0.0206,1792.0,0.0032,-0.0073,483158.0,-0.0165,0.0092,616,-0.0975,0.1882,0.3173,-0.079,-0.0407,0.0
202512,53047,"okanogan, wa",478475.0,0.0073,-0.0617,169,-0.1465,0.3152,112.0,0.0667,-0.1531,12,-0.625,0.5,0,,,0.0,0.0,0.0,14.0,-0.5,0.4,0.066,-0.0492,0.0069,27.0,-0.2059,0.08,260.0,-0.0067,-0.1271,1802.0,-0.0208,0.0653,580361.0,-0.0162,-0.2316,197,-0.153,0.2843,0.1598,-0.012,-0.0348,0.0
202512,53017,"douglas, wa",585225.0,-0.008,-0.0437,105,-0.1393,0.0345,81.0,0.1444,0.098,20,-0.4444,0.25,2,,,0.0121,0.0121,0.0121,16.0,-0.6,0.0,0.0976,-0.1186,-0.0093,36.0,-0.3173,-0.0274,307.0,-0.0149,-0.0006,2049.0,-0.0024,-0.0017,660199.0,-0.022,-0.155,141,-0.185,0.0217,0.3381,-0.0881,-0.0215,0.0
202512,53003,"asotin, wa",421175.0,0.003,0.0887,88,-0.1111,0.3333,108.0,0.1316,0.7551,22,0.375,0.0,0,,,0.0,0.0,0.0,14.0,-0.4167,-0.2222,0.0989,-0.0776,-0.0544,28.0,0.3095,0.3095,212.0,0.0035,-0.001,1975.0,-0.0206,0.0225,491027.0,-0.0187,-0.0092,116,-0.0169,0.3107,0.3125,0.1004,-0.0057,0.0
202512,53055,"san juan, wa",1223500.0,-0.0212,-0.0552,124,-0.1655,0.2602,126.0,0.0633,0.0202,4,-0.75,-0.7143,0,,,0.0,0.0,0.0,6.0,-0.5,2.0,0.0409,-0.0139,0.0262,21.0,-0.2222,0.1667,649.0,-0.0241,0.0134,1967.0,-0.0763,-0.0274,1761661.0,-0.0162,-0.1968,145,-0.1743,0.2457,0.17,-0.0124,-0.0136,1.0
202511,53013,"columbia, wa",385000.0,0.1493,0.1668,23,-0.1481,0.2105,83.0,-0.369,-0.0462,4,-0.5,0.0,0,,,0.0,0.0,0.0,4.0,-0.5,0.0,0.1,-0.1057,-0.029,10.0,0.6667,0.25,178.0,-0.0354,0.0568,2263.0,0.0313,0.1587,461500.0,0.1328,-0.2029,35,0.0606,0.2963,0.4348,0.2126,0.0137,0.0
202511,53023,"garfield, wa",269000.0,0.0132,0.0434,14,0.0,0.2727,114.0,0.2918,0.7813,0,-1.0,-1.0,0,,,0.0,0.0,0.0,4.0,1.0,0.0,0.2667,0.1667,0.0167,1.0,-0.6,0.0,168.0,-0.0168,-0.183,1768.0,-0.011,0.1276,371936.0,0.0502,-0.1468,14,-0.1765,0.1667,0.0714,-0.1071,-0.0195,1.0
202511,53073,"whatcom, wa",658000.0,-0.0251,-0.0309,754,-0.115,0.309,71.0,0.084,0.1833,172,-0.2522,-0.0851,4,0.0,0.0,0.0032,0.0002,-0.0006,180.0,-0.2308,0.4063,0.1583,-0.0154,0.0391,240.0,-0.132,-0.1429,377.0,-0.0054,-0.0189,1789.0,-0.017,-0.0205,794786.0,-0.033,-0.0567,998,-0.1156,0.1673,0.3183,-0.0062,-0.1678,0.0
202511,53001,"adams, wa",362450.0,0.0,-0.0137,59,0.0172,0.18,78.0,-0.1111,-0.1746,20,0.6667,1.5,0,,-1.0,0.0,0.0,-0.0548,12.0,1.0,0.5,0.1263,0.0532,0.0288,18.0,-0.1628,0.125,205.0,0.0199,0.0633,1764.0,-0.0293,-0.02,434593.0,0.0343,0.1363,77,-0.0314,0.1159,0.3051,-0.0656,-0.0149,1.0
202511,53067,"thurston, wa",570000.0,-0.0086,-0.033,737,-0.0907,0.5102,57.0,0.0806,0.2,192,-0.3846,-0.0588,12,-0.1429,-0.25,0.0101,0.0004,-0.0053,296.0,-0.1957,0.8049,0.2277,-0.018,0.0783,320.0,-0.1257,-0.0123,292.0,-0.016,-0.0134,2013.0,0.0073,-0.0405,649167.0,-0.0198,-0.0691,1051,-0.1055,0.2739,0.4342,-0.0174,-0.2297,0.0
202511,53037,"kittitas, wa",799950.0,0.0279,0.1444,350,-0.1411,0.1006,95.0,0.0795,0.044,48,-0.5636,-0.25,4,,,0.0081,0.0081,0.0081,72.0,-0.2174,-0.1,0.1466,-0.0105,-0.0217,81.0,-0.0182,-0.1196,437.0,0.0503,0.0647,2151.0,0.0028,0.1203,1117815.0,0.0063,0.0929,431,-0.1204,0.0461,0.2314,0.029,-0.0579,0.0
202511,53055,"san juan, wa",1250000.0,-0.0263,-0.0566,148,-0.2272,0.265,119.0,0.0441,0.0773,16,-0.2727,0.3333,0,,,0.0,0.0,0.0,12.0,-0.5,0.0,0.0548,-0.0482,-0.0361,27.0,0.1489,0.2857,665.0,-0.0307,0.0211,2130.0,-0.0309,0.0069,1790734.0,-0.2252,-0.2079,175,-0.1917,0.25,0.1824,0.0597,0.0029,0.0
202511,53069,"wahkiakum, wa",617463.0,0.1176,-0.0105,26,0.0,0.04,111.0,-0.0596,-0.2022,4,-0.3333,,0,,,0.0,0.0,0.0,4.0,-0.6667,-0.5,0.1333,-0.1893,-0.1867,3.0,-0.3333,0.0,276.0,-0.0039,0.0204,1942.0,0.0194,0.0873,611234.0,0.0418,-0.0119,29,-0.0492,0.0357,0.1154,-0.0577,-0.0046,0.0
202511,53047,"okanogan, wa",475000.0,0.0,-0.0856,198,-0.1902,0.2941,105.0,0.0526,-0.1322,32,0.2308,1.0,0,,,0.0,0.0,0.0,28.0,-0.4615,0.1667,0.1152,-0.0559,0.0081,34.0,-0.1807,-0.1905,262.0,0.0015,-0.0967,1840.0,-0.0139,0.0824,589920.0,-0.0268,-0.2176,232,-0.193,0.1897,0.1717,0.002,-0.1028,1.0
202511,53033,"king, wa",825000.0,-0.0294,0.0325,4805,-0.1556,0.2824,56.0,0.2584,0.0769,1288,-0.4108,-0.1154,32,-0.2381,-0.2,0.0044,0.0002,-0.0012,1512.0,-0.244,0.506,0.1833,-0.0127,0.0565,2049.0,-0.1208,-0.1623,528.0,-0.0052,0.0031,1690.0,-0.0476,0.0368,1288786.0,-0.0221,0.0053,6851,-0.1453,0.1071,0.4264,0.0169,-0.2264,0.0
202511,53015,"cowlitz, wa",459900.0,-0.0244,-0.0802,366,-0.0699,0.1091,71.0,-0.0207,0.0923,104,0.1304,0.0,20,-0.375,0.0,0.0312,-0.0171,-0.0032,172.0,-0.0753,0.2647,0.2875,-0.0085,0.0582,144.0,-0.0588,0.0213,274.0,-0.0099,-0.0194,1814.0,0.0044,-0.0649,569677.0,-0.0029,-0.05,519,-0.0495,0.1137,0.3934,0.0046,-0.0338,0.0
202511,53041,"lewis, wa",499999.0,0.0,0.0101,297,-0.1278,0.0206,90.0,0.0619,0.1392,60,-0.2683,-0.1667,4,1.0,,0.0076,0.0039,0.0076,116.0,-0.1343,0.45,0.2338,-0.0149,0.0512,124.0,-0.0498,0.3778,281.0,-0.0259,-0.0075,1848.0,0.0076,0.0284,573049.0,-0.0054,-0.0192,421,-0.0975,0.1108,0.4175,0.0342,0.1082,0.0
202511,53025,"grant, wa",415000.0,-0.0231,-0.0145,366,-0.0711,0.1125,94.0,0.0625,0.1987,84,0.05,0.0,0,-1.0,,0.0,-0.0067,0.0,56.0,-0.4717,-0.125,0.0941,-0.08,-0.0192,128.0,-0.0154,-0.0448,248.0,-0.0036,-0.0197,1696.0,-0.0303,-0.0275,503009.0,-0.0218,0.0146,493,-0.0592,0.0694,0.3497,0.0198,-0.0576,0.0
202511,53059,"skamania, wa",690000.0,0.0073,-0.08,45,-0.2105,0.0714,108.0,0.4026,0.1489,8,0.3333,1.0,0,,,0.0,0.0,0.0,20.0,0.1111,0.25,0.274,0.078,0.0073,22.0,-0.2,0.5714,335.0,-0.0117,0.0373,2043.0,0.0062,-0.0962,930691.0,0.0141,-0.1102,67,-0.2024,0.1964,0.4889,0.0064,0.1556,1.0
202511,53045,"mason, wa",480000.0,-0.039,0.009,244,-0.1757,0.0563,82.0,0.0449,0.4298,44,-0.2903,-0.3529,0,,,0.0,0.0,0.0,64.0,-0.3191,-0.2,0.1739,-0.0363,-0.0302,81.0,-0.105,-0.19,307.0,-0.0229,0.0346,1737.0,0.0164,0.0339,612164.0,0.0027,0.0584,324,-0.1617,-0.0241,0.332,0.0262,-0.1009,0.0
202511,53003,"asotin, wa",419900.0,-0.0043,0.0909,99,-0.0833,0.5469,95.0,0.1411,0.4394,16,-0.2,-0.2,0,,,0.0,0.0,0.0,24.0,-0.4286,0.2,0.1765,-0.1062,0.0226,21.0,-0.0455,-0.1923,212.0,-0.0083,0.0251,2016.0,0.005,-0.0098,500388.0,0.0058,-0.0046,118,-0.0958,0.2553,0.2121,0.0084,-0.1941,0.0
202511,53021,"franklin, wa",509850.0,-0.0002,0.026,208,-0.0652,0.0146,57.0,0.14,-0.1618,64,-0.2727,0.0,4,0.0,0.0,0.012,0.0015,-0.0003,64.0,-0.1579,0.3333,0.1871,-0.0184,0.043,48.0,-0.1111,-0.1579,255.0,-0.0049,-0.0439,2151.0,0.0001,0.067,601716.0,-0.009,-0.022,263,-0.0607,0.0077,0.2308,-0.0119,-0.0473,0.0
202511,53035,"kitsap, wa",652475.0,-0.0129,-0.0113,548,-0.1315,-0.06,64.0,0.113,0.28,240,0.0345,-0.0909,12,1.0,0.5,0.0122,0.0073,0.0043,192.0,-0.3469,0.0435,0.1582,-0.0747,0.0057,351.0,-0.0883,-0.1439,315.0,-0.0177,-0.0043,2138.0,-0.0095,0.0329,832798.0,-0.0132,-0.0004,923,-0.0906,-0.0852,0.6405,0.0304,-0.0627,0.0
202511,53077,"yakima, wa",420000.0,-0.0221,0.0097,492,-0.0296,0.2088,60.0,0.0619,0.1321,132,-0.2747,0.0645,4,1.0,0.0,0.0045,0.0022,-0.0008,128.0,-0.1467,0.1034,0.1425,-0.0227,-0.0089,195.0,-0.0602,0.1143,240.0,-0.0014,0.0108,1786.0,-0.0305,-0.0219,491241.0,-0.0323,0.0156,682,-0.0441,0.1462,0.3963,-0.0129,-0.0336,0.0
202511,53027,"grays harbor, wa",399900.0,-0.015,0.0025,562,-0.0847,0.3477,90.0,0.0169,0.0465,100,-0.1803,0.25,0,-1.0,,0.0,-0.0048,0.0,116.0,-0.4528,0.0741,0.147,-0.1012,-0.0233,118.0,-0.0328,-0.056,273.0,-0.0054,0.0216,1486.0,-0.0093,0.0027,527049.0,-0.0062,0.1569,689,-0.06,0.2437,0.21,0.0113,-0.0898,0.0
202511,53075,"whitman, wa",349450.0,-0.0555,-0.1528,129,-0.0915,0.1622,95.0,0.2063,0.044,16,-0.5294,0.0,0,,,0.0,0.0,0.0,28.0,-0.0667,0.1667,0.1548,0.0041,-0.0213,28.0,0.12,0.1667,188.0,-0.0384,-0.0927,1908.0,-0.0166,-0.0927,386217.0,-0.0384,-0.1614,153,-0.0947,0.125,0.2171,0.041,0.0008,1.0
202511,53057,"skagit, wa",675000.0,-0.0047,0.0,353,-0.0723,0.293,72.0,0.2522,0.125,80,-0.2982,-0.1667,0,-1.0,,0.0,-0.0063,0.0,104.0,-0.1746,0.3684,0.1827,-0.015,0.0477,128.0,-0.108,-0.0857,362.0,-0.0213,-0.0217,1976.0,0.001,0.0082,814160.0,-0.0216,0.0028,480,-0.0822,0.1622,0.3626,-0.0145,-0.1502,0.0
202511,53019,"ferry, wa",392450.0,-0.0186,-0.1375,59,-0.0923,0.2553,101.0,-0.0312,0.0978,8,-0.2,,0,,,0.0,0.0,0.0,0.0,-1.0,,0.0,-0.0503,0.0,6.0,0.0,-0.4,234.0,-0.0392,-0.108,1685.0,-0.0249,-0.0762,480829.0,-0.0113,-0.1052,64,-0.0791,0.1429,0.1017,0.0094,-0.1111,1.0
202511,53031,"jefferson, wa",699000.0,0.0,-0.0412,164,-0.0964,0.4386,93.0,0.2078,0.2568,36,-0.1,0.5,0,,,0.0,0.0,0.0,40.0,-0.2857,0.25,0.1702,-0.0374,-0.0096,40.0,-0.0805,-0.0909,379.0,0.0038,0.017,1856.0,-0.0331,-0.1264,892059.0,0.0195,-0.1287,206,-0.0844,0.3038,0.2439,0.0042,-0.1421,0.0
202511,53043,"lincoln, wa",365000.0,-0.0198,0.007,87,-0.0695,0.6731,94.0,0.1937,0.403,4,-0.75,-0.6667,0,-1.0,,0.0,-0.0156,0.0,12.0,-0.5,0.0,0.1224,-0.0681,-0.0221,13.0,-0.1333,-0.3158,188.0,-0.01,0.0068,2240.0,0.0186,0.021,454549.0,-0.0328,-0.0914,99,-0.0833,0.375,0.1494,-0.011,-0.216,0.0
202511,53065,"stevens, wa",492062.0,-0.0139,0.0042,220,-0.1423,0.0377,96.0,0.117,0.0914,20,-0.6,-0.2857,0,,,0.0,0.0,0.0,40.0,-0.5,0.4286,0.1187,-0.0883,0.0161,60.0,-0.0977,0.5385,243.0,-0.0031,-0.0339,2133.0,0.0415,0.051,583758.0,0.0133,-0.0166,279,-0.1295,0.116,0.2727,0.0135,0.0888,0.0
202511,53061,"snohomish, wa",774998.0,-0.0026,-0.0127,1495,-0.1229,0.3444,51.0,0.1209,0.1087,556,-0.2363,-0.1313,24,-0.1429,-0.3333,0.0107,0.0023,-0.0047,568.0,-0.3189,0.3922,0.2005,-0.0493,0.0547,783.0,-0.1182,-0.2361,407.0,-0.0043,0.0041,1957.0,0.0005,-0.0099,893441.0,0.0018,-0.028,2271,-0.1264,0.0632,0.5237,0.0028,-0.398,0.0
202511,53049,"pacific, wa",425000.0,-0.0116,0.0494,219,-0.1222,0.2443,104.0,0.0777,0.0,12,-0.7,-0.5,0,-1.0,,0.0,-0.0123,0.0,36.0,-0.28,-0.1,0.124,-0.0372,-0.0406,34.0,-0.0423,-0.2609,303.0,-0.0071,0.0189,1415.0,0.0082,-0.0583,500829.0,-0.0077,-0.0022,256,-0.1033,0.1429,0.1553,0.013,-0.1061,0.0
202511,53071,"walla walla, wa",530000.0,0.0047,0.0095,179,-0.1353,0.3769,82.0,0.0284,0.2443,36,-0.4,-0.25,0,,,0.0,0.0,0.0,48.0,-0.2,0.5,0.1633,-0.0221,0.0144,73.0,-0.0267,0.1061,250.0,-0.0036,-0.0189,2168.0,0.0009,-0.0037,659932.0,-0.0267,0.0426,253,-0.1028,0.2843,0.4078,0.0455,-0.0999,0.0
202511,53005,"benton, wa",508350.0,-0.0166,-0.0052,837,-0.0101,0.2682,61.0,-0.0356,-0.0161,204,-0.2917,0.02,12,5.0,0.5,0.0097,0.0081,0.0022,220.0,-0.3333,0.7188,0.1835,-0.0768,0.0546,156.0,-0.1285,-0.0659,263.0,-0.0055,-0.009,2043.0,-0.0017,-0.0024,579167.0,-0.0092,-0.0084,990,-0.0251,0.1985,0.1864,-0.0253,-0.0667,0.0
202511,53011,"clark, wa",640000.0,-0.01,-0.0336,1581,-0.0564,0.1565,73.0,0.0657,0.1231,480,-0.0875,0.0084,136,-0.2917,-0.1905,0.0488,-0.0172,-0.0185,700.0,-0.2308,0.087,0.2511,-0.0535,0.0078,727.0,-0.065,-0.0774,312.0,0.0033,0.0089,2148.0,-0.0054,-0.0274,815918.0,-0.0057,-0.0368,2288,-0.0667,0.0627,0.4598,-0.0042,-0.1166,0.0
202511,53017,"douglas, wa",589950.0,-0.0176,-0.0924,122,-0.1469,0.0427,71.0,-0.0533,-0.0274,36,-0.1429,0.0,0,,,0.0,0.0,0.0,40.0,-0.2593,1.5,0.2162,0.0152,0.1237,52.0,-0.218,-0.0877,311.0,-0.0066,0.0069,2054.0,-0.012,-0.071,675075.0,-0.0423,-0.1822,173,-0.1643,0.0117,0.4262,-0.0388,-0.0609,0.0
202511,53039,"klickitat, wa",647500.0,0.0756,-0.0464,99,-0.1316,0.0879,113.0,0.1272,-0.0504,12,-0.25,2.0,0,-1.0,,0.0,-0.0118,0.0,28.0,-0.125,0.1667,0.1935,-0.005,-0.0016,23.0,-0.1636,0.0,336.0,0.1023,0.004,1816.0,-0.034,-0.1269,806547.0,0.0376,-0.0797,122,-0.1378,0.1091,0.2323,-0.0089,-0.0204,1.0
202511,53063,"spokane, wa",481450.0,-0.0264,-0.0163,1708,-0.1015,0.1787,52.0,0.0722,0.0196,488,-0.2179,0.1193,20,0.0,0.6667,0.0067,0.0007,0.0015,572.0,-0.3673,0.2655,0.1988,-0.0766,0.0178,687.0,-0.0685,-0.0058,226.0,-0.0026,-0.0045,2196.0,-0.0141,-0.0063,593161.0,-0.0154,-0.0264,2389,-0.0944,0.12,0.4022,0.0143,-0.0747,0.0
202511,53053,"pierce, wa",624777.0,-0.0035,0.0193,2181,-0.0967,0.2434,59.0,0.0631,0.1028,724,-0.2113,-0.0216,52,0.4444,0.1818,0.0128,0.0045,-0.0006,788.0,-0.3322,0.2086,0.2086,-0.0543,0.035,1040.0,-0.0897,-0.0335,313.0,-0.004,-0.0179,2072.0,-0.0084,0.0017,740128.0,-0.0075,-0.0108,3218,-0.0962,0.1371,0.4768,0.0037,-0.1366,0.0
202511,53007,"chelan, wa",630000.0,-0.0518,0.0881,441,-0.1503,0.0889,95.0,0.0615,0.0,64,-0.1579,0.2308,0,,,0.0,0.0,0.0,68.0,-0.2766,-0.0556,0.1206,-0.012,-0.0087,86.0,-0.1925,-0.14,346.0,-0.0163,0.0405,1694.0,-0.0494,0.1029,792872.0,-0.054,0.0815,526,-0.1591,0.0416,0.195,-0.0102,-0.0519,0.0
202511,53009,"clallam, wa",549000.0,-0.0187,-0.117,250,-0.1681,0.1628,73.0,0.0775,0.1231,52,-0.4583,-0.35,4,,,0.0089,0.0089,0.0089,68.0,-0.3818,0.4167,0.1508,-0.0605,0.02,106.0,-0.0093,0.0707,313.0,-0.0082,-0.0104,1807.0,-0.0347,-0.1432,679059.0,-0.028,-0.0742,351,-0.1301,0.1546,0.424,0.0679,-0.0365,1.0
202511,53029,"island, wa",764950.0,0.0166,0.0199,320,-0.171,0.2549,79.0,0.1791,0.2441,68,-0.2093,-0.1053,0,-1.0,,0.0,-0.0033,0.0,64.0,-0.3725,0.2308,0.1379,-0.0286,0.017,117.0,-0.1552,0.1939,370.0,-0.0301,-0.0065,2072.0,0.0126,0.0316,1036331.0,-0.0227,-0.0741,437,-0.1636,0.2039,0.3656,0.0068,-0.0187,0.0
202511,53051,"pend oreille, wa",547500.0,0.0459,0.1851,89,-0.0532,0.2535,114.0,0.0887,0.2898,16,0.0,0.3333,0,,,0.0,0.0,0.0,24.0,0.0,2.0,0.2105,0.0175,0.1321,15.0,-0.1667,-0.2857,289.0,-0.0415,0.0814,2208.0,0.0944,0.2085,741237.0,-0.0339,0.1245,105,-0.0498,0.1413,0.1685,-0.023,-0.1272,0.0
202510,53067,"thurston, wa",574960.0,0.0043,-0.0167,811,0.0056,0.4968,53.0,-0.0231,0.1105,312,-0.0545,0.0541,14,0.1667,0.75,0.0096,0.0019,0.003,368.0,-0.0366,0.7692,0.2457,-0.0038,0.0725,366.0,-0.0214,0.0055,296.0,0.0036,-0.0013,1999.0,-0.0026,-0.0415,662275.0,-0.0298,-0.0509,1175,-0.0042,0.2983,0.4516,-0.0124,-0.2206,0.0
202510,53017,"douglas, wa",600500.0,-0.0467,-0.123,143,0.007,0.0792,75.0,-0.0566,0.2,42,-0.125,-0.125,0,,,0.0,0.0,0.0,54.0,0.08,0.4211,0.201,0.0069,0.042,67.0,0.0391,0.1368,314.0,-0.0138,0.0006,2079.0,-0.0233,-0.0889,704911.0,-0.0717,-0.1545,207,0.0073,0.0838,0.465,0.0143,0.0235,1.0
202510,53063,"spokane, wa",494500.0,-0.0109,-0.0059,1901,-0.0353,0.2292,49.0,0.0778,0.1548,624,-0.1875,-0.0127,20,0.0,4.0,0.006,0.0003,0.0046,904.0,-0.0238,0.4169,0.2755,0.0121,0.0562,738.0,-0.041,-0.0007,227.0,-0.0031,0.0067,2228.0,-0.0126,-0.0204,602447.0,-0.0124,-0.027,2638,-0.0358,0.1583,0.388,-0.0023,-0.0893,0.0
202510,53011,"clark, wa",646450.0,-0.0046,-0.0268,1676,-0.0547,0.1325,69.0,0.0873,0.1913,526,-0.09,-0.1291,192,0.2468,-0.1351,0.066,0.0174,-0.0107,910.0,-0.0278,0.1697,0.3046,0.0083,0.036,778.0,-0.0733,-0.0478,311.0,0.0006,0.007,2159.0,0.0038,-0.0293,820602.0,0.0035,-0.0271,2452,-0.0573,0.0701,0.464,-0.0093,-0.0878,0.0
202510,53025,"grant, wa",424825.0,-0.0001,-0.0233,394,-0.0686,0.1867,88.0,0.1466,0.2754,80,-0.1111,0.0,4,,1.0,0.0067,0.0067,0.0031,106.0,-0.0536,0.2619,0.1741,0.0039,0.0215,130.0,-0.0877,-0.0647,249.0,-0.0088,-0.0199,1749.0,0.0136,-0.0107,514196.0,-0.0057,0.0113,524,-0.075,0.1137,0.3299,-0.0069,-0.0887,0.0
202510,53019,"ferry, wa",399900.0,-0.0001,-0.1235,65,-0.0511,0.3,104.0,0.0504,0.4893,10,0.6667,0.6667,0,,,0.0,0.0,0.0,4.0,-0.6,,0.0503,-0.0634,0.0503,6.0,-0.0769,-0.4,243.0,-0.0191,0.0101,1728.0,-0.007,-0.1049,486330.0,-0.0264,-0.1418,70,-0.0733,0.1583,0.0923,-0.0026,-0.1077,1.0
202510,53033,"king, wa",849975.0,0.0,0.0334,5691,-0.0353,0.2637,45.0,-0.0111,0.023,2186,-0.2781,0.0833,42,0.0,-0.475,0.0042,0.0004,-0.0045,2000.0,0.0406,0.3004,0.196,0.0267,0.0287,2331.0,-0.0127,-0.1262,531.0,-0.0053,-0.0001,1775.0,-0.0041,0.0415,1317962.0,-0.01,0.0152,8016,-0.0288,0.1188,0.4095,0.0094,-0.1827,0.0
202510,53023,"garfield, wa",265500.0,-0.0221,-0.0729,14,-0.0667,0.4737,88.0,0.1242,0.9611,2,-0.6667,-0.5,0,,,0.0,0.0,0.0,2.0,-0.5,0.0,0.1,-0.0678,-0.0333,3.0,0.0,1.5,171.0,0.0,-0.1963,1788.0,-0.0321,0.1146,354169.0,-0.008,-0.2267,17,-0.0556,0.619,0.1786,0.0119,0.0733,0.0
202510,53003,"asotin, wa",421700.0,-0.0192,0.0427,108,0.0,0.6364,83.0,0.2614,0.311,20,-0.1667,0.1111,0,,,0.0,0.0,0.0,42.0,0.4,1.3333,0.2827,0.0822,0.1355,22.0,-0.1538,-0.4133,213.0,-0.0162,0.0235,2006.0,-0.0253,-0.0123,497494.0,-0.018,-0.0387,131,-0.0261,0.2609,0.2037,-0.037,-0.3645,0.0
202510,53039,"klickitat, wa",602000.0,0.0195,-0.0906,114,-0.0916,0.0654,100.0,0.1657,0.0075,16,-0.4286,0.0,2,0.0,0.0,0.0118,-0.0002,-0.0017,32.0,-0.4074,0.1429,0.1986,-0.0901,0.0094,28.0,-0.0179,0.1,305.0,-0.0308,-0.0897,1880.0,-0.0323,-0.0863,777294.0,0.0105,-0.1185,142,-0.0871,0.072,0.2412,0.0181,0.0076,0.0
202510,53043,"lincoln, wa",372375.0,-0.0321,-0.0347,94,0.0625,0.6696,79.0,0.1092,0.6755,16,-0.2,0.3333,2,,0.0,0.0156,0.0156,-0.0074,24.0,-0.1429,1.0,0.1906,-0.0261,0.0494,15.0,-0.0625,-0.1429,190.0,-0.006,-0.1279,2199.0,-0.0117,0.14,469968.0,-0.0137,-0.0603,108,0.0385,0.4795,0.1604,-0.0214,-0.1521,0.0
202510,53031,"jefferson, wa",699000.0,0.0,-0.0809,182,-0.0763,0.4462,77.0,0.1801,0.1579,40,0.0526,0.25,0,,,0.0,0.0,0.0,56.0,-0.0667,2.1111,0.2077,0.0004,0.1176,44.0,-0.0842,0.0235,377.0,-0.0007,-0.0231,1919.0,0.0197,-0.0664,874969.0,0.0007,-0.153,225,-0.0722,0.3393,0.2397,-0.0021,-0.099,0.0
202510,53013,"columbia, wa",335000.0,0.0075,-0.0211,27,-0.0182,0.5,131.0,0.1296,0.9515,8,0.3333,0.3333,0,,,0.0,0.0,0.0,8.0,-0.2,1.0,0.2057,-0.061,0.084,6.0,0.0,-0.3333,185.0,0.0231,-0.0772,2194.0,0.044,0.0332,407397.0,-0.1967,-0.2377,33,-0.0149,0.2222,0.2222,0.004,-0.2778,0.0
202510,53051,"pend oreille, wa",523475.0,-0.0261,0.0794,94,-0.0309,0.1124,104.0,0.2791,0.287,16,0.3333,-0.4286,0,,-1.0,0.0,0.0,-0.0143,24.0,0.5,0.5,0.193,0.0757,0.0752,18.0,-0.3455,-0.2653,302.0,0.0421,0.1443,2018.0,0.012,0.0736,767253.0,-0.0098,0.1218,111,-0.116,0.0184,0.1915,-0.092,-0.0985,0.0
202510,53001,"adams, wa",362450.0,0.0,0.014,58,-0.0169,0.0545,88.0,0.0145,0.0145,12,0.5,0.0,0,,,0.0,0.0,0.0,6.0,-0.5,-0.25,0.0731,-0.0567,-0.012,22.0,-0.2182,-0.1887,201.0,-0.026,0.0202,1817.0,0.048,0.0336,420195.0,0.0384,0.1346,80,-0.0914,-0.0185,0.3707,-0.0954,-0.1111,0.0
202510,53009,"clallam, wa",559475.0,-0.0346,-0.1251,301,-0.058,0.3209,68.0,-0.0109,0.0586,96,0.0,0.5484,0,-1.0,-1.0,0.0,-0.0038,-0.005,110.0,0.0784,0.3415,0.2113,0.0179,0.005,107.0,-0.0855,-0.036,315.0,-0.0194,0.007,1872.0,-0.0155,-0.1373,698620.0,-0.0365,-0.07,404,-0.0649,0.2027,0.3561,-0.0107,-0.1318,1.0
202510,53061,"snohomish, wa",777000.0,-0.0133,-0.0281,1705,-0.0456,0.3685,46.0,0.0341,0.1974,728,-0.2155,-0.0267,28,0.1667,-0.3333,0.0083,0.0017,-0.005,834.0,0.0477,0.4683,0.2499,0.0315,0.0687,888.0,-0.0477,-0.2224,408.0,-0.0083,-0.0036,1956.0,-0.0099,-0.0405,891843.0,-0.0186,-0.0412,2600,-0.0422,0.0893,0.521,-0.0011,-0.3959,0.0
202510,53027,"grays harbor, wa",405975.0,-0.017,-0.0005,614,-0.0704,0.3614,89.0,-0.0084,0.1274,122,-0.0615,0.4186,4,-0.3333,0.0,0.0048,-0.0017,-0.0012,212.0,0.0392,0.6308,0.2482,0.0273,0.0538,122.0,-0.0861,-0.0827,275.0,-0.0151,0.0109,1500.0,-0.0222,0.0017,530321.0,-0.009,0.1439,733,-0.0768,0.2573,0.1987,-0.0034,-0.0962,0.0
202510,53053,"pierce, wa",627000.0,-0.0047,0.0073,2415,-0.0336,0.2622,56.0,0.0882,0.099,918,-0.1404,0.0775,36,-0.3333,-0.561,0.0083,-0.0032,-0.0123,1180.0,-0.0484,0.3594,0.2629,0.0013,0.0449,1143.0,-0.0285,-0.0616,314.0,0.0004,-0.0088,2090.0,-0.0135,0.0048,745733.0,-0.0051,-0.0133,3561,-0.0297,0.1377,0.4732,0.0025,-0.1633,0.0
202510,53065,"stevens, wa",499000.0,-0.0119,0.0081,257,-0.1155,0.08,86.0,0.024,0.0962,50,0.0,0.3158,0,,,0.0,0.0,0.0,80.0,0.0,0.3793,0.207,0.0092,0.0302,67.0,-0.0362,0.2547,244.0,-0.0307,-0.0211,2048.0,0.0094,0.024,576108.0,-0.0196,-0.0248,321,-0.0959,0.109,0.2593,0.0213,0.0361,0.0
202510,53075,"whitman, wa",370000.0,-0.0464,-0.1483,142,0.0558,0.0758,79.0,0.0788,-0.0278,34,0.0,0.2143,0,,,0.0,0.0,0.0,30.0,-0.375,-0.3478,0.1507,-0.0992,-0.1001,25.0,0.4706,0.0638,196.0,-0.0493,-0.0746,1940.0,0.0113,-0.1027,401634.0,-0.0649,-0.1409,169,0.1192,0.0868,0.1761,0.0497,-0.002,1.0
202510,53055,"san juan, wa",1283750.0,0.0088,-0.0789,192,-0.0793,0.2852,114.0,0.0461,0.1465,22,-0.2143,-0.1538,0,,,0.0,0.0,0.0,24.0,0.2,-0.0769,0.103,0.0275,-0.0227,24.0,-0.1296,-0.2879,686.0,-0.0044,0.0216,2198.0,0.0175,0.0226,2311256.0,0.0458,-0.0716,217,-0.0787,0.1961,0.1227,-0.0071,-0.0988,0.0
202510,53049,"pacific, wa",430000.0,-0.0126,0.0502,250,-0.0329,0.223,97.0,0.0904,0.0663,40,0.1111,0.4286,4,0.0,1.0,0.0123,0.0004,0.0052,50.0,-0.2857,0.1364,0.1613,-0.036,0.0072,36.0,-0.3426,-0.3364,306.0,0.0158,0.0341,1403.0,-0.0364,-0.0693,504733.0,0.0307,-0.0099,286,-0.0849,0.1087,0.1423,-0.067,-0.12,0.0
202510,53041,"lewis, wa",499990.0,-0.0307,-0.0162,341,-0.0555,0.1426,85.0,0.0728,0.1453,82,-0.1277,0.2059,2,-0.5,-0.6667,0.0037,-0.0032,-0.0096,134.0,-0.141,0.2885,0.2487,-0.0253,0.0194,131.0,0.0741,0.4914,288.0,0.0003,0.0038,1834.0,0.0,0.0066,576185.0,-0.0143,-0.0326,467,-0.0342,0.2101,0.3833,0.0462,0.0896,0.0
202510,53029,"island, wa",752475.0,0.0001,-0.0609,386,-0.081,0.3786,67.0,0.0635,0.1261,86,-0.3281,-0.1731,2,0.0,-0.5,0.0033,0.0005,-0.0044,102.0,-0.3544,0.0408,0.1665,-0.0634,-0.0214,139.0,0.0906,0.0109,382.0,-0.0147,-0.0047,2046.0,0.0109,-0.0156,1060426.0,0.0027,-0.0055,523,-0.0474,0.253,0.3588,0.0564,-0.1305,0.0
202510,53073,"whatcom, wa",674950.0,0.0011,-0.0253,852,-0.0714,0.3643,66.0,0.1102,0.1102,230,-0.1085,0.1386,4,-0.3333,1.0,0.003,-0.0011,0.0012,234.0,0.0086,0.481,0.1737,0.0132,0.0318,277.0,-0.0531,-0.0399,379.0,-0.0014,-0.0038,1820.0,-0.0019,-0.0383,821903.0,0.0057,-0.043,1129,-0.0697,0.2381,0.3245,0.0063,-0.1366,0.0
202510,53071,"walla walla, wa",527500.0,-0.0071,0.0369,207,-0.0881,0.4476,79.0,0.0638,0.1084,60,0.0714,0.1111,0,,,0.0,0.0,0.0,60.0,-0.2683,0.6667,0.1854,-0.0468,0.0537,75.0,0.1538,-0.026,251.0,-0.0189,0.0039,2166.0,0.007,0.0231,678038.0,0.0236,0.0953,282,-0.0309,0.2847,0.3623,0.076,-0.1761,0.0
202510,53007,"chelan, wa",664450.0,-0.0313,0.1102,519,-0.0114,0.1125,90.0,0.0915,0.0,76,-0.3333,-0.0256,0,,-1.0,0.0,0.0,-0.0031,94.0,-0.1607,0.093,0.1325,-0.0182,0.0009,107.0,-0.1744,-0.0139,352.0,-0.0404,0.0173,1782.0,-0.0336,0.1379,838156.0,-0.0355,0.1164,626,-0.0436,0.0888,0.2052,-0.0405,-0.0263,0.0
202510,53077,"yakima, wa",429495.0,0.006,0.0047,507,0.009,0.2901,57.0,0.0512,0.2418,182,-0.0421,0.0111,2,-0.5,0.0,0.0022,-0.0021,-0.0003,150.0,-0.0741,-0.1279,0.1652,-0.0149,-0.0593,208.0,-0.0371,0.0614,240.0,-0.0062,0.0221,1842.0,0.001,-0.0417,507614.0,-0.009,0.0391,714,-0.007,0.2176,0.4093,-0.0196,-0.0882,0.0
202510,53035,"kitsap, wa",660975.0,-0.0251,0.0092,631,-0.0686,0.0302,58.0,0.0952,0.1275,232,-0.2418,-0.2,6,-0.5,-0.8,0.0049,-0.0037,-0.0173,294.0,-0.0813,0.3243,0.2329,0.0108,0.069,385.0,-0.0941,-0.1473,321.0,-0.0122,0.0082,2159.0,-0.0169,0.0343,843931.0,-0.039,-0.034,1015,-0.0785,-0.0461,0.6101,-0.0172,-0.127,0.0
202510,53021,"franklin, wa",509974.0,0.0409,0.0252,223,0.0471,0.0495,50.0,-0.0291,-0.1453,88,0.1579,0.1282,4,,0.0,0.0105,0.0105,-0.0007,76.0,0.0556,0.0857,0.2056,0.0073,0.0101,54.0,-0.0442,-0.2117,256.0,0.0079,-0.0378,2151.0,0.0297,0.0543,607157.0,0.035,-0.012,280,0.039,0.0,0.2427,-0.0232,-0.0804,0.0
202510,53047,"okanogan, wa",475000.0,-0.0331,-0.1158,245,0.0145,0.4092,100.0,0.0668,-0.0721,26,-0.48,-0.1875,0,,-1.0,0.0,0.0,-0.008,52.0,-0.037,1.1667,0.1712,0.0118,0.0771,42.0,-0.0778,-0.1531,261.0,-0.0005,-0.1342,1866.0,0.0103,0.0925,606193.0,-0.0265,-0.1861,288,0.0052,0.2921,0.1697,-0.017,-0.1127,1.0
202510,53059,"skamania, wa",685000.0,-0.0291,-0.1173,57,-0.1493,0.0,77.0,0.0512,0.0621,6,-0.6667,0.0,0,,,0.0,0.0,0.0,18.0,-0.3571,1.25,0.196,-0.081,0.0965,28.0,0.4865,0.4474,339.0,-0.0344,0.0491,2031.0,-0.0051,-0.2159,917787.0,0.0207,-0.182,84,-0.0289,0.1053,0.4825,0.2063,0.1491,1.0
202510,53069,"wahkiakum, wa",552500.0,-0.0014,-0.1272,26,-0.1613,-0.0714,118.0,0.2208,0.1244,6,0.5,,0,,,0.0,0.0,0.0,12.0,0.2,-0.1429,0.3227,0.1385,-0.071,5.0,-0.7,-0.4,278.0,-0.0188,-0.0122,1905.0,-0.0284,-0.0018,586726.0,-0.0386,-0.0925,31,-0.3222,-0.1408,0.1731,-0.3108,-0.0948,1.0
202510,53005,"benton, wa",516925.0,0.0057,-0.0025,846,-0.0035,0.2705,63.0,0.0586,0.2163,288,0.0667,0.1803,2,-0.8,-0.8333,0.0015,-0.0058,-0.0095,330.0,0.2222,0.5714,0.2603,0.0509,0.068,179.0,-0.1394,-0.0324,265.0,0.0004,-0.002,2047.0,-0.0085,-0.02,584533.0,-0.0109,-0.0068,1016,-0.0365,0.1982,0.2117,-0.0334,-0.0663,0.0
202510,53037,"kittitas, wa",778250.0,-0.001,0.0927,408,0.1134,0.1288,88.0,0.0732,0.0,110,0.6667,0.1,0,,-1.0,0.0,0.0,-0.011,92.0,-0.1786,-0.0213,0.1571,-0.0568,-0.0159,83.0,0.0248,-0.012,416.0,0.0266,-0.0239,2145.0,-0.0014,0.0916,1110816.0,0.0255,0.0464,490,0.0938,0.1036,0.2025,-0.0175,-0.0288,0.0
202510,53015,"cowlitz, wa",471413.0,-0.0315,-0.0571,394,-0.0013,0.2278,73.0,-0.0068,0.2393,92,-0.2923,-0.2813,32,-0.1111,-0.0588,0.0483,-0.0032,-0.0083,186.0,0.3099,0.0568,0.296,0.0975,0.0036,153.0,-0.1524,-0.0129,277.0,-0.0155,-0.0135,1806.0,-0.0227,-0.0248,571354.0,-0.0154,-0.0533,546,-0.0496,0.1519,0.3888,-0.0693,-0.0948,0.0
202510,53057,"skagit, wa",678163.0,-0.041,-0.0192,381,-0.057,0.2942,58.0,0.1386,0.0088,114,-0.3214,-0.0172,4,,1.0,0.0063,0.0063,0.0028,126.0,0.0161,0.2857,0.1977,0.0295,0.0217,144.0,-0.1223,-0.0337,370.0,0.0003,-0.0151,1974.0,-0.0364,0.0087,832100.0,-0.0234,-0.0456,523,-0.0752,0.1859,0.3771,-0.0281,-0.128,0.0
202510,53045,"mason, wa",499475.0,-0.0249,0.0101,296,-0.0421,0.2385,78.0,0.0331,0.3333,62,-0.3673,-0.3111,0,,-1.0,0.0,0.0,-0.0228,94.0,-0.2167,0.093,0.2102,-0.0225,0.015,91.0,-0.0859,-0.192,314.0,0.0014,0.0546,1709.0,-0.0087,0.0078,610534.0,-0.0579,0.0578,387,-0.048,0.1011,0.3057,-0.0146,-0.1629,0.0
202509,53051,"pend oreille, wa",537500.0,-0.0529,0.094,97,-0.0762,0.1086,82.0,0.2538,0.1241,12,-0.5,-0.625,0,,,0.0,0.0,0.0,16.0,-0.3333,-0.2727,0.1173,-0.0505,-0.0325,28.0,-0.0179,-0.0351,290.0,-0.0584,0.0875,1994.0,-0.048,0.0346,774878.0,-0.0975,0.1182,125,-0.0602,0.087,0.2835,0.0168,-0.0422,0.0
202509,53055,"san juan, wa",1272500.0,-0.0208,-0.0477,208,0.0,0.2568,109.0,0.1543,0.3395,28,0.0,0.5556,0,,,0.0,0.0,0.0,20.0,-0.5455,-0.2308,0.0755,-0.0875,-0.0462,27.0,-0.2059,-0.1,689.0,0.0104,0.0537,2160.0,-0.0306,0.0049,2210032.0,-0.0375,-0.0938,235,-0.0329,0.2113,0.1298,-0.0337,-0.0515,0.0
202509,53047,"okanogan, wa",491250.0,-0.0046,-0.0137,241,0.0343,0.3169,94.0,0.1402,-0.0106,50,0.1364,0.4706,0,,,0.0,0.0,0.0,54.0,-0.1563,0.1739,0.1594,-0.0346,-0.0091,45.0,-0.1176,0.0,261.0,-0.0236,-0.1029,1847.0,0.0284,0.0865,622726.0,-0.0247,-0.1296,286,0.0106,0.2627,0.1867,-0.0322,-0.0592,0.0
202509,53063,"spokane, wa",499950.0,-0.0001,-0.0149,1971,0.0366,0.2837,45.0,0.0976,0.1392,768,0.0,0.0787,20,0.6667,-0.0909,0.0057,0.0022,-0.0016,926.0,0.1692,0.3229,0.2633,0.032,0.0332,769.0,-0.0315,0.0145,228.0,-0.0092,-0.0058,2256.0,0.0049,-0.0087,610011.0,-0.0039,-0.0246,2736,0.016,0.1955,0.3903,-0.0274,-0.1036,0.0
202509,53033,"king, wa",850000.0,-0.0116,0.0123,5899,0.0202,0.2453,45.0,0.0,0.1111,3028,0.3542,-0.0085,42,0.1667,0.0,0.0038,-0.0001,-0.0004,1922.0,0.0311,0.2529,0.1694,-0.0106,0.0196,2361.0,-0.0044,-0.064,534.0,-0.0031,-0.0049,1782.0,-0.0093,0.0135,1331235.0,-0.0265,0.0074,8254,0.0143,0.1368,0.4002,-0.0099,-0.1323,0.0
202509,53005,"benton, wa",514000.0,0.0029,-0.021,849,-0.0191,0.2788,60.0,0.0302,0.149,270,0.0075,-0.0625,10,0.25,0.0,0.0073,0.0014,-0.0015,270.0,-0.1118,0.1441,0.2094,-0.016,0.0014,208.0,-0.0588,0.1429,264.0,0.0005,0.0028,2064.0,0.0083,-0.0126,590999.0,0.007,0.0073,1054,-0.0277,0.2422,0.2451,-0.0104,-0.0292,0.0
202509,53039,"klickitat, wa",590500.0,0.0199,-0.0991,126,0.0203,0.0726,86.0,0.1467,-0.0115,28,0.0,0.2727,2,-0.5,,0.012,-0.0106,0.012,54.0,0.35,0.6875,0.2887,0.0731,0.0855,28.0,0.0769,0.3333,314.0,-0.055,-0.0406,1943.0,-0.0063,-0.0647,769214.0,-0.0426,-0.1161,155,0.0403,0.1232,0.2231,0.0117,0.0436,0.0
202509,53029,"island, wa",752375.0,-0.0165,-0.0855,420,-0.0164,0.4,63.0,0.1053,0.0678,128,-0.0588,0.1429,2,,-0.6667,0.0028,0.0028,-0.0081,158.0,-0.0814,0.4107,0.2299,-0.012,0.0274,127.0,-0.1699,-0.0627,388.0,-0.0136,-0.0084,2024.0,-0.0038,-0.0384,1057560.0,-0.04,0.005,549,-0.0494,0.2609,0.3024,-0.0559,-0.1493,0.0
202509,53007,"chelan, wa",685925.0,-0.0187,0.0947,525,-0.0113,0.078,82.0,0.0933,0.025,114,-0.1618,0.1875,0,,,0.0,0.0,0.0,112.0,-0.1765,0.098,0.1507,-0.023,0.0009,129.0,0.0,0.1073,367.0,-0.0262,0.03,1844.0,-0.0059,0.1315,868992.0,0.0025,0.1251,654,-0.018,0.0837,0.2457,0.0028,0.0065,0.0
202509,53021,"franklin, wa",489925.0,0.0019,-0.0168,213,-0.0513,-0.023,52.0,0.0,-0.0374,76,-0.1739,0.0556,0,-1.0,-1.0,0.0,-0.0118,-0.021,72.0,-0.1818,0.0588,0.1982,-0.0606,0.0064,57.0,-0.1691,-0.1439,254.0,-0.0191,-0.0428,2089.0,0.0154,0.0114,586651.0,0.0062,-0.0407,270,-0.1047,-0.0477,0.2659,-0.0377,-0.0376,0.0
202509,53001,"adams, wa",362450.0,0.0506,0.0422,59,-0.0484,0.0172,87.0,0.1234,0.1533,8,-0.6,-0.2,0,,,0.0,0.0,0.0,12.0,-0.25,-0.1429,0.1298,-0.017,-0.0124,28.0,-0.0517,-0.0833,206.0,0.0004,0.0554,1734.0,0.002,0.0142,404674.0,0.0551,0.1147,88,-0.0385,-0.0113,0.4661,-0.0016,-0.0511,0.0
202509,53017,"douglas, wa",629950.0,-0.0233,0.0025,142,-0.0139,0.0179,80.0,0.089,0.1317,48,-0.0769,-0.1429,0,,,0.0,0.0,0.0,50.0,-0.0385,-0.2188,0.1941,0.0008,-0.058,64.0,0.0492,0.2427,318.0,0.0011,0.0122,2129.0,-0.029,-0.0623,759346.0,-0.0171,-0.092,206,-0.0167,0.0703,0.4507,0.0271,0.0815,0.0
202509,53011,"clark, wa",649450.0,-0.0007,-0.0193,1773,-0.0372,0.1742,63.0,0.1053,0.0957,578,-0.1695,0.0509,154,-0.163,-0.2376,0.0486,-0.0071,-0.0211,936.0,-0.0449,0.2219,0.2963,0.0069,0.0291,839.0,-0.021,0.0164,310.0,-0.0054,0.006,2151.0,-0.0023,-0.025,817741.0,-0.0031,-0.0333,2601,-0.0268,0.1175,0.4733,0.0078,-0.0735,0.0
202509,53059,"skamania, wa",705500.0,0.0452,-0.0955,67,-0.0147,0.1858,73.0,0.0317,0.2008,18,-0.1,0.125,0,,,0.0,0.0,0.0,28.0,-0.125,0.5556,0.277,-0.0062,0.1052,19.0,0.3214,-0.0513,351.0,0.0362,0.0433,2041.0,-0.0032,-0.1926,899193.0,-0.0169,-0.2021,87,0.0549,0.1234,0.2761,0.0702,-0.069,0.0
202509,53031,"jefferson, wa",699000.0,0.0,-0.1047,197,0.0181,0.4774,65.0,0.1154,0.0116,38,-0.4722,-0.2083,0,,-1.0,0.0,0.0,-0.0172,60.0,-0.1176,0.5,0.2073,-0.0068,0.029,48.0,-0.0306,0.1047,377.0,-0.0073,-0.0353,1882.0,0.0116,-0.0951,874332.0,-0.0283,-0.1534,243,-0.0061,0.3778,0.2417,-0.0122,-0.0816,1.0
202509,53057,"skagit, wa",707125.0,-0.0247,0.0116,404,0.0164,0.3143,51.0,0.1222,-0.0098,168,0.0244,0.2923,0,,-1.0,0.0,0.0,-0.0034,124.0,-0.1842,0.0877,0.1682,-0.042,-0.0194,164.0,0.0973,0.0155,370.0,-0.0197,-0.0161,2049.0,0.0192,0.0468,851999.0,0.0039,-0.0307,566,0.0338,0.2096,0.4052,0.0299,-0.1192,0.0
202509,53045,"mason, wa",512250.0,-0.0196,0.067,309,-0.0374,0.2238,76.0,0.2797,0.313,98,0.1667,0.0652,0,,-1.0,0.0,0.0,-0.0125,120.0,-0.1667,0.4286,0.2327,-0.0426,0.0522,99.0,0.0206,-0.2721,313.0,-0.0254,0.0262,1724.0,0.0047,0.0238,648031.0,-0.0033,0.1114,406,-0.031,0.041,0.3204,0.0182,-0.2182,0.0
202509,53061,"snohomish, wa",787463.0,-0.0144,-0.0157,1786,0.0159,0.3738,44.0,0.1,0.1579,928,0.0265,-0.0211,24,-0.25,-0.2941,0.0067,-0.0018,-0.0033,796.0,0.0258,0.3446,0.2184,0.004,0.044,933.0,-0.0153,-0.1937,412.0,-0.0081,0.0018,1976.0,-0.0132,-0.0357,908764.0,-0.0118,-0.027,2714,0.0044,0.1062,0.5221,-0.0166,-0.3675,0.0
202509,53049,"pacific, wa",435500.0,-0.0034,0.0303,258,-0.0337,0.1648,89.0,0.2465,0.1063,36,-0.3571,-0.25,4,,,0.0119,0.0119,0.0119,70.0,-0.125,-0.0541,0.1972,-0.0167,-0.0227,54.0,-0.0526,-0.1,301.0,-0.0085,0.0307,1456.0,-0.0238,-0.0415,489699.0,-0.0467,-0.0362,312,-0.04,0.1103,0.2093,-0.0042,-0.0616,0.0
202509,53069,"wahkiakum, wa",553250.0,0.0619,-0.1424,31,-0.2051,-0.1143,96.0,0.1324,0.2107,4,-0.6667,0.0,0,,-1.0,0.0,0.0,-0.04,10.0,-0.375,0.25,0.1841,-0.11,0.0095,15.0,-0.0625,0.5789,283.0,0.0124,-0.0231,1961.0,0.14,-0.024,610279.0,0.0827,-0.0601,45,-0.1818,0.0,0.4839,0.0736,0.2124,1.0
202509,53037,"kittitas, wa",779000.0,-0.0175,0.0617,366,-0.1449,0.0041,82.0,0.1156,-0.0324,66,-0.3654,-0.0833,0,,,0.0,0.0,0.0,112.0,-0.0667,0.0182,0.2139,0.0073,0.0102,81.0,-0.0747,-0.2648,406.0,-0.0405,-0.0612,2148.0,0.008,0.0963,1083220.0,-0.0242,0.002,448,-0.1284,-0.0488,0.2199,0.0167,-0.0805,0.0
202509,53003,"asotin, wa",429937.0,0.0028,0.1078,108,0.0093,0.4595,66.0,0.1579,0.1282,24,-0.25,-0.2,0,,,0.0,0.0,0.0,30.0,-0.1667,-0.0625,0.2006,0.0091,-0.0357,26.0,-0.1613,-0.0714,217.0,0.014,0.0169,2058.0,-0.0048,0.0511,506624.0,0.0098,0.0214,134,-0.029,0.3073,0.2407,-0.049,-0.1376,0.0
202509,53015,"cowlitz, wa",486725.0,-0.0264,-0.0249,394,-0.0708,0.2449,73.0,0.1967,0.2426,130,-0.0152,0.383,36,0.8,0.6364,0.0514,0.0234,0.0135,142.0,-0.3426,0.029,0.1985,-0.0822,-0.0438,181.0,-0.0296,0.1176,281.0,-0.0086,-0.0082,1848.0,-0.0209,-0.0262,580262.0,-0.0014,0.0124,575,-0.0409,0.2082,0.4581,0.0194,-0.0521,0.0
202509,53009,"clallam, wa",579500.0,-0.0009,-0.1203,319,0.0095,0.2786,69.0,0.1709,0.161,96,-0.1724,-0.1579,2,,0.0,0.0038,0.0038,-0.0004,102.0,-0.1207,0.0625,0.1933,-0.0137,-0.0084,117.0,-0.0331,0.0734,321.0,0.0031,-0.0046,1902.0,0.0284,-0.1162,725119.0,-0.0167,-0.0722,432,-0.008,0.2053,0.3668,-0.0161,-0.0701,1.0
202509,53023,"garfield, wa",271500.0,-0.1381,0.0887,15,0.3636,0.7647,79.0,0.5096,0.6354,6,,0.5,0,,,0.0,0.0,0.0,4.0,0.0,1.0,0.1678,-0.0988,0.025,3.0,-0.375,0.25,171.0,0.0009,-0.1197,1847.0,-0.0716,0.0371,357039.0,-0.1512,-0.2603,18,0.2,0.8,0.1667,-0.197,-0.0686,0.0
202509,53025,"grant, wa",424875.0,0.0238,-0.0457,423,-0.0494,0.3056,77.0,0.0514,0.248,90,-0.1964,-0.1,0,,-1.0,0.0,0.0,-0.0033,112.0,-0.2432,0.0769,0.1702,-0.05,-0.0069,143.0,-0.0035,-0.007,251.0,-0.0025,-0.0112,1726.0,0.0289,-0.0322,517131.0,0.0168,0.0179,567,-0.0349,0.2131,0.3369,0.0155,-0.106,0.0
202509,53077,"yakima, wa",426925.0,0.0045,-0.0102,503,0.0255,0.2968,54.0,0.0142,0.1813,190,0.0326,-0.188,4,0.0,0.0,0.0044,0.0003,-0.0006,162.0,0.1912,0.2857,0.1802,0.0135,0.0281,216.0,0.0311,0.0995,242.0,-0.012,0.0431,1841.0,0.0208,-0.0483,512212.0,-0.0008,0.0396,719,0.0308,0.2251,0.4289,0.0023,-0.077,0.0
202509,53065,"stevens, wa",505000.0,0.01,0.0102,290,-0.0461,0.1983,84.0,0.1761,0.1208,50,-0.3056,0.0417,0,-1.0,-1.0,0.0,-0.0087,-0.0111,80.0,-0.1304,0.2903,0.1978,-0.0132,0.0203,69.0,-0.0417,0.0534,252.0,-0.0029,0.023,2029.0,-0.0088,-0.0005,587604.0,-0.0176,-0.0178,355,-0.047,0.1661,0.2379,0.0011,-0.0327,0.0
202509,53071,"walla walla, wa",531250.0,-0.0242,0.101,227,0.0134,0.5655,75.0,0.0719,0.0068,56,-0.1765,0.12,0,,,0.0,0.0,0.0,82.0,0.1389,0.2813,0.2322,0.0311,0.0085,65.0,-0.0299,-0.3229,256.0,-0.0004,0.023,2151.0,-0.0131,0.0128,662374.0,-0.0042,0.1069,291,0.0034,0.2025,0.2863,-0.0128,-0.3757,0.0
202509,53013,"columbia, wa",332500.0,-0.0497,0.0148,28,-0.0833,0.3095,116.0,0.272,0.4887,6,0.5,-0.25,0,,,0.0,0.0,0.0,10.0,0.25,-0.1667,0.2667,0.0561,-0.0762,6.0,-0.4,0.0909,181.0,0.0798,0.2381,2102.0,-0.1049,0.0262,507157.0,-0.0171,0.0436,34,-0.141,0.2642,0.2182,-0.1152,-0.0437,0.0
202509,53053,"pierce, wa",629975.0,-0.0141,0.0031,2499,0.0169,0.2638,51.0,0.1087,0.0851,1068,-0.0599,0.068,54,-0.1,0.0,0.0115,-0.0012,-0.0015,1240.0,0.0544,0.3596,0.2616,0.0229,0.0438,1176.0,-0.0478,-0.0196,314.0,-0.0071,-0.0119,2118.0,0.0005,0.0111,749561.0,-0.0078,-0.0096,3670,-0.008,0.155,0.4707,-0.032,-0.136,0.0
202509,53019,"ferry, wa",399950.0,-0.111,-0.1502,69,-0.0214,0.398,99.0,-0.137,0.4384,6,-0.25,-0.25,0,,,0.0,0.0,0.0,10.0,-0.5833,0.6667,0.1137,-0.148,0.0219,7.0,-0.0714,-0.2353,248.0,-0.0127,0.0219,1740.0,-0.007,-0.0267,499517.0,-0.0357,-0.1143,75,-0.0385,0.3043,0.0949,-0.0051,-0.0786,1.0
202509,53035,"kitsap, wa",677975.0,-0.0174,0.0277,678,-0.059,0.0788,53.0,0.1667,0.1413,306,-0.1307,-0.1404,12,0.5,-0.1429,0.0085,0.003,-0.0012,320.0,0.0256,0.1594,0.2222,0.0047,0.0263,425.0,-0.0341,-0.0535,325.0,-0.0108,0.0228,2196.0,0.0009,0.0394,878156.0,-0.0093,-0.0206,1102,-0.0422,0.0227,0.6273,0.0162,-0.0877,0.0
202509,53075,"whitman, wa",388000.0,0.0211,-0.1329,135,-0.011,-0.0427,73.0,0.1406,-0.0299,34,0.0625,-0.1905,0,,,0.0,0.0,0.0,48.0,0.3333,-0.1111,0.25,0.05,-0.0236,17.0,-0.1905,-0.2444,206.0,0.016,-0.021,1919.0,-0.0101,-0.1248,429519.0,0.0033,-0.106,151,-0.0195,-0.0736,0.1264,-0.028,-0.0337,1.0
202509,53073,"whatcom, wa",674225.0,-0.0011,-0.0136,918,-0.0423,0.4325,59.0,0.1569,0.1346,258,-0.2037,0.1416,6,0.5,,0.0041,0.0014,0.0041,232.0,-0.2564,0.1373,0.1606,-0.0382,-0.0184,292.0,-0.0818,-0.0363,379.0,-0.0033,-0.008,1823.0,-0.0027,-0.0158,817220.0,-0.0008,-0.0553,1213,-0.0486,0.2897,0.3183,-0.0137,-0.1548,0.0
202509,53067,"thurston, wa",572470.0,-0.0113,-0.0214,806,-0.0159,0.4708,54.0,0.1739,0.1368,330,-0.006,0.0577,12,2.0,-0.1429,0.0077,0.0051,-0.0036,382.0,-0.1075,0.3357,0.2495,-0.0298,0.016,374.0,-0.09,-0.0119,295.0,-0.0063,0.0079,2004.0,-0.0102,-0.0353,682615.0,-0.0014,-0.012,1180,-0.0367,0.2688,0.464,-0.0378,-0.2267,0.0
202509,53043,"lincoln, wa",384725.0,0.0138,-0.0022,88,0.0732,0.5714,71.0,0.1833,0.0923,20,0.0,-0.2857,0,,-1.0,0.0,0.0,-0.0185,28.0,0.0,2.5,0.2167,-0.021,0.1313,16.0,-0.1111,-0.1351,192.0,-0.0408,-0.0859,2225.0,0.0525,0.1276,476504.0,-0.011,-0.0485,104,0.0722,0.4247,0.1818,-0.0377,-0.1485,0.0
202509,53041,"lewis, wa",515800.0,-0.0004,-0.0166,361,-0.0488,0.1878,79.0,0.2344,0.2248,94,-0.1296,-0.0408,4,0.0,1.0,0.0069,0.0004,0.0029,156.0,-0.0714,0.5,0.274,0.0035,0.0645,122.0,-0.0933,0.2462,288.0,0.0078,-0.0007,1834.0,-0.0011,0.0163,584544.0,-0.0078,-0.0237,483,-0.064,0.206,0.337,-0.0165,0.0158,0.0
202509,53027,"grays harbor, wa",412975.0,0.0197,0.0042,661,0.0038,0.3876,89.0,0.1226,0.2061,130,-0.2073,-0.0714,6,0.5,2.0,0.0065,0.0022,0.0038,204.0,0.0851,0.3973,0.2209,0.0125,0.0223,134.0,0.1033,0.023,279.0,-0.015,-0.0002,1534.0,0.0237,0.0213,535158.0,0.0335,0.1239,794,0.0128,0.3102,0.2021,0.0182,-0.072,0.0
202508,53055,"san juan, wa",1299495.0,-0.1308,-0.0832,208,-0.028,0.2235,94.0,0.3056,0.3429,28,-0.2222,-0.2222,0,,,0.0,0.0,0.0,44.0,0.2222,0.0,0.163,0.034,-0.0174,34.0,0.0625,0.1333,682.0,-0.0033,0.0823,2228.0,-0.0172,0.0118,2296252.0,-0.0015,-0.0601,243,-0.0082,0.215,0.1635,0.0139,-0.013,0.0
202508,53015,"cowlitz, wa",499900.0,-0.0292,-0.0476,424,0.0205,0.3856,61.0,0.1091,0.1509,132,-0.1429,-0.0294,20,-0.4118,-0.375,0.028,-0.0201,-0.0253,216.0,-0.0847,0.3846,0.2807,-0.0437,0.0194,186.0,0.1006,0.1698,283.0,0.0013,0.0188,1888.0,-0.0232,-0.037,581090.0,-0.027,-0.0304,599,0.0408,0.2993,0.4387,0.0319,-0.0809,0.0
202508,53043,"lincoln, wa",379500.0,-0.0744,0.012,82,0.1549,0.5472,60.0,0.2308,-0.1724,20,-0.2308,0.6667,0,,,0.0,0.0,0.0,28.0,0.0769,0.75,0.2376,0.0274,0.0494,18.0,-0.1628,-0.0526,200.0,0.0204,-0.0692,2114.0,-0.0672,0.0067,481790.0,-0.035,-0.0214,97,0.0601,0.3472,0.2195,-0.0833,-0.139,0.0
202508,53077,"yakima, wa",425000.0,-0.0116,-0.0139,490,0.0538,0.3315,53.0,0.06,0.0816,184,0.0698,0.122,4,,,0.0041,0.0041,0.0041,136.0,-0.0286,0.2143,0.1667,0.005,-0.0028,209.0,-0.0813,0.2744,245.0,-0.0011,0.0582,1803.0,-0.0251,-0.0815,512607.0,-0.0129,0.0331,697,0.0072,0.3004,0.4265,-0.0627,-0.0191,0.0
202508,53017,"douglas, wa",645000.0,-0.0104,0.0239,144,-0.1,0.0827,73.0,0.2016,0.0282,52,0.1304,0.0833,0,,,0.0,0.0,0.0,52.0,-0.1875,0.0833,0.1933,-0.0421,-0.0181,61.0,0.0991,0.3261,318.0,0.0144,0.0207,2192.0,-0.0086,-0.0436,772580.0,-0.0199,-0.063,209,-0.0302,0.1676,0.4236,0.0767,0.0777,0.0
202508,53033,"king, wa",859999.0,-0.0157,0.0238,5782,-0.0236,0.324,45.0,0.0843,0.1842,2236,-0.1986,-0.0477,36,-0.2174,-0.4,0.0038,-0.0008,-0.0024,1864.0,-0.1208,0.47,0.1799,-0.0102,0.0403,2371.0,-0.0219,-0.0923,535.0,-0.0121,0.0049,1799.0,-0.0008,0.0047,1367524.0,0.0017,0.0256,8138,-0.0233,0.1636,0.4101,0.0007,-0.1881,0.0
202508,53069,"wahkiakum, wa",521000.0,-0.0306,-0.2281,39,-0.1429,0.1471,85.0,0.36,0.3281,12,2.0,2.0,0,,,0.0,0.0,0.0,16.0,0.0,0.3333,0.2941,0.0318,0.0541,16.0,0.4545,0.7778,279.0,-0.0029,-0.031,1720.0,-0.0333,-0.1472,563677.0,0.0351,-0.1584,55,-0.0265,0.3095,0.4103,0.1685,0.1456,1.0
202508,53049,"pacific, wa",437000.0,-0.0226,0.0282,267,0.0133,0.1659,71.0,0.0758,0.0143,56,-0.2222,-0.0667,0,-1.0,,0.0,-0.0052,0.0,80.0,-0.0698,-0.0476,0.2139,-0.005,-0.0275,57.0,0.1875,0.1176,303.0,-0.0159,0.0312,1492.0,-0.0096,-0.0188,513679.0,-0.0404,0.0331,325,0.0501,0.1444,0.2135,0.0313,-0.0092,0.0
202508,53031,"jefferson, wa",699000.0,-0.0981,-0.1252,193,0.1124,0.5078,59.0,0.0986,0.125,72,0.2414,0.5,0,-1.0,,0.0,-0.0081,0.0,68.0,-0.0286,0.8889,0.214,-0.0388,0.0481,49.0,0.0889,-0.0755,380.0,-0.0511,-0.0156,1861.0,-0.0353,-0.1068,899809.0,-0.0509,-0.0986,244,0.1193,0.3407,0.2539,-0.0055,-0.1602,1.0
202508,53027,"grays harbor, wa",405000.0,-0.0182,-0.0311,658,0.0469,0.3708,80.0,0.1277,0.3475,164,0.0649,0.1389,4,1.0,0.0,0.0043,0.0021,-0.0013,188.0,-0.1826,0.093,0.2084,-0.0448,-0.0129,121.0,-0.0397,-0.0833,283.0,-0.017,-0.0277,1499.0,0.0027,0.001,517813.0,0.0051,0.0835,784,0.037,0.281,0.1839,-0.0166,-0.0911,0.0
202508,53051,"pend oreille, wa",567500.0,0.0179,0.1351,105,-0.0625,0.2353,65.0,0.25,0.0156,24,-0.2,0.2,0,,,0.0,0.0,0.0,24.0,0.0,-0.4,0.1678,0.0182,-0.1285,28.0,0.6,0.2727,308.0,0.0434,0.0925,2094.0,0.0287,0.0475,858574.0,0.0224,0.2557,133,0.031,0.2547,0.2667,0.1104,0.0078,0.0
202508,53005,"benton, wa",512500.0,0.003,-0.0492,865,0.0099,0.3952,58.0,0.0943,0.0943,268,-0.1976,0.1754,8,-0.5,-0.5,0.0059,-0.0053,-0.0087,304.0,-0.044,0.3818,0.2254,-0.0109,0.0123,221.0,0.0625,0.0995,264.0,0.0031,0.0051,2047.0,-0.0015,-0.043,586887.0,0.0058,-0.0083,1084,0.0198,0.3236,0.2555,0.0126,-0.0687,0.0
202508,53073,"whatcom, wa",675000.0,-0.0288,-0.0175,958,0.0639,0.483,51.0,0.057,0.275,324,-0.0357,0.1571,4,1.0,-0.5,0.0027,0.0015,-0.0036,312.0,0.2,0.4182,0.1987,0.0315,0.026,318.0,-0.0031,-0.0592,381.0,-0.0079,-0.0235,1828.0,-0.0293,0.0111,817897.0,-0.0476,-0.0659,1275,0.0464,0.2879,0.3319,-0.0223,-0.1913,0.0
202508,53001,"adams, wa",344999.0,-0.0282,0.0298,62,-0.0313,0.069,77.0,0.0336,0.2833,20,0.4286,0.25,0,,,0.0,0.0,0.0,16.0,0.0,0.3333,0.1468,0.0018,0.0367,29.0,0.2083,-0.1714,206.0,-0.051,0.0532,1731.0,-0.0193,-0.0373,383553.0,-0.0037,0.0601,91,0.0341,-0.0109,0.4677,0.0927,-0.1357,0.0
202508,53011,"clark, wa",649900.0,-0.0227,-0.0299,1841,0.0466,0.2498,57.0,0.1176,0.1176,696,-0.0142,0.1447,184,0.0575,-0.1786,0.0556,0.004,-0.0187,980.0,-0.0467,0.0746,0.2894,-0.0113,-0.0222,857.0,-0.0127,-0.0239,312.0,-0.0073,-0.003,2156.0,-0.0016,-0.0222,820285.0,-0.0009,-0.0332,2672,0.0173,0.1399,0.4655,-0.028,-0.1306,0.0
202508,53025,"grant, wa",415000.0,-0.0229,-0.0453,445,0.0289,0.4038,73.0,0.1496,0.3774,112,-0.1884,0.0769,0,-1.0,,0.0,-0.0082,0.0,148.0,0.1045,0.3214,0.2202,0.0372,0.0285,143.0,-0.1173,0.0593,252.0,-0.0049,-0.0106,1677.0,-0.028,-0.0417,508581.0,-0.0028,-0.003,587,-0.0059,0.2873,0.3213,-0.0532,-0.1045,0.0
202508,53039,"klickitat, wa",579000.0,-0.0186,-0.116,123,-0.004,0.0885,75.0,0.0067,0.0345,28,0.75,0.75,4,0.0,,0.0226,-0.0012,0.0226,40.0,-0.2857,0.1111,0.2156,-0.1312,-0.0244,26.0,0.2683,0.3684,333.0,0.0567,0.0234,1955.0,0.0099,-0.0445,803450.0,-0.0146,-0.0864,149,0.0276,0.1119,0.2114,0.0454,0.0432,1.0
202508,53023,"garfield, wa",315000.0,0.0,-0.1871,11,0.0476,1.2,52.0,0.1556,-0.0877,0,-1.0,,0,,,0.0,0.0,0.0,4.0,,,0.2667,0.2667,0.2667,4.0,0.3333,0.3333,171.0,-0.1206,-0.188,1990.0,-0.0584,-0.0888,420618.0,-0.0707,-0.2616,15,0.1111,0.875,0.3636,0.0779,-0.2364,1.0
202508,53035,"kitsap, wa",690000.0,0.0022,0.0616,720,0.0286,0.1538,45.0,0.1688,0.0227,352,-0.0974,0.1,8,-0.4286,-0.5,0.0055,-0.0034,-0.0069,312.0,-0.0769,0.1642,0.2174,0.0021,0.024,440.0,-0.0648,-0.1111,329.0,-0.0053,0.0512,2194.0,0.0106,0.0546,886423.0,0.0027,0.0118,1150,-0.0167,0.0195,0.6111,-0.061,-0.1822,0.0
202508,53071,"walla walla, wa",544450.0,-0.0363,0.0696,224,0.0927,0.3659,70.0,0.2193,0.0859,68,0.1724,0.1333,0,,-1.0,0.0,0.0,-0.0117,72.0,-0.1628,0.0588,0.2011,-0.0434,-0.0114,67.0,-0.1976,-0.3431,256.0,-0.0362,0.0065,2180.0,0.0035,0.0166,665150.0,-0.048,0.1142,290,-0.0017,0.1027,0.2991,-0.1082,-0.3228,0.0
202508,53003,"asotin, wa",428750.0,-0.0408,0.0996,107,0.1505,0.5286,57.0,0.0133,0.027,32,-0.1579,0.0,0,,,0.0,0.0,0.0,36.0,0.125,0.5,0.1915,-0.0098,0.0083,31.0,0.24,0.069,214.0,0.0296,-0.0429,2068.0,-0.0747,0.093,501704.0,-0.0453,-0.1013,138,0.1548,0.3939,0.2897,0.0209,-0.1246,0.0
202508,53063,"spokane, wa",499999.0,-0.0366,-0.0291,1901,0.0541,0.2598,41.0,0.0789,-0.0238,768,-0.1429,0.1429,12,-0.5,-0.4,0.0034,-0.0034,-0.0034,792.0,0.0617,0.3026,0.2313,0.0192,0.0237,794.0,0.0089,-0.01,230.0,-0.0165,0.005,2245.0,-0.0136,-0.0211,612388.0,-0.0231,-0.0219,2693,0.0456,0.1673,0.4177,-0.0187,-0.1138,0.0
202508,53065,"stevens, wa",500000.0,-0.0472,-0.029,304,0.0537,0.2773,71.0,0.1137,0.1008,72,0.0286,-0.1,4,,,0.0087,0.0087,0.0087,92.0,-0.0213,0.3529,0.2111,-0.0097,0.0326,72.0,0.0141,0.1429,252.0,-0.0033,-0.0123,2047.0,-0.0123,0.0232,598151.0,-0.0015,-0.0076,372,0.0391,0.2441,0.2368,-0.0093,-0.0279,0.0
202508,53067,"thurston, wa",579000.0,0.007,-0.0103,819,0.013,0.4444,46.0,0.15,0.0455,332,-0.2207,0.0921,4,-0.3333,-0.5,0.0026,-0.0011,-0.0033,428.0,-0.0489,0.6719,0.2793,0.0177,0.0624,411.0,0.0431,-0.0261,297.0,-0.0003,0.015,2025.0,-0.0183,-0.0392,683568.0,-0.0045,-0.0147,1225,0.0204,0.2324,0.5018,0.0145,-0.2424,0.0
202508,53009,"clallam, wa",580000.0,-0.0293,-0.1471,316,0.0,0.2794,59.0,0.1196,0.1471,116,-0.1471,0.0357,0,-1.0,-1.0,0.0,-0.0036,-0.0082,116.0,0.1837,0.381,0.207,0.0432,0.0283,121.0,-0.0281,0.0431,320.0,0.0031,-0.0207,1849.0,-0.0484,-0.1344,737419.0,0.0067,-0.0545,435,0.0035,0.2185,0.3829,-0.0111,-0.0867,1.0
202508,53019,"ferry, wa",449900.0,-0.1002,-0.1002,70,0.0526,0.5909,115.0,0.1443,0.5436,8,-0.3333,-0.3333,0,,,0.0,0.0,0.0,24.0,1.0,2.0,0.2617,0.1159,0.1687,7.0,0.2727,-0.3,251.0,-0.0135,0.0342,1753.0,-0.0728,-0.074,518010.0,-0.0938,-0.0938,78,0.0759,0.4444,0.1,0.0173,-0.1273,1.0
202508,53059,"skamania, wa",675000.0,-0.1101,-0.1373,68,0.1148,0.1333,71.0,0.1639,0.0,20,0.1111,0.25,0,,,0.0,0.0,0.0,32.0,0.4545,0.1429,0.2832,0.0444,-0.0712,14.0,-0.3333,-0.4167,338.0,0.0132,0.0158,2048.0,-0.0335,-0.1823,914661.0,-0.0677,-0.1881,82,0.0061,-0.0238,0.2059,-0.1384,-0.1941,1.0
202508,53075,"whitman, wa",380000.0,-0.0428,-0.1739,136,-0.0145,-0.049,64.0,0.0847,-0.0078,32,0.1429,-0.2,0,,,0.0,0.0,0.0,36.0,-0.3571,-0.25,0.2,-0.0882,-0.0243,21.0,-0.2364,0.1053,203.0,-0.0219,-0.037,1938.0,-0.0046,-0.1774,428122.0,-0.0259,-0.1337,154,-0.0638,-0.0314,0.1544,-0.0449,0.0215,1.0
202508,53037,"kittitas, wa",792900.0,-0.0089,0.0572,428,0.0227,0.1823,74.0,0.1395,0.0352,104,0.1064,0.0833,0,,,0.0,0.0,0.0,120.0,0.0526,0.1111,0.2066,0.0175,0.0164,87.0,0.1013,-0.2091,423.0,-0.0576,-0.0147,2131.0,-0.0008,0.0226,1110098.0,-0.0167,0.0159,514,0.0301,0.089,0.2033,0.0145,-0.1006,0.0
202508,53007,"chelan, wa",699000.0,-0.0007,0.077,531,0.0028,0.0971,75.0,0.1628,-0.0385,136,-0.1053,0.0303,0,,,0.0,0.0,0.0,136.0,0.0303,0.4167,0.1737,0.0069,0.0306,129.0,0.1944,0.1622,377.0,-0.0021,0.0459,1855.0,0.006,0.1094,866800.0,0.0014,0.1015,666,0.0447,0.1193,0.2429,0.039,0.0136,0.0
202508,53061,"snohomish, wa",799000.0,-0.0006,-0.0315,1758,-0.0003,0.3692,40.0,0.0959,0.1429,904,-0.1032,-0.0174,32,0.4545,0.1429,0.0085,0.0027,0.0004,776.0,-0.0537,0.2763,0.2144,-0.0029,0.0393,947.0,-0.0079,-0.2282,415.0,-0.0037,-0.007,2002.0,-0.0026,-0.0234,919572.0,-0.011,-0.0181,2702,-0.0015,0.0791,0.5387,-0.0041,-0.4169,0.0
202508,53029,"island, wa",765000.0,-0.0579,-0.0491,427,-0.0139,0.4,57.0,0.14,0.1633,136,-0.1707,0.0625,0,-1.0,,0.0,-0.0056,0.0,172.0,0.1169,0.4333,0.2419,0.0377,0.0272,153.0,0.0851,0.1953,393.0,-0.0047,-0.0122,2032.0,-0.0218,-0.0275,1101654.0,-0.0181,0.074,577,0.0052,0.3387,0.3583,0.0327,-0.0614,0.0
202508,53013,"columbia, wa",349900.0,-0.0001,0.0526,30,-0.0323,0.6667,91.0,0.4677,0.0282,4,-0.3333,0.0,0,,,0.0,0.0,0.0,8.0,0.0,1.0,0.2105,0.0351,0.0366,10.0,0.1765,0.6667,167.0,0.0202,-0.0292,2348.0,0.0475,0.2053,515956.0,-0.0069,0.4069,39,-0.0127,0.625,0.3333,0.0591,0.0,0.0
202508,53021,"franklin, wa",489000.0,0.0111,-0.0179,224,-0.0366,0.0667,52.0,0.051,0.0957,92,-0.08,0.0455,4,0.0,-0.5,0.0118,0.0017,-0.01,88.0,0.1579,0.2941,0.2588,0.0598,0.0715,68.0,0.1057,0.0,259.0,0.0109,-0.0205,2057.0,0.0108,0.0,583050.0,0.0147,-0.0341,301,0.0203,0.0866,0.3036,0.0391,-0.0202,0.0
202508,53045,"mason, wa",522500.0,-0.03,0.0908,321,0.0256,0.1547,59.0,0.1569,0.2165,84,-0.3333,-0.3226,0,-1.0,-1.0,0.0,-0.0038,-0.0077,144.0,-0.027,0.1613,0.2753,0.0015,0.0364,97.0,0.0601,-0.1849,322.0,-0.0051,0.0622,1716.0,-0.0156,0.0214,650153.0,-0.0185,0.1048,419,0.0358,0.0397,0.3022,0.0098,-0.1259,0.0
202508,53047,"okanogan, wa",493500.0,-0.0323,-0.0022,233,-0.0085,0.2073,82.0,0.3957,0.0513,44,-0.12,0.5714,0,,,0.0,0.0,0.0,64.0,0.0323,0.1429,0.1939,0.0043,-0.0104,51.0,0.02,0.186,268.0,-0.0095,-0.0757,1796.0,0.0176,0.0346,638516.0,-0.0119,-0.0832,283,-0.007,0.2094,0.2189,0.0061,-0.0039,0.0
202508,53041,"lewis, wa",516000.0,0.0044,-0.0166,379,0.0313,0.2032,64.0,0.094,0.094,108,0.0,-0.1,4,1.0,0.0,0.0065,0.0029,-0.0007,168.0,0.0909,0.3125,0.2705,0.0083,0.0175,134.0,0.1552,0.4105,286.0,-0.0191,-0.002,1836.0,0.0166,-0.0166,589149.0,-0.0189,-0.0082,516,0.0672,0.2647,0.3536,0.0379,0.052,0.0
202508,53053,"pierce, wa",639000.0,-0.0169,0.0063,2457,0.0119,0.2485,46.0,0.1152,0.0698,1136,-0.0734,0.0597,60,0.25,0.3636,0.0128,0.0033,0.0029,1176.0,-0.0607,0.2727,0.2387,-0.0142,0.0119,1235.0,-0.0144,-0.0104,316.0,-0.0149,-0.0079,2117.0,-0.0033,0.0081,755420.0,-0.0151,-0.0039,3699,0.0058,0.1527,0.5026,-0.0134,-0.1315,0.0
202508,53057,"skagit, wa",725000.0,0.0311,0.0372,397,0.0952,0.3278,45.0,0.0227,0.125,164,-0.0575,0.2424,0,,-1.0,0.0,0.0,-0.0066,152.0,0.1515,0.4615,0.2102,0.0221,0.0411,149.0,-0.0165,-0.2032,377.0,-0.0102,0.0152,2010.0,0.0229,0.0025,848683.0,-0.0118,-0.05,547,0.0642,0.1118,0.3753,-0.0426,-0.2501,0.0
202507,53055,"san juan, wa",1495000.0,0.0717,0.0411,214,0.0338,0.321,72.0,0.152,0.2522,36,0.0,-0.1429,0,,,0.0,0.0,0.0,36.0,-0.1429,0.125,0.129,-0.0222,-0.0083,32.0,-0.0725,0.4884,684.0,-0.0102,0.0471,2267.0,0.0398,0.0372,2299763.0,0.0332,-0.0812,245,0.0124,0.3351,0.1495,-0.0171,0.0168,0.0
202507,53021,"franklin, wa",483650.0,-0.0228,-0.031,233,0.031,0.1802,49.0,0.1011,0.2564,100,0.1364,-0.0566,4,-0.3333,1.0,0.0101,-0.0044,0.0056,76.0,0.0556,0.1176,0.1991,0.0198,0.0314,62.0,-0.1022,-0.1458,256.0,-0.0237,-0.0361,2035.0,-0.0046,-0.0263,574616.0,-0.0106,-0.0336,295,0.0172,0.0946,0.2645,-0.0393,-0.101,0.0
202507,53051,"pend oreille, wa",557500.0,0.0554,0.0138,112,0.1034,0.2655,52.0,0.1751,0.1183,30,0.0,0.1538,0,,,0.0,0.0,0.0,24.0,0.0909,-0.2941,0.1496,0.0041,-0.0984,18.0,-0.2045,-0.3137,295.0,0.0752,-0.0475,2036.0,0.0862,0.085,839739.0,0.0663,0.136,129,0.0488,0.1316,0.1563,-0.0605,-0.1319,0.0
202507,53063,"spokane, wa",519000.0,0.0025,-0.0114,1804,0.101,0.1967,38.0,0.0411,0.0411,896,0.0252,0.2514,24,0.0909,0.0909,0.0068,0.0004,-0.0002,746.0,0.0275,-0.0605,0.2121,-0.0086,-0.0403,787.0,-0.058,-0.0569,234.0,-0.0148,0.0016,2276.0,0.0009,-0.0158,626843.0,-0.0098,-0.011,2576,0.0457,0.1011,0.4364,-0.0737,-0.1174,0.0
202507,53009,"clallam, wa",597500.0,-0.044,-0.1452,316,0.1127,0.3829,52.0,0.1742,0.1359,136,0.2143,0.1525,2,,,0.0036,0.0036,0.0036,98.0,-0.1404,-0.1404,0.1638,-0.0561,-0.0996,125.0,-0.0423,0.1116,319.0,-0.0127,-0.0184,1943.0,-0.0026,-0.1085,732494.0,-0.0253,-0.0691,434,0.0677,0.2806,0.394,-0.0638,-0.0962,1.0
202507,53041,"lewis, wa",513725.0,-0.0121,-0.0215,368,0.0683,0.2917,59.0,0.2188,0.0493,108,-0.2059,0.2558,2,-0.5,-0.75,0.0036,-0.0031,-0.0134,154.0,0.0132,0.2222,0.2622,0.0055,-0.0109,116.0,-0.0293,0.2021,291.0,-0.0003,0.0233,1806.0,-0.0107,-0.0411,600498.0,-0.005,0.001,484,0.0454,0.2791,0.3156,-0.0317,-0.0235,0.0
202507,53025,"grant, wa",424705.0,-0.0053,-0.0747,433,0.0523,0.5614,64.0,0.1239,0.2095,138,0.15,0.0147,6,0.5,,0.0082,0.0025,0.0082,134.0,-0.0563,0.4255,0.183,-0.0182,0.0149,162.0,-0.0822,0.0452,253.0,-0.0141,-0.0086,1725.0,-0.0126,-0.0375,510022.0,0.0049,-0.045,591,0.0077,0.3669,0.3746,-0.0549,-0.185,0.0
202507,53047,"okanogan, wa",509950.0,-0.0015,0.0189,235,0.0538,0.1959,59.0,0.224,-0.0369,50,-0.2647,0.0,0,,,0.0,0.0,0.0,62.0,-0.1389,0.7222,0.1897,-0.0179,0.0659,50.0,-0.2,-0.0991,270.0,-0.0349,-0.0745,1765.0,0.0363,-0.0031,646188.0,-0.0213,-0.0879,285,-0.0018,0.1377,0.2128,-0.0675,-0.0697,0.0
202507,53073,"whatcom, wa",695000.0,-0.0089,-0.0035,901,0.0784,0.4642,48.0,0.1092,0.3986,336,-0.0968,-0.0345,2,0.0,0.0,0.0012,-0.0001,-0.0005,260.0,0.1207,0.2745,0.1672,0.0187,0.0152,319.0,-0.082,0.0257,384.0,-0.0122,-0.0269,1883.0,-0.0157,0.0182,858801.0,-0.0319,-0.0404,1219,0.0304,0.3202,0.3542,-0.0619,-0.1514,0.0
202507,53067,"thurston, wa",574963.0,-0.0087,-0.0288,809,0.1542,0.4335,40.0,0.0811,0.0811,426,-0.0575,0.139,6,-0.5714,-0.25,0.0037,-0.0048,-0.0021,450.0,0.25,0.6423,0.2616,0.0337,0.0668,394.0,-0.0858,-0.1025,297.0,0.0004,0.0105,2062.0,-0.0078,-0.0256,686656.0,-0.0181,-0.0391,1201,0.061,0.1975,0.4873,-0.128,-0.291,0.0
202507,53071,"walla walla, wa",564945.0,-0.0217,0.1344,205,0.0302,0.1615,57.0,0.1813,0.1753,58,-0.3256,-0.2564,0,-1.0,,0.0,-0.005,0.0,86.0,0.1026,0.1026,0.2445,0.0393,0.0265,84.0,-0.1608,-0.2085,265.0,-0.0247,0.0476,2172.0,-0.0366,0.0098,698678.0,-0.0349,0.1809,291,-0.0102,0.032,0.4073,-0.0927,-0.1904,0.0
202507,53077,"yakima, wa",430000.0,-0.0086,0.01,465,0.0544,0.3616,50.0,0.1111,0.0582,172,-0.1963,0.0,0,,,0.0,0.0,0.0,140.0,-0.125,0.129,0.1617,-0.0087,-0.0171,228.0,-0.0541,0.2297,245.0,0.0013,0.0558,1850.0,-0.016,-0.0272,519299.0,0.0048,0.0578,692,0.0229,0.3269,0.4892,-0.0561,-0.0525,0.0
202507,53075,"whitman, wa",397000.0,-0.0025,-0.1341,138,0.0656,0.0824,59.0,0.1919,-0.1748,28,-0.5484,-0.1765,0,-1.0,,0.0,-0.0085,0.0,56.0,0.0769,0.037,0.2882,0.0635,-0.0014,28.0,-0.2949,0.0185,207.0,0.0213,-0.0153,1947.0,-0.0146,-0.1858,439505.0,-0.0368,-0.1161,165,-0.006,0.0717,0.1993,-0.1019,-0.0125,1.0
202507,53061,"snohomish, wa",799475.0,-0.0112,-0.0362,1759,0.0782,0.4685,37.0,0.1967,0.1967,1008,-0.1204,0.0522,22,-0.3125,-0.3889,0.0058,-0.0026,-0.0044,820.0,0.0594,0.5074,0.2173,0.0126,0.0587,955.0,-0.0879,-0.2478,417.0,-0.0109,-0.0065,2007.0,0.0001,-0.0298,929802.0,-0.0056,-0.0303,2706,0.0078,0.0989,0.5428,-0.0988,-0.5169,0.0
202507,53003,"asotin, wa",447000.0,0.0017,0.1224,93,0.1411,0.3676,56.0,0.0227,0.1139,38,0.3571,0.7273,0,,,0.0,0.0,0.0,32.0,-0.1111,0.3333,0.2013,-0.0596,-0.0075,25.0,0.0204,-0.1228,208.0,-0.0294,-0.0723,2235.0,0.0077,0.1829,525487.0,-0.0143,-0.0614,120,0.1274,0.2383,0.2688,-0.0318,-0.1503,1.0
202507,53037,"kittitas, wa",799998.0,-0.0148,0.0756,419,0.0662,0.1561,65.0,0.1727,0.1217,94,-0.1754,-0.0408,0,,,0.0,0.0,0.0,114.0,0.0364,-0.1364,0.189,0.0202,-0.0383,79.0,-0.4038,-0.2617,449.0,0.0039,0.0442,2133.0,-0.0019,0.0489,1128998.0,-0.0083,0.0698,499,-0.0486,0.0674,0.1888,-0.1488,-0.1068,0.0
202507,53011,"clark, wa",665000.0,-0.0147,-0.0085,1759,0.0344,0.2279,51.0,0.1209,0.0515,706,-0.1694,-0.0434,174,-0.315,-0.13,0.0516,-0.0258,-0.0165,1028.0,0.089,0.3385,0.3008,0.0208,0.0527,868.0,-0.0313,-0.0596,314.0,-0.0071,-0.0003,2160.0,-0.0023,-0.0179,821032.0,-0.0088,-0.0363,2627,0.017,0.1165,0.4935,-0.0334,-0.1509,0.0
202507,53015,"cowlitz, wa",514950.0,-0.0001,-0.0445,416,0.0559,0.4328,55.0,0.2644,0.236,154,-0.0941,0.1159,34,-0.3462,-0.0556,0.0481,-0.023,-0.018,236.0,0.0536,0.475,0.3244,0.0158,0.0676,169.0,-0.0059,0.0336,283.0,-0.0156,-0.0061,1932.0,0.0348,-0.0386,597232.0,-0.0297,-0.0643,576,0.0268,0.269,0.4067,-0.0253,-0.1571,0.0
202507,53027,"grays harbor, wa",412500.0,-0.0177,-0.0177,629,0.044,0.3813,71.0,0.128,0.2703,154,-0.1149,0.0548,2,-0.8,,0.0022,-0.0087,0.0022,230.0,0.0952,0.2637,0.2531,0.0189,0.0047,126.0,-0.0233,-0.0118,288.0,-0.0152,-0.0217,1495.0,-0.0023,0.002,515196.0,-0.0041,0.0375,756,0.0335,0.3001,0.2005,-0.0138,-0.0797,0.0
202507,53001,"adams, wa",355000.0,-0.0438,0.0292,64,0.0579,0.2673,75.0,0.2263,1.0135,14,-0.2222,0.0,0,,,0.0,0.0,0.0,16.0,0.1429,0.3333,0.145,0.0104,0.0354,24.0,0.0435,-0.2941,217.0,-0.0051,0.2467,1765.0,-0.0205,-0.0727,384964.0,-0.0687,0.0495,88,0.0667,0.0173,0.375,-0.0052,-0.2983,1.0
202507,53065,"stevens, wa",524750.0,0.0499,-0.0416,289,0.0,0.3114,64.0,0.1916,0.2379,70,-0.186,0.4,0,,,0.0,0.0,0.0,94.0,0.0444,0.4242,0.2207,0.0167,0.02,71.0,0.084,0.0216,253.0,0.0062,-0.0091,2073.0,0.0107,-0.0145,599053.0,0.0082,-0.0418,358,0.0099,0.2388,0.2461,0.0191,-0.0698,0.0
202507,53023,"garfield, wa",315000.0,0.0211,0.0959,11,0.05,0.9091,45.0,-0.2653,0.3043,2,-0.6667,,0,,,0.0,0.0,0.0,0.0,-1.0,,0.0,-0.2711,0.0,3.0,-0.4,0.0,194.0,-0.0519,0.441,2113.0,0.0277,-0.0936,452639.0,-0.0144,-0.1413,14,-0.1,0.5882,0.2857,-0.2143,-0.2597,0.0
202507,53059,"skamania, wa",758500.0,0.0957,-0.0117,61,-0.0394,-0.024,61.0,0.1349,-0.0687,18,0.8,0.2857,0,,-1.0,0.0,0.0,-0.0177,22.0,-0.2667,0.375,0.2388,-0.076,0.069,21.0,0.1351,-0.0667,334.0,-0.0117,0.0139,2119.0,-0.0222,-0.0282,981045.0,-0.0118,-0.0557,82,0.0062,-0.0412,0.3443,0.0529,-0.0157,0.0
202507,53029,"island, wa",812000.0,-0.0172,-0.0328,433,0.1174,0.4628,50.0,0.1111,0.1236,164,0.0513,0.1714,4,,,0.0056,0.0056,0.0056,154.0,0.0694,0.5098,0.2042,0.0013,0.0195,141.0,-0.1269,0.1235,395.0,-0.019,-0.0113,2077.0,-0.0036,-0.0286,1121989.0,0.0019,0.0864,574,0.0446,0.3749,0.3256,-0.0911,-0.0984,0.0
202507,53039,"klickitat, wa",589950.0,-0.0673,-0.1013,124,0.0,0.1076,75.0,0.1374,0.4327,16,-0.5556,-0.3333,4,-0.5,1.0,0.0238,-0.018,0.0124,56.0,0.037,0.4,0.3468,0.0685,0.1026,21.0,-0.3387,-0.18,315.0,-0.0543,-0.0489,1936.0,-0.0073,-0.0539,815345.0,0.029,-0.0661,145,-0.0492,0.0584,0.166,-0.085,-0.0582,1.0
202507,53033,"king, wa",873725.0,-0.0127,0.0288,5922,0.024,0.3856,42.0,0.137,0.1528,2790,-0.1143,-0.0231,46,-0.2581,0.0,0.0047,-0.0007,-0.0002,2120.0,-0.0257,0.3929,0.1902,0.0035,0.0355,2424.0,-0.1017,-0.0867,542.0,-0.014,0.0023,1800.0,0.0,0.0171,1365162.0,-0.0025,0.0161,8333,-0.018,0.2065,0.4093,-0.0573,-0.2116,0.0
202507,53019,"ferry, wa",500000.0,0.0001,0.2531,67,0.1083,0.4778,101.0,0.2681,0.4056,12,0.2,0.2,0,,,0.0,0.0,0.0,12.0,1.0,-0.1429,0.1458,0.0756,-0.065,6.0,-0.5926,-0.3529,255.0,-0.0086,0.0342,1890.0,-0.0207,0.0523,571636.0,-0.0057,0.0166,73,-0.0203,0.3426,0.0827,-0.1423,-0.1062,0.0
202507,53049,"pacific, wa",447098.0,0.002,0.084,264,0.1237,0.1582,66.0,0.0154,0.1478,72,-0.027,0.2857,2,,,0.0052,0.0052,0.0052,86.0,0.1944,0.4333,0.2189,0.0049,0.0311,48.0,-0.04,0.1163,308.0,-0.0067,0.048,1506.0,0.004,0.0027,535313.0,0.0014,0.0934,310,0.0917,0.1421,0.1822,-0.0311,-0.0068,0.0
202507,53007,"chelan, wa",699488.0,0.0083,0.0721,530,0.0433,0.1412,65.0,0.1316,-0.0549,152,0.0133,0.2881,0,,,0.0,0.0,0.0,132.0,0.0313,0.0154,0.1668,-0.0043,-0.0176,108.0,0.0286,-0.0769,378.0,0.0105,0.058,1844.0,0.0409,0.0774,865566.0,0.0132,0.1011,638,0.0408,0.102,0.204,-0.0029,-0.0482,0.0
202507,53031,"jefferson, wa",775000.0,0.0389,-0.023,174,0.0878,0.3502,53.0,0.0441,0.2102,58,-0.1471,0.16,2,,,0.0081,0.0081,0.0081,70.0,0.1667,0.3462,0.2529,0.0295,0.0297,45.0,0.0465,-0.1667,401.0,-0.0187,0.0663,1929.0,0.0182,-0.0425,948054.0,-0.0287,0.0102,218,0.0765,0.1784,0.2594,-0.0102,-0.1609,0.0
202507,53013,"columbia, wa",349925.0,-0.0002,0.0191,31,0.0333,0.7222,62.0,0.4762,0.004,6,0.5,-0.25,0,,,0.0,0.0,0.0,8.0,0.3333,-0.2,0.1755,0.05,-0.0964,9.0,0.2143,-0.2609,164.0,-0.0335,-0.0687,2242.0,0.0945,0.1629,519542.0,-0.0042,0.399,40,0.0676,0.3167,0.2742,0.0409,-0.3647,0.0
202507,53045,"mason, wa",538675.0,-0.0197,0.0435,313,0.1444,0.2347,51.0,0.1724,0.1461,126,0.0328,0.05,2,,-0.75,0.0038,0.0038,-0.0132,148.0,0.2542,0.1746,0.2738,0.0422,0.0222,92.0,-0.1567,-0.2278,323.0,-0.0031,0.0437,1743.0,-0.014,-0.019,662380.0,-0.0246,0.0657,405,0.0589,0.0845,0.2923,-0.1044,-0.1751,0.0
202507,53005,"benton, wa",510950.0,-0.0149,-0.0538,857,0.0581,0.3938,53.0,0.06,0.1398,334,-0.006,0.1929,16,-0.1111,0.3333,0.0112,-0.0024,0.0002,318.0,0.1439,0.4071,0.2362,0.0329,0.0258,208.0,-0.0567,0.0532,263.0,0.0048,-0.003,2050.0,-0.0122,-0.0425,583503.0,-0.0106,-0.0165,1063,0.0406,0.3099,0.2428,-0.0295,-0.0786,0.0
202507,53057,"skagit, wa",703113.0,-0.0335,0.0045,363,0.131,0.2372,44.0,0.0233,-0.0538,174,-0.0114,0.0357,0,,,0.0,0.0,0.0,132.0,0.0476,0.082,0.1881,0.0032,0.0001,152.0,-0.0381,-0.213,381.0,-0.0101,0.0245,1965.0,-0.0175,-0.0163,858842.0,-0.0098,-0.0447,514,0.0675,0.0598,0.4179,-0.0735,-0.2391,0.0
202507,53043,"lincoln, wa",410000.0,0.1237,0.0616,71,0.1008,0.2348,49.0,-0.0972,-0.2169,26,0.0833,0.8571,0,,,0.0,0.0,0.0,26.0,0.3,0.1818,0.2102,0.0176,-0.0282,22.0,0.2647,-0.0227,196.0,-0.0013,-0.0412,2266.0,0.0553,0.0696,499267.0,0.021,0.0333,92,0.1296,0.1582,0.3028,0.0393,-0.0798,1.0
202507,53069,"wahkiakum, wa",537450.0,-0.0567,-0.1664,46,0.046,0.3382,63.0,0.0638,0.3228,4,-0.7778,-0.3333,0,,-1.0,0.0,0.0,-0.0317,16.0,0.0,0.3333,0.2623,0.0196,0.0484,11.0,0.2941,0.6923,280.0,-0.0062,-0.0678,1779.0,0.0344,-0.1034,544582.0,-0.0762,-0.1448,57,0.0865,0.378,0.2418,0.0464,0.0506,1.0
202507,53053,"pierce, wa",650000.0,-0.0076,0.0277,2428,0.0837,0.2597,41.0,0.1458,0.1301,1226,-0.139,0.0116,48,0.0,-0.0769,0.0094,-0.0007,-0.0028,1252.0,0.0646,0.2015,0.253,0.0144,0.0245,1253.0,0.017,-0.0071,321.0,-0.0067,0.0049,2124.0,-0.006,0.0057,766977.0,-0.0143,0.0064,3678,0.0593,0.1539,0.5161,-0.0338,-0.1387,0.0
202507,53017,"douglas, wa",651750.0,-0.0251,0.0145,160,0.0323,0.25,61.0,0.4128,0.0385,46,-0.2069,0.2105,0,,-1.0,0.0,0.0,-0.0172,64.0,0.5238,-0.0303,0.2354,0.0723,-0.0585,56.0,0.0,0.11,313.0,-0.0218,-0.007,2211.0,-0.0208,0.0112,788290.0,-0.0176,-0.057,216,0.0311,0.2107,0.3469,-0.0112,-0.0438,0.0
202507,53035,"kitsap, wa",688500.0,-0.015,0.0716,700,0.0638,0.1485,39.0,0.0548,-0.1047,390,-0.1485,-0.0347,14,-0.4167,0.1667,0.0089,-0.006,0.0013,338.0,-0.0117,0.1818,0.2153,0.0058,0.0323,471.0,-0.0368,-0.082,330.0,-0.0164,0.0616,2171.0,-0.0052,0.0396,883993.0,-0.0044,-0.0007,1170,0.017,0.0484,0.6721,-0.0703,-0.1687,0.0
202506,53021,"franklin, wa",494925.0,-0.0294,0.0103,226,0.0894,0.2813,45.0,0.0114,0.3906,88,-0.2143,-0.2667,6,,0.5,0.0145,0.0145,0.004,72.0,0.2,-0.0526,0.1793,0.0184,-0.0131,69.0,0.161,-0.0987,263.0,-0.0036,-0.0095,2045.0,-0.0061,-0.0227,580744.0,-0.0057,0.03,290,0.1111,0.1373,0.3038,0.0187,-0.128,0.0
202506,53051,"pend oreille, wa",528238.0,-0.0765,-0.0306,102,0.3533,0.3013,44.0,0.0057,0.3015,30,-0.0625,-0.1667,0,,,0.0,0.0,0.0,22.0,0.8333,-0.2143,0.1455,0.0695,-0.0898,22.0,-0.0435,0.1,274.0,0.0048,-0.0694,1874.0,-0.0497,-0.0807,787490.0,-0.1143,0.1007,123,0.2178,0.2424,0.2167,-0.0899,-0.0397,0.0
202506,53053,"pierce, wa",654995.0,0.0079,0.0315,2241,0.1811,0.3003,36.0,0.0588,0.0909,1424,-0.0028,0.0821,48,0.2,-0.1429,0.0101,0.0011,-0.0024,1176.0,0.4067,0.3303,0.2385,0.0446,0.0372,1232.0,0.0241,-0.0881,323.0,-0.0087,0.0129,2137.0,0.0194,0.0067,778119.0,0.0079,0.0232,3472,0.1159,0.1345,0.5499,-0.0843,-0.2342,0.0
202506,53073,"whatcom, wa",701225.0,0.0032,0.0018,835,0.1001,0.6633,44.0,0.2083,0.2083,372,-0.1226,0.1481,2,-0.5,-0.5,0.0013,-0.0014,-0.0022,232.0,0.234,0.5263,0.1485,0.0235,0.0198,348.0,0.1138,0.178,389.0,0.0059,0.0015,1913.0,0.0028,0.0253,887091.0,0.0022,-0.0681,1183,0.1041,0.4837,0.4162,0.0051,-0.1715,0.0
202506,53037,"kittitas, wa",811975.0,0.0162,0.0925,393,0.0248,0.1894,55.0,0.1957,0.1702,114,-0.3667,-0.1094,0,,,0.0,0.0,0.0,110.0,-0.0833,0.0185,0.1688,-0.0133,-0.0136,133.0,0.183,0.1229,447.0,-0.012,0.0397,2137.0,0.0175,0.0477,1138457.0,0.0071,0.0796,525,0.0617,0.176,0.3376,0.0452,-0.02,0.0
202506,53071,"walla walla, wa",577473.0,-0.0078,0.1299,199,0.0994,0.2516,48.0,0.1488,0.0966,86,-0.1042,0.075,2,,,0.005,0.005,0.005,78.0,0.3929,0.2188,0.2052,0.0429,0.0095,100.0,0.3092,-0.0245,272.0,0.0086,0.0972,2255.0,-0.0112,0.0457,723948.0,0.0277,0.1735,294,0.1601,0.1376,0.5,0.0801,-0.1415,0.0
202506,53077,"yakima, wa",433750.0,-0.0141,-0.0006,441,0.0576,0.3486,45.0,0.0,-0.0426,214,-0.0614,0.2442,0,-1.0,-1.0,0.0,-0.0049,-0.0115,160.0,0.1765,0.4815,0.1704,0.011,0.0079,241.0,-0.0062,0.2397,245.0,-0.0027,0.0714,1880.0,0.004,-0.0206,516810.0,-0.0058,0.0591,677,0.0392,0.3085,0.5454,-0.035,-0.0479,0.0
202506,53009,"clallam, wa",625000.0,-0.0119,-0.0458,284,0.0441,0.3028,45.0,0.2027,0.1711,112,-0.3171,-0.0667,0,,,0.0,0.0,0.0,114.0,0.14,0.5833,0.2199,0.0442,0.0529,130.0,0.1207,0.3131,323.0,-0.0093,0.0057,1948.0,-0.0046,-0.0981,751501.0,-0.0399,-0.0333,406,0.0769,0.3055,0.4577,0.0313,0.0036,0.0
202506,53003,"asotin, wa",446250.0,-0.0083,0.0952,82,0.1164,0.2348,55.0,0.2791,0.0577,28,-0.125,0.0,0,,,0.0,0.0,0.0,36.0,0.125,0.5,0.2609,0.0184,0.0704,25.0,-0.2097,-0.1833,214.0,0.0422,-0.0727,2218.0,-0.0626,0.0438,533133.0,0.0197,-0.0695,106,0.0192,0.1042,0.3006,-0.124,-0.1539,0.0
202506,53013,"columbia, wa",350000.0,-0.1117,0.0687,30,0.25,0.5,42.0,0.75,-0.3058,4,-0.6667,-0.5,0,,,0.0,0.0,0.0,6.0,0.5,-0.25,0.1255,0.0485,-0.0907,7.0,-0.2222,-0.2222,170.0,0.026,-0.0695,2048.0,-0.0593,0.0993,521710.0,-0.0395,0.4888,37,0.1563,0.2759,0.2333,-0.1417,-0.2167,0.0
202506,53075,"whitman, wa",398000.0,-0.0233,-0.1441,130,0.136,0.0444,50.0,0.0313,-0.161,62,0.55,0.1923,2,,,0.0085,0.0085,0.0085,52.0,0.1818,-0.1875,0.2247,0.0181,-0.089,39.0,0.2581,0.5,203.0,-0.0087,-0.0318,1976.0,-0.0346,-0.1584,456293.0,-0.0256,-0.0919,166,0.1573,0.0888,0.3012,0.0292,0.0915,1.0
202506,53055,"san juan, wa",1395000.0,0.0731,0.0731,207,0.1965,0.5,63.0,0.3736,0.0684,36,-0.3571,0.0,0,,,0.0,0.0,0.0,42.0,0.5,0.1667,0.1511,0.033,-0.0412,35.0,0.2778,0.5,691.0,0.0256,0.0615,2180.0,-0.009,0.0323,2225771.0,0.0325,-0.0851,242,0.2161,0.4847,0.1667,0.0106,0.0,0.0
202506,53057,"skagit, wa",727500.0,-0.0287,0.0393,321,0.1128,0.0976,43.0,0.1622,0.075,176,-0.0833,0.0,0,,,0.0,0.0,0.0,126.0,0.0862,0.3696,0.1849,-0.0003,0.0255,158.0,0.043,-0.1346,385.0,0.005,0.0149,2000.0,-0.007,0.0183,867316.0,-0.025,-0.0452,482,0.0869,0.0094,0.4914,-0.0329,-0.1319,0.0
202506,53069,"wahkiakum, wa",569750.0,-0.0252,-0.0942,44,0.1757,0.6111,59.0,-0.227,0.1634,18,0.5,0.5,0,,,0.0,0.0,0.0,16.0,1.0,1.0,0.2426,0.0945,0.0794,9.0,0.7,0.0625,282.0,-0.0152,-0.0747,1720.0,0.0804,-0.1189,589515.0,-0.0226,-0.0959,52,0.2381,0.4444,0.1954,0.0603,-0.1009,0.0
202506,53041,"lewis, wa",520000.0,0.0421,-0.0093,344,0.1061,0.2836,48.0,0.1034,0.0787,136,-0.15,0.1333,4,0.0,,0.0067,-0.0002,0.0067,152.0,0.2258,0.2667,0.2567,0.0418,0.0138,120.0,-0.0808,0.2071,292.0,-0.0139,0.0367,1826.0,0.0349,-0.0492,603489.0,0.0302,0.0115,463,0.0511,0.2671,0.3474,-0.0706,-0.022,0.0
202506,53067,"thurston, wa",580000.0,0.0001,-0.0252,701,0.2183,0.401,37.0,0.1935,0.0278,452,0.0089,0.1414,14,0.1667,-0.125,0.0085,0.0,-0.0034,360.0,0.3846,0.3636,0.228,0.0449,0.0365,431.0,-0.0315,-0.1113,297.0,-0.0044,-0.0126,2079.0,0.0279,-0.0002,699291.0,0.0064,-0.0325,1132,0.0911,0.1558,0.6153,-0.1586,-0.3547,0.0
202506,53025,"grant, wa",426978.0,0.0166,-0.0512,411,0.0675,0.6707,57.0,-0.0259,0.1895,120,-0.1176,0.4286,4,0.0,,0.0056,-0.0004,0.0056,142.0,0.1452,0.9722,0.2012,0.0336,0.0443,177.0,-0.0194,0.2007,256.0,-0.0126,0.0074,1747.0,0.0388,-0.0038,507515.0,0.0356,-0.0311,586,0.0597,0.5064,0.4294,-0.0381,-0.1681,0.0
202506,53029,"island, wa",826238.0,0.0341,-0.0557,388,0.1232,0.4091,45.0,0.25,0.0976,156,-0.093,0.0541,0,,,0.0,0.0,0.0,144.0,0.3333,0.44,0.2028,0.0433,0.0292,162.0,0.1703,0.0094,402.0,0.0041,-0.0233,2085.0,0.0572,-0.0042,1119896.0,0.0154,0.0785,550,0.14,0.272,0.4168,0.0168,-0.165,0.0
202506,53063,"spokane, wa",517699.0,-0.0139,-0.0139,1638,0.1601,0.2035,37.0,0.1061,0.1774,874,0.0505,0.0258,22,0.1,-0.2143,0.0065,-0.0001,-0.0024,726.0,0.0934,0.0934,0.2207,0.0193,0.0249,836.0,-0.0958,-0.0869,237.0,-0.0039,-0.0071,2274.0,0.0086,-0.0113,633054.0,-0.0121,-0.0169,2463,0.0557,0.076,0.5101,-0.1443,-0.1622,0.0
202506,53047,"okanogan, wa",510725.0,0.0752,0.0064,223,0.1675,0.212,48.0,0.2,-0.0588,68,-0.1905,0.2143,0,,,0.0,0.0,0.0,72.0,1.5714,0.3846,0.2076,0.1176,0.0348,63.0,0.5625,0.2255,280.0,-0.0097,-0.0433,1703.0,0.0049,-0.0143,660236.0,-0.0619,-0.0689,286,0.2413,0.1946,0.2803,0.0708,0.0031,0.0
202506,53027,"grays harbor, wa",419950.0,0.0119,0.0047,602,0.1511,0.4612,63.0,0.1364,0.1792,174,-0.13,0.0357,10,,,0.0109,0.0109,0.0109,210.0,0.4189,0.5,0.2342,0.0359,0.0331,129.0,0.084,0.0661,293.0,0.0089,-0.0206,1498.0,0.0,0.0047,517340.0,0.0255,0.0609,732,0.1667,0.375,0.2143,-0.0132,-0.0794,0.0
202506,53007,"chelan, wa",693725.0,0.0839,0.0511,508,0.1178,0.1404,57.0,0.2391,0.0088,150,0.0135,0.3393,0,,-1.0,0.0,0.0,-0.0057,128.0,0.4545,0.0323,0.1711,0.0432,-0.0063,105.0,0.0,-0.1026,374.0,0.055,0.0519,1772.0,0.1184,0.0329,854327.0,0.0772,0.0848,613,0.0899,0.1036,0.2069,-0.0244,-0.056,0.0
202506,53035,"kitsap, wa",699000.0,0.0145,0.1184,658,0.1325,0.084,37.0,0.2167,-0.0135,458,-0.0691,0.2053,24,0.0,-0.1429,0.0149,-0.0001,-0.0038,342.0,0.379,0.5545,0.2095,0.0424,0.0625,489.0,-0.0171,-0.0783,336.0,-0.0033,0.0866,2182.0,0.0272,0.054,887907.0,0.0083,0.0121,1150,0.057,0.0177,0.7424,-0.113,-0.1307,0.0
202506,53033,"king, wa",884988.0,0.0114,0.0388,5783,0.0897,0.4966,37.0,0.2586,0.2167,3150,-0.1728,0.007,62,0.55,-0.1842,0.0054,0.0021,-0.0024,2176.0,0.1878,0.5411,0.1866,0.0258,0.0424,2699.0,0.0455,-0.0458,549.0,-0.0197,0.0077,1800.0,0.0253,0.0221,1368598.0,0.0159,0.0123,8486,0.0612,0.2608,0.4666,-0.0197,-0.2653,0.0
202506,53001,"adams, wa",371250.0,-0.0087,0.125,61,0.0083,0.3444,61.0,0.5987,0.6419,18,-0.1,-0.3571,0,,,0.0,0.0,0.0,14.0,-0.125,0.75,0.1346,-0.0222,0.0134,23.0,0.2105,-0.1786,219.0,0.0042,0.2026,1802.0,-0.0738,-0.022,413366.0,0.0082,0.1487,83,0.0577,0.1301,0.3802,0.0635,-0.2421,0.0
202506,53043,"lincoln, wa",364875.0,0.044,-0.1041,65,0.0932,0.1121,54.0,0.3846,0.0385,24,0.2,0.2,0,,,0.0,0.0,0.0,20.0,0.0,0.0,0.1926,0.0156,0.0141,17.0,0.0625,-0.1053,196.0,0.0361,0.0016,2148.0,0.0166,0.0092,488995.0,0.0318,0.0062,81,0.08,0.0519,0.2636,-0.0076,-0.064,1.0
202506,53039,"klickitat, wa",632500.0,-0.0209,-0.0268,124,0.1227,0.2108,66.0,0.213,0.31,36,0.0,-0.25,8,,1.0,0.0418,0.0418,0.0138,54.0,0.35,0.5,0.2783,0.0497,0.0815,31.0,0.2917,0.069,333.0,-0.0158,0.0628,1950.0,0.0317,-0.025,792369.0,0.053,-0.0246,153,0.1466,0.1466,0.251,0.0328,-0.0333,0.0
202506,53045,"mason, wa",549500.0,-0.0009,0.0195,274,0.1789,0.1891,44.0,0.2083,-0.0114,122,-0.0758,0.0167,0,-1.0,-1.0,0.0,-0.0069,-0.0084,118.0,0.3409,-0.0484,0.2316,0.0461,-0.0433,109.0,0.2056,-0.0398,324.0,0.0498,0.0428,1768.0,-0.0153,-0.0259,679068.0,-0.0183,0.0463,382,0.1938,0.1137,0.3967,0.0088,-0.0946,0.0
202506,53049,"pacific, wa",446200.0,-0.0082,0.1156,235,0.122,0.1904,65.0,0.1404,0.1304,74,0.1563,0.0278,0,-1.0,,0.0,-0.0131,0.0,72.0,0.2857,0.8,0.214,0.0396,0.0631,50.0,0.3514,0.6129,310.0,-0.008,0.0549,1500.0,-0.0007,0.0027,534542.0,-0.007,0.0827,284,0.1524,0.277,0.2132,0.0362,0.0559,0.0
202506,53019,"ferry, wa",499975.0,0.0309,0.2499,60,0.0169,0.3636,79.0,0.2992,0.7611,10,-0.1667,0.25,0,,,0.0,0.0,0.0,6.0,-0.5,-0.25,0.0701,-0.0617,-0.0458,14.0,0.5,0.0385,257.0,-0.0229,0.0434,1930.0,0.0758,0.0675,574900.0,-0.0278,-0.0045,74,0.1212,0.3214,0.225,0.0725,-0.0705,0.0
202506,53011,"clark, wa",674950.0,-0.0089,-0.0125,1701,0.0915,0.2485,46.0,0.0581,0.0341,850,0.0167,0.0897,254,-0.0078,0.0948,0.0775,-0.0032,0.0007,944.0,0.1919,0.3333,0.2799,0.0259,0.05,896.0,0.0529,-0.0686,317.0,-0.0174,-0.0003,2165.0,0.0009,-0.0219,828339.0,-0.0182,-0.0413,2583,0.072,0.1122,0.5269,-0.0193,-0.1794,0.0
202506,53031,"jefferson, wa",746000.0,-0.0106,-0.0312,160,0.1,0.3182,51.0,0.1333,0.3784,68,0.0,0.0,0,,,0.0,0.0,0.0,60.0,0.3636,0.6667,0.2234,0.0243,0.0865,43.0,0.2647,-0.0444,408.0,0.0079,0.092,1894.0,-0.0272,-0.0617,976103.0,-0.0316,0.0662,203,0.1441,0.1982,0.2696,0.0351,-0.1023,0.0
202506,53005,"benton, wa",518675.0,0.017,-0.0568,810,0.1904,0.3605,50.0,0.087,0.1364,336,-0.0345,0.1351,18,3.5,0.5,0.0136,0.0103,0.0013,278.0,0.1583,0.5795,0.2033,0.0102,0.0237,221.0,0.0161,0.1193,262.0,-0.0117,-0.0053,2075.0,0.0133,-0.0441,589728.0,0.0083,-0.0274,1022,0.1413,0.2914,0.2724,-0.0467,-0.0587,0.0
202506,53061,"snohomish, wa",808553.0,-0.0328,-0.0374,1631,0.1709,0.5835,31.0,0.1731,0.1731,1146,-0.1019,0.0456,32,0.3333,-0.5,0.0085,0.0014,-0.0101,774.0,0.3723,0.5236,0.2047,0.0512,0.0574,1047.0,-0.0328,-0.2108,421.0,-0.0039,0.0025,2007.0,-0.0128,-0.0248,935037.0,-0.014,-0.0197,2685,0.0822,0.131,0.6416,-0.1351,-0.6457,0.0
202506,53015,"cowlitz, wa",515000.0,0.0363,-0.0627,394,0.2532,0.6061,44.0,-0.0842,0.0116,170,0.0366,0.1806,52,0.1818,0.3,0.0711,0.0102,-0.0042,224.0,0.3659,0.6,0.3086,0.0648,0.0623,170.0,-0.0761,0.0559,287.0,-0.0254,0.0316,1867.0,0.0311,-0.1106,615489.0,0.0203,-0.035,561,0.1323,0.3874,0.432,-0.154,-0.2251,0.0
202506,53059,"skamania, wa",692250.0,-0.121,-0.0645,64,0.0948,-0.0078,54.0,0.0437,0.075,10,-0.6429,-0.6429,0,,-1.0,0.0,0.0,-0.0412,30.0,-0.0625,0.0714,0.3148,-0.0131,0.0366,19.0,0.3214,-0.0263,338.0,-0.0251,-0.0067,2167.0,-0.0002,0.0631,992733.0,-0.0538,-0.0353,81,0.1408,-0.0471,0.2913,0.05,-0.0055,0.0
202506,53065,"stevens, wa",499788.0,0.0413,-0.0004,289,0.168,0.4142,54.0,0.2159,0.163,86,-0.1042,-0.0227,0,,-1.0,0.0,0.0,-0.0107,90.0,-0.1,0.6071,0.204,-0.0275,0.0423,66.0,0.0565,-0.0224,252.0,0.0067,-0.0075,2051.0,0.0278,-0.0364,594161.0,0.0335,-0.0212,355,0.1472,0.3081,0.227,-0.024,-0.1014,0.0
202506,53017,"douglas, wa",668500.0,-0.0449,0.0748,155,0.2705,0.2705,43.0,0.3871,0.1026,58,-0.2368,0.1154,0,,,0.0,0.0,0.0,42.0,-0.25,-0.25,0.1631,-0.032,-0.1074,56.0,-0.1957,0.0091,320.0,-0.0046,0.0336,2258.0,-0.0148,0.0591,802444.0,-0.022,0.0128,209,0.0718,0.1808,0.3581,-0.2075,-0.0928,0.0
202506,53023,"garfield, wa",308500.0,-0.0126,0.1845,10,0.25,2.3333,61.0,0.2629,0.0381,6,0.5,0.5,0,,,0.0,0.0,0.0,6.0,,,0.2711,0.2711,0.2711,5.0,-0.2857,0.6667,205.0,-0.0364,0.814,2056.0,0.0198,-0.1591,459253.0,-0.0949,0.3769,15,0.0,1.1429,0.5,-0.375,-0.5,1.0
202505,53033,"king, wa",875000.0,0.0294,0.0294,5307,0.3246,0.5978,29.0,0.0,0.1837,3808,0.1553,0.2089,40,-0.2,-0.375,0.0033,-0.0017,-0.0037,1832.0,0.4268,0.7381,0.1609,0.0243,0.0501,2581.0,0.0468,-0.0957,560.0,-0.0012,0.0108,1756.0,0.0622,0.0101,1347124.0,0.017,-0.0261,7996,0.2311,0.2945,0.4863,-0.129,-0.3729,0.0
202505,53069,"wahkiakum, wa",584500.0,-0.0193,-0.0707,37,0.2542,0.5417,76.0,0.251,-0.0098,12,,2.0,0,,,0.0,0.0,0.0,8.0,-0.2,1.0,0.1481,-0.1429,0.0339,5.0,0.25,-0.375,286.0,-0.0383,-0.0937,1592.0,-0.0553,-0.1809,603115.0,-0.0097,-0.089,42,0.2353,0.3548,0.1351,-0.0005,-0.1982,1.0
202505,53071,"walla walla, wa",582000.0,0.0301,0.1914,181,0.3817,0.2569,42.0,0.1053,-0.0667,96,0.2632,0.1429,0,,,0.0,0.0,0.0,56.0,0.5556,0.12,0.1623,0.0304,0.0019,76.0,0.0483,-0.1314,270.0,0.0146,0.1179,2280.0,0.0007,0.0111,704457.0,0.0423,0.1698,253,0.2222,0.0812,0.4199,-0.1335,-0.1877,0.0
202505,53005,"benton, wa",510000.0,0.0021,-0.0646,680,0.1093,0.2308,46.0,0.1152,0.0698,348,0.0807,0.1678,4,-0.8462,-0.5,0.0033,-0.0201,-0.0045,240.0,0.5385,0.4815,0.1931,0.0535,0.0335,217.0,0.1128,0.1667,265.0,0.0001,-0.0016,2048.0,-0.0038,-0.0422,584862.0,0.0293,-0.0259,895,0.1084,0.2185,0.3191,0.001,-0.0175,0.0
202505,53059,"skamania, wa",787500.0,0.087,0.1202,58,0.2473,0.0175,52.0,-0.1825,0.0957,28,0.75,0.0769,0,,,0.0,0.0,0.0,32.0,0.3333,0.7778,0.3279,0.0221,0.1588,14.0,0.12,-0.0968,347.0,0.0612,0.0485,2167.0,-0.0033,0.0707,1049219.0,0.0162,0.1327,71,0.1933,-0.0139,0.2414,-0.0274,-0.0306,0.0
202505,53017,"douglas, wa",699950.0,0.0047,0.0394,122,0.2775,0.1845,31.0,-0.1206,0.0973,76,0.1176,0.0857,0,,,0.0,0.0,0.0,56.0,1.1538,0.75,0.1951,0.0798,0.0638,69.0,0.3398,0.2545,322.0,0.032,0.0481,2292.0,0.0399,0.0523,820487.0,0.0222,-0.0304,195,0.3265,0.2303,0.5656,0.0263,0.0316,0.0
202505,53051,"pend oreille, wa",572000.0,-0.0268,-0.0112,75,0.3274,0.3636,44.0,-0.0785,0.1429,32,0.2308,0.0,0,,,0.0,0.0,0.0,12.0,-0.4,-0.25,0.0759,-0.1133,-0.0687,23.0,0.1795,0.2105,273.0,0.0068,-0.142,1972.0,-0.102,-0.0487,889088.0,-0.1151,0.1385,101,0.3467,0.3557,0.3067,-0.0385,-0.0388,0.0
202505,53043,"lincoln, wa",349500.0,0.0433,-0.0811,59,0.2553,0.0085,39.0,-0.2571,0.013,20,-0.1667,-0.1667,0,,,0.0,0.0,0.0,20.0,0.6667,0.25,0.177,0.0317,0.0206,16.0,0.28,-0.2195,189.0,0.0846,0.046,2113.0,0.0103,0.0324,473910.0,0.1386,0.0948,75,0.2712,-0.0506,0.2712,0.0052,-0.0792,0.0
202505,53007,"chelan, wa",640000.0,0.0847,-0.1461,454,0.2371,0.4012,46.0,0.0888,0.2349,148,-0.1494,-0.2292,0,,,0.0,0.0,0.0,88.0,0.4194,-0.2,0.1279,0.0333,-0.0564,105.0,0.05,-0.0541,354.0,0.0423,-0.1253,1584.0,0.0642,-0.2216,793117.0,0.0827,-0.1788,562,0.2034,0.2934,0.2313,-0.0412,-0.1113,1.0
202505,53065,"stevens, wa",479950.0,0.0328,-0.0748,247,0.2198,0.4402,44.0,-0.0383,0.0602,96,0.1429,0.1707,0,,,0.0,0.0,0.0,100.0,0.5625,1.0833,0.2315,0.0421,0.0799,62.0,0.2653,-0.008,250.0,0.0148,-0.038,1995.0,0.0252,-0.0517,574914.0,0.0121,-0.0619,309,0.2286,0.3262,0.251,0.009,-0.1134,0.0
202505,53077,"yakima, wa",439950.0,0.0481,0.0425,417,0.1301,0.3365,45.0,0.0714,0.0227,228,0.14,0.3412,4,1.0,0.0,0.0049,0.0024,-0.001,136.0,0.4167,0.5111,0.1594,0.0381,0.0199,242.0,0.0926,0.337,245.0,-0.0047,0.0685,1872.0,0.0361,-0.0064,519813.0,0.0223,0.1039,651,0.11,0.3191,0.5803,-0.0199,0.0002,0.0
202505,53055,"san juan, wa",1300000.0,-0.0123,0.0614,173,0.2401,0.4599,46.0,0.3188,0.0,56,0.0,0.037,0,,,0.0,0.0,0.0,28.0,0.2727,0.75,0.1181,0.0174,0.0287,27.0,0.08,0.125,674.0,0.0463,0.0634,2200.0,-0.0042,0.0925,2155634.0,0.0634,-0.034,199,0.2209,0.3868,0.1561,-0.0231,-0.0465,0.0
202505,53041,"lewis, wa",499000.0,0.0264,-0.0019,311,0.1848,0.3262,44.0,-0.2162,0.0116,160,0.0811,0.3333,4,1.0,1.0,0.0069,0.0033,0.0021,124.0,0.0333,0.2917,0.2149,-0.0149,-0.0032,130.0,0.1556,0.215,296.0,0.0156,0.0615,1764.0,-0.0001,-0.075,585805.0,0.0215,0.0151,440,0.1876,0.3313,0.418,-0.0106,-0.0383,0.0
202505,53037,"kittitas, wa",799000.0,0.0188,0.0845,383,0.2415,0.2375,46.0,0.0,0.363,180,0.2857,0.1688,0,-1.0,,0.0,-0.0035,0.0,120.0,0.3636,0.1321,0.1821,0.0211,-0.015,112.0,0.1728,0.2308,452.0,-0.0221,0.0435,2100.0,0.0226,0.0108,1130393.0,-0.0074,0.0991,494,0.2108,0.2258,0.2924,-0.0171,-0.0016,0.0
202505,53063,"spokane, wa",525000.0,0.0,-0.0149,1412,0.1941,0.2146,33.0,0.1186,0.2453,832,-0.144,-0.0524,20,-0.1667,-0.4118,0.0065,-0.0014,-0.0053,664.0,0.4821,0.5587,0.2014,0.0542,0.0582,924.0,0.0255,0.0187,238.0,-0.0003,-0.0317,2255.0,0.0024,-0.0244,640793.0,-0.0013,-0.0235,2333,0.1216,0.1252,0.6544,-0.1076,-0.1258,0.0
202505,53013,"columbia, wa",394000.0,0.0977,0.2049,24,0.8462,0.2308,24.0,-0.7876,-0.7193,12,0.2,0.2,0,,,0.0,0.0,0.0,4.0,0.0,0.0,0.0769,-0.0371,-0.018,9.0,0.125,0.3846,165.0,-0.0358,-0.0457,2177.0,0.1073,0.1449,543150.0,0.3906,0.5148,32,0.5238,0.28,0.375,-0.2404,0.0417,1.0
202505,53015,"cowlitz, wa",496975.0,0.0179,-0.0745,314,0.1095,0.2922,48.0,-0.108,0.4179,164,0.0789,-0.012,44,0.5714,1.75,0.0609,0.0162,0.0299,164.0,0.3667,0.3898,0.2438,0.053,0.02,184.0,-0.0054,0.2145,295.0,0.0069,0.0484,1811.0,0.0197,-0.1163,603253.0,0.0153,-0.0252,495,0.0611,0.2891,0.586,-0.0677,-0.0375,0.0
202505,53049,"pacific, wa",449900.0,-0.0001,0.0973,209,0.1421,0.2667,57.0,0.1232,0.0133,64,-0.0857,-0.0588,4,,,0.0131,0.0131,0.0131,56.0,0.037,0.0769,0.1745,-0.0285,-0.0172,37.0,0.1212,-0.0513,313.0,0.0324,0.0507,1501.0,0.0013,0.0098,538292.0,0.0326,0.0702,246,0.1336,0.2208,0.177,-0.0033,-0.0593,0.0
202505,53067,"thurston, wa",579925.0,-0.0132,0.0095,575,0.2878,0.1771,31.0,-0.0462,0.1273,448,0.1487,0.0323,12,1.0,0.0,0.0086,0.0035,-0.0003,260.0,0.2037,0.215,0.1831,0.0039,0.0305,445.0,0.0854,-0.0011,299.0,0.0016,-0.0118,2022.0,0.0073,-0.0034,694858.0,0.0043,-0.0071,1037,0.215,0.0939,0.7739,-0.1443,-0.1381,0.0
202505,53009,"clallam, wa",632500.0,-0.0254,-0.044,272,0.3807,0.4863,37.0,0.0,0.1935,164,0.0789,0.4386,0,,,0.0,0.0,0.0,100.0,0.9231,0.6129,0.1757,0.0565,0.0192,116.0,0.1208,0.045,326.0,-0.0188,0.0041,1957.0,-0.0528,-0.091,782698.0,0.0291,-0.003,377,0.2588,0.3182,0.4265,-0.0989,-0.1801,0.0
202505,53029,"island, wa",799000.0,0.0703,0.0009,345,0.3143,0.2127,36.0,0.1077,0.1803,172,-0.0115,0.0238,0,,,0.0,0.0,0.0,108.0,0.2857,-0.0182,0.1595,0.0099,-0.033,138.0,-0.0417,0.0455,401.0,0.0371,0.0018,1972.0,0.0456,-0.0552,1102913.0,0.0728,0.133,482,0.1756,0.1671,0.4,-0.1486,-0.064,0.0
202505,53025,"grant, wa",420000.0,0.0269,0.0189,385,0.1063,0.565,58.0,-0.0085,0.6224,136,-0.0286,-0.0286,4,-0.5,-0.3333,0.006,-0.0065,-0.0053,124.0,0.1481,1.3846,0.1676,0.0024,0.0684,180.0,0.1613,0.1921,260.0,0.0,0.0403,1682.0,0.0039,-0.0353,490086.0,0.0347,-0.0236,553,0.1027,0.4018,0.4675,0.0221,-0.1463,0.0
202505,53061,"snohomish, wa",836000.0,0.0267,-0.0018,1393,0.384,0.6058,26.0,-0.0189,0.4054,1276,0.2083,0.0705,24,0.7143,-0.2,0.007,0.0026,-0.0025,564.0,0.2589,0.7195,0.1535,0.0076,0.0538,1082.0,0.0681,-0.149,423.0,0.0027,0.0105,2033.0,0.015,-0.0191,948298.0,-0.0058,-0.009,2481,0.2285,0.1507,0.7767,-0.2297,-0.689,0.0
202505,53003,"asotin, wa",450000.0,0.0303,0.0001,73,0.0,0.292,43.0,-0.1134,-0.2522,32,-0.1579,0.2308,0,,,0.0,0.0,0.0,32.0,0.2308,1.6667,0.2424,0.0658,0.1357,31.0,0.1698,0.0,205.0,-0.032,-0.1597,2366.0,0.0747,0.1227,522829.0,0.0605,-0.1173,104,0.0297,0.1751,0.4247,0.0616,-0.124,0.0
202505,53057,"skagit, wa",749000.0,0.0641,0.0855,288,0.195,0.0017,37.0,0.0963,0.3704,192,0.1034,-0.1724,0,-1.0,-1.0,0.0,-0.0071,-0.0081,116.0,0.8125,0.2609,0.1852,0.0674,0.0507,151.0,0.1185,0.0559,383.0,0.0069,0.0303,2014.0,0.0121,0.027,889526.0,0.04,-0.0098,443,0.1798,0.0219,0.5243,-0.0359,0.0269,0.0
202505,53011,"clark, wa",681000.0,-0.0388,0.0001,1558,0.2036,0.2828,43.0,-0.0227,0.1467,836,0.0372,0.1775,256,0.024,0.6623,0.0806,-0.0036,0.0259,792.0,0.3069,0.4348,0.254,0.0436,0.065,851.0,-0.0064,-0.0643,322.0,-0.0102,0.015,2163.0,-0.0335,-0.0182,843716.0,-0.0358,-0.0298,2409,0.1176,0.1313,0.5462,-0.1154,-0.2027,0.0
202505,53035,"kitsap, wa",689000.0,0.0207,0.0824,581,0.2644,0.0459,30.0,-0.1429,0.1538,492,0.1942,0.0933,24,-0.1429,0.0909,0.0151,-0.0049,0.0004,248.0,0.3191,0.1376,0.1671,0.0302,0.0317,497.0,0.1295,-0.0368,337.0,0.0162,0.0794,2124.0,0.0262,0.0175,880561.0,0.0512,-0.0008,1088,0.2102,0.013,0.8554,-0.1021,-0.0735,0.0
202505,53019,"ferry, wa",485000.0,-0.0201,0.3022,59,0.1346,0.5733,61.0,-0.2278,0.1402,12,-0.25,-0.4545,0,,,0.0,0.0,0.0,12.0,0.5,0.0,0.1319,0.0273,-0.0603,9.0,0.5,-0.3333,263.0,-0.0035,0.122,1794.0,-0.0099,0.0153,591349.0,0.0162,0.0115,66,0.1478,0.3069,0.1525,0.0372,-0.2075,0.0
202505,53021,"franklin, wa",509900.0,-0.0098,0.0703,207,0.2035,0.3227,44.0,-0.0435,0.1429,112,0.3659,0.12,0,-1.0,,0.0,-0.0237,0.0,60.0,0.3043,0.2,0.1609,0.0154,0.0081,59.0,-0.0248,-0.2436,264.0,-0.0108,-0.0147,2057.0,0.0393,0.0306,584086.0,-0.0118,0.0039,261,0.1274,0.1348,0.285,-0.0667,-0.2134,0.0
202505,53047,"okanogan, wa",475000.0,0.0226,-0.0428,191,0.4148,0.07,40.0,-0.2857,-0.0361,84,0.5,0.0,0,-1.0,,0.0,-0.0083,0.0,28.0,-0.125,-0.3333,0.09,-0.0581,-0.0559,40.0,0.3115,-0.1111,283.0,0.0818,-0.0309,1695.0,-0.0429,-0.0122,703836.0,0.0269,-0.0579,230,0.3814,0.0407,0.2094,-0.0165,-0.0427,0.0
202505,53053,"pierce, wa",649850.0,-0.0002,0.0356,1897,0.2542,0.235,34.0,-0.0556,0.2252,1428,0.1139,0.0951,40,-0.1667,-0.375,0.0091,-0.0032,-0.0069,836.0,0.2981,0.3441,0.194,0.0288,0.0459,1203.0,0.0452,-0.0785,326.0,-0.0032,0.0162,2096.0,-0.0062,0.001,771984.0,-0.0024,0.0216,3111,0.165,0.1008,0.6342,-0.1268,-0.2158,0.0
202505,53045,"mason, wa",550000.0,0.0059,0.0649,232,0.2643,0.0918,36.0,-0.0137,0.125,132,0.0476,0.082,4,1.0,,0.0069,0.0017,0.0069,88.0,0.5714,-0.102,0.1856,0.0474,-0.0371,90.0,-0.0055,-0.0955,309.0,0.0213,-0.0147,1796.0,-0.0025,0.0278,691699.0,0.0353,0.0805,320,0.1658,0.0256,0.3879,-0.1053,-0.0803,0.0
202505,53039,"klickitat, wa",646000.0,-0.01,0.0424,110,0.164,0.4865,54.0,0.1934,-0.0046,36,-0.1,0.3846,0,-1.0,,0.0,-0.0267,0.0,40.0,0.6667,1.0,0.2286,0.0558,0.0731,24.0,0.4118,-0.2727,338.0,-0.0561,0.0877,1890.0,-0.0533,-0.0762,752469.0,-0.0824,-0.0054,133,0.2036,0.2146,0.2182,0.0383,-0.2278,0.0
202505,53075,"whitman, wa",407500.0,-0.0012,-0.1595,114,0.1287,-0.0769,48.0,0.0909,0.1034,40,-0.2,-0.2,0,,,0.0,0.0,0.0,44.0,0.5714,-0.2143,0.2066,0.0722,-0.0745,31.0,-0.2051,0.24,205.0,0.0154,-0.0392,2047.0,0.0111,-0.1211,468293.0,0.005,-0.069,143,0.0142,-0.0305,0.2719,-0.1142,0.0695,1.0
202505,53023,"garfield, wa",312450.0,-0.2318,0.2229,8,0.0667,1.6667,49.0,0.6303,0.1548,4,-0.3333,,0,,,0.0,0.0,0.0,0.0,-1.0,-1.0,0.0,-0.0909,-0.1818,7.0,0.0769,0.75,213.0,-0.0146,0.8523,2016.0,-0.0142,0.2,507386.0,-0.0529,0.9937,15,0.1111,1.1429,0.875,0.0083,-0.4583,0.0
202505,53027,"grays harbor, wa",415000.0,0.0191,-0.0053,523,0.1495,0.3514,55.0,0.0784,0.1765,200,0.0309,0.1494,0,-1.0,-1.0,0.0,-0.0028,-0.0026,148.0,0.2542,0.2131,0.1984,0.0414,0.0149,119.0,-0.0083,0.0721,290.0,0.0242,-0.0085,1498.0,0.0017,0.0044,504496.0,0.0379,0.0423,627,0.0904,0.277,0.2275,-0.0362,-0.0593,0.0
202505,53073,"whatcom, wa",699000.0,0.013,0.0009,759,0.2535,0.6132,36.0,-0.0137,0.2203,424,0.1217,0.2927,4,-0.3333,,0.0027,-0.002,0.0027,188.0,0.2533,0.6786,0.1251,0.0032,0.0344,312.0,0.0796,0.0909,386.0,-0.0121,0.001,1908.0,0.0217,-0.0043,885155.0,0.0334,-0.0669,1071,0.1973,0.4167,0.4111,-0.0662,-0.1968,0.0
202505,53031,"jefferson, wa",754000.0,0.001,-0.014,145,0.3303,0.3942,45.0,0.125,0.3846,68,0.0625,-0.0286,0,,,0.0,0.0,0.0,44.0,0.4667,0.4667,0.1991,0.0472,0.0393,34.0,0.1148,0.0968,405.0,0.0726,0.0998,1947.0,-0.0465,-0.0331,1007993.0,-0.0097,0.1607,177,0.278,0.3111,0.2345,-0.0453,-0.0636,0.0
202505,53001,"adams, wa",374500.0,0.0403,0.1348,60,0.2903,0.2632,38.0,-0.3059,-0.2245,20,0.0,0.25,0,,,0.0,0.0,0.0,16.0,0.6,1.0,0.1569,0.0141,0.0583,19.0,0.6522,-0.1364,218.0,0.033,0.1311,1945.0,-0.0587,0.1321,410017.0,-0.0163,0.1884,78,0.3448,0.1064,0.3167,0.0694,-0.1465,0.0
202504,53027,"grays harbor, wa",407225.0,-0.0043,-0.0293,455,0.2432,0.4797,51.0,-0.2154,0.1209,194,0.3108,0.2763,2,-0.5,,0.0028,-0.0031,0.0028,118.0,0.2826,0.3721,0.157,0.0306,0.0066,120.0,0.0256,0.1538,283.0,0.019,-0.0229,1496.0,0.0054,-0.001,486089.0,0.0739,-0.0016,575,0.1905,0.399,0.2637,-0.0559,-0.0745,0.0
202504,53003,"asotin, wa",436750.0,0.059,0.0442,73,0.0896,0.3153,49.0,-0.2049,-0.0537,38,0.1875,0.9,0,,-1.0,0.0,0.0,-0.0171,26.0,0.3,1.6,0.1766,0.0113,0.0857,27.0,0.1522,-0.1587,212.0,0.0086,-0.0699,2202.0,0.1041,0.1169,493001.0,0.0501,-0.1214,101,0.1222,0.1609,0.363,0.0197,-0.2046,1.0
202504,53061,"snohomish, wa",814249.0,0.0191,0.0291,1007,0.2054,0.6916,27.0,0.0192,0.1522,1056,0.0688,0.0932,14,-0.6111,-0.6111,0.0044,-0.0077,-0.0089,448.0,0.4359,1.6988,0.1459,0.0358,0.0872,1013.0,0.0731,-0.1801,422.0,0.0158,0.0199,2003.0,-0.0055,0.0309,953800.0,0.0179,0.0323,2020,0.1358,0.0952,1.0065,-0.1241,-1.07,1.0
202504,53023,"garfield, wa",406725.0,0.3722,0.2614,8,-0.0625,1.1429,30.0,-0.826,-0.5423,6,0.5,2.0,0,,,0.0,0.0,0.0,2.0,-0.5,,0.0909,-0.0572,0.0909,7.0,1.1667,0.3,216.0,0.046,0.3707,2045.0,0.3818,-0.335,535725.0,0.5167,-0.0838,14,0.2273,0.5882,0.8667,0.4917,-0.5619,1.0
202504,53065,"stevens, wa",464725.0,-0.0216,-0.0967,203,0.4161,0.582,46.0,-0.1029,0.0055,84,0.2353,0.1667,0,,-1.0,0.0,0.0,-0.0074,64.0,1.2857,0.8824,0.1893,0.0673,0.0561,49.0,0.1136,-0.125,246.0,-0.0117,-0.0793,1946.0,-0.0347,-0.097,568063.0,-0.0221,-0.067,252,0.3895,0.3631,0.242,-0.0657,-0.1955,0.0
202504,53073,"whatcom, wa",690000.0,0.0207,-0.0463,606,0.2408,0.5997,37.0,-0.1705,0.1406,378,0.1813,0.2353,6,0.5,2.0,0.0047,0.0011,0.0026,150.0,0.1719,0.9231,0.1219,0.0072,0.0433,289.0,0.1796,0.0989,391.0,0.01,0.0151,1868.0,0.0116,-0.024,856528.0,0.0064,-0.1208,895,0.2203,0.3922,0.4773,-0.0248,-0.2176,0.0
202504,53071,"walla walla, wa",565000.0,0.0001,0.1149,131,0.2843,0.0607,38.0,-0.2549,-0.1364,76,0.2667,0.027,0,,,0.0,0.0,0.0,36.0,0.0,-0.1,0.1319,-0.0066,-0.0003,73.0,0.0985,-0.275,266.0,0.028,0.0967,2279.0,0.0091,-0.0024,675872.0,0.0044,0.1163,207,0.2035,-0.0612,0.5534,-0.0936,-0.2563,0.0
202504,53009,"clallam, wa",649000.0,0.0835,0.022,197,0.2086,0.3633,37.0,-0.4219,0.0423,152,0.9,0.2063,0,,-1.0,0.0,0.0,-0.0049,52.0,0.3,0.0833,0.1192,0.0046,-0.0077,104.0,0.247,-0.0372,333.0,0.0201,0.0383,2066.0,0.0589,-0.0382,760574.0,0.0177,-0.0243,300,0.2427,0.2028,0.5254,0.0162,-0.2186,0.0
202504,53025,"grant, wa",409000.0,0.0062,0.0163,348,0.1336,0.6376,59.0,-0.0859,0.3295,140,0.2069,0.1667,8,1.0,3.0,0.0125,0.0054,0.0083,108.0,0.5882,1.16,0.1652,0.0448,0.0515,155.0,-0.0313,0.1481,260.0,0.0123,0.0744,1676.0,-0.0003,-0.0387,473632.0,0.0128,-0.059,502,0.0762,0.4432,0.4454,-0.0758,-0.1899,0.0
202504,53063,"spokane, wa",525000.0,0.0358,0.0048,1183,0.1825,0.2553,30.0,-0.2436,-0.0167,972,0.3065,0.1096,24,-0.1429,-0.0769,0.0079,-0.0034,-0.0019,448.0,0.2444,0.3576,0.1473,0.002,0.0224,901.0,0.2376,0.0386,238.0,-0.0001,-0.0261,2249.0,0.0388,0.001,641609.0,0.0352,-0.0129,2080,0.2065,0.1504,0.7619,0.0339,-0.159,0.0
202504,53017,"douglas, wa",696700.0,0.0261,-0.0383,96,0.1646,0.3643,35.0,-0.0208,-0.1802,68,0.2143,0.4783,0,,,0.0,0.0,0.0,26.0,0.0833,0.0833,0.1153,-0.0072,-0.0253,52.0,0.0729,0.051,312.0,0.033,0.0141,2204.0,0.0204,-0.0237,802649.0,0.0441,-0.0833,147,0.1395,0.2458,0.5393,-0.0461,-0.1607,0.0
202504,53043,"lincoln, wa",335000.0,0.0308,-0.1872,47,0.119,-0.0693,53.0,-0.4415,0.0096,24,1.0,0.0909,0,,,0.0,0.0,0.0,12.0,0.5,1.0,0.1453,0.0141,0.0746,13.0,0.0417,-0.1071,174.0,-0.0398,-0.0667,2091.0,0.0526,0.0614,416237.0,-0.1033,-0.0587,59,0.1132,-0.0709,0.266,-0.0198,-0.0113,1.0
202504,53037,"kittitas, wa",784238.0,0.0119,0.037,309,0.2146,0.3959,46.0,-0.08,0.4839,140,0.2963,-0.0141,2,,-0.5,0.0035,0.0035,-0.0055,88.0,0.5714,0.5172,0.1609,0.0325,0.0327,96.0,0.2244,0.1105,462.0,0.0728,0.0807,2054.0,-0.0127,-0.0263,1138876.0,0.0181,0.0689,408,0.2289,0.3204,0.3096,0.0025,-0.0796,0.0
202504,53069,"wahkiakum, wa",596000.0,0.0365,-0.0065,30,0.2292,0.3111,61.0,0.5188,-0.4102,0,-1.0,-1.0,0,,,0.0,0.0,0.0,10.0,,0.6667,0.2911,0.2911,0.1482,4.0,0.0,-0.3846,298.0,0.0506,0.0305,1685.0,0.0533,-0.2256,609034.0,0.0194,-0.0292,34,0.1724,0.193,0.1356,-0.0311,-0.1533,1.0
202504,53005,"benton, wa",508938.0,-0.0379,-0.0574,613,0.1373,0.1996,41.0,-0.2763,-0.1495,322,0.2385,0.1103,26,2.25,0.3,0.0234,0.0143,0.0031,156.0,0.0833,-0.0127,0.1396,-0.0035,-0.0151,195.0,0.2342,0.0183,265.0,-0.0129,-0.0089,2056.0,-0.0025,-0.0163,568209.0,-0.0146,-0.038,808,0.1602,0.1527,0.3181,0.025,-0.0566,0.0
202504,53029,"island, wa",746536.0,0.0441,-0.0778,263,0.1771,0.1851,33.0,-0.2778,0.2381,174,0.1154,0.0,0,-1.0,-1.0,0.0,-0.0092,-0.0039,84.0,0.5,0.1053,0.1497,0.0214,0.0065,144.0,0.1803,0.1474,386.0,0.0382,-0.0221,1886.0,0.0211,-0.0686,1028094.0,0.0007,0.0726,410,0.1884,0.1816,0.5486,0.0015,-0.018,0.0
202504,53011,"clark, wa",708500.0,0.0345,0.0613,1295,0.1316,0.2642,44.0,-0.1852,0.1139,806,0.2066,0.0863,250,0.2019,-0.1259,0.0842,0.003,-0.024,606.0,0.2218,0.1222,0.2104,0.0083,0.0185,857.0,0.0828,-0.0262,326.0,0.0044,0.0358,2238.0,0.0344,0.0208,875020.0,0.0271,0.0291,2156,0.1151,0.1312,0.6616,-0.0298,-0.1972,0.0
202504,53047,"okanogan, wa",464500.0,-0.0054,-0.0367,135,0.2162,-0.0146,56.0,-0.5193,0.2655,56,1.0,-0.0345,2,,,0.0083,0.0083,0.0083,32.0,1.0,0.4545,0.1482,0.0673,0.0641,31.0,0.0517,-0.2738,261.0,-0.0028,-0.0522,1771.0,0.0149,0.0567,685366.0,-0.0638,-0.0809,167,0.1725,-0.0593,0.2259,-0.0353,-0.0806,0.0
202504,53049,"pacific, wa",449923.0,0.0001,0.079,183,0.3261,0.2887,51.0,-0.4233,-0.0814,70,0.1667,0.6667,0,,,0.0,0.0,0.0,54.0,0.9286,0.2857,0.2029,0.0817,0.0108,33.0,0.1786,-0.2235,303.0,-0.0105,-0.01,1499.0,0.002,0.0108,521280.0,-0.0095,0.0243,217,0.269,0.1762,0.1803,-0.0226,-0.119,0.0
202504,53041,"lewis, wa",486150.0,0.0024,-0.0291,263,0.1029,0.3092,56.0,-0.1716,0.2614,148,0.5417,0.451,2,-0.5,-0.5,0.0036,-0.0056,-0.0065,120.0,0.5789,0.25,0.2298,0.0431,-0.0035,113.0,0.2097,0.0181,291.0,0.0375,0.0256,1764.0,-0.01,-0.0616,573453.0,0.0197,-0.0114,371,0.1027,0.1875,0.4286,0.0378,-0.1226,0.0
202504,53015,"cowlitz, wa",488250.0,0.085,-0.0509,283,0.0404,0.5093,53.0,-0.0975,0.0095,152,0.1515,0.1515,28,-0.125,0.0769,0.0447,-0.0096,-0.0072,120.0,0.0,0.1538,0.1908,-0.0441,-0.0243,185.0,0.2585,0.1178,293.0,0.0048,0.0438,1776.0,0.0699,-0.0638,594174.0,0.0343,0.0081,467,0.1295,0.331,0.6537,0.1133,-0.229,0.0
202504,53035,"kitsap, wa",675000.0,0.0333,0.0634,460,0.0736,0.1194,35.0,-0.1765,0.0219,412,0.1573,-0.1082,28,0.1667,0.4,0.0199,-0.0017,0.0042,188.0,0.175,0.2368,0.1369,0.0036,0.0277,440.0,0.1458,-0.0608,331.0,0.0537,0.0691,2070.0,-0.0001,0.0011,837636.0,0.0523,-0.0051,899,0.1004,0.0228,0.9576,0.0604,-0.1837,0.0
202504,53019,"ferry, wa",494950.0,0.0532,0.3656,52,0.2683,0.6508,79.0,-0.5183,0.2061,16,3.0,0.3333,0,,,0.0,0.0,0.0,8.0,1.0,,0.1046,0.0213,0.1046,6.0,5.0,-0.2941,264.0,0.0193,0.293,1812.0,-0.0965,-0.0017,581905.0,0.0715,0.1193,58,0.3068,0.4375,0.1154,0.091,-0.1545,0.0
202504,53021,"franklin, wa",514925.0,-0.0096,0.0353,172,0.0238,0.1429,46.0,-0.2203,-0.1481,82,-0.0682,0.0513,8,1.0,0.3333,0.0237,0.0118,0.0054,46.0,0.15,0.2778,0.1454,0.0155,0.0317,61.0,-0.0397,-0.2577,266.0,0.0039,-0.029,1979.0,-0.0773,-0.0028,591061.0,-0.0626,-0.0047,232,0.0022,-0.0022,0.3517,-0.0233,-0.1898,0.0
202504,53007,"chelan, wa",590000.0,0.1368,-0.1834,367,0.2612,0.5584,42.0,-0.4132,0.3629,174,0.45,0.1447,0,,,0.0,0.0,0.0,62.0,0.1923,0.0333,0.0946,-0.0013,-0.0299,100.0,0.2048,0.0989,340.0,0.1327,-0.1651,1489.0,0.0771,-0.2526,732505.0,0.1735,-0.2109,467,0.2725,0.4303,0.2725,-0.0127,-0.1139,1.0
202504,53001,"adams, wa",360000.0,-0.0244,0.0192,47,0.4091,0.0333,55.0,-0.4144,0.0139,20,0.6667,0.4286,0,,,0.0,0.0,0.0,10.0,-0.1667,-0.2857,0.1427,-0.0391,-0.0197,12.0,-0.3947,-0.549,211.0,0.0612,0.0815,2066.0,-0.0367,0.2228,416831.0,-0.0124,0.1737,58,0.0943,-0.1888,0.2473,-0.3284,-0.3194,0.0
202504,53077,"yakima, wa",419750.0,-0.0112,0.0054,369,0.1015,0.2321,42.0,-0.134,-0.0562,200,0.1111,0.2048,2,,0.0,0.0025,0.0025,-0.0006,96.0,0.5,0.1707,0.1214,0.026,-0.0015,222.0,0.2585,0.172,247.0,0.0041,0.0552,1807.0,0.0237,-0.0271,508483.0,0.0014,0.0962,587,0.166,0.2006,0.6003,0.0749,-0.0308,0.0
202504,53045,"mason, wa",546788.0,0.0937,0.0952,184,0.1916,0.0955,37.0,-0.2626,0.1774,126,0.6579,0.05,2,-0.5,0.0,0.0052,-0.0071,0.0004,56.0,0.1667,-0.0968,0.1381,-0.0235,-0.0283,91.0,0.1173,0.0056,302.0,0.0089,-0.0078,1800.0,0.0459,0.0438,668131.0,0.0524,0.0195,275,0.1534,0.0558,0.4932,-0.0328,-0.0441,0.0
202504,53059,"skamania, wa",724500.0,-0.034,0.0028,47,0.3286,0.0814,63.0,-0.3505,0.0202,16,-0.2,-0.2,0,,-1.0,0.0,0.0,-0.025,24.0,1.0,2.0,0.3058,0.1183,0.2058,13.0,1.0833,-0.1935,327.0,0.0117,-0.0287,2174.0,0.0217,0.0711,1032521.0,-0.0099,0.1004,60,0.3837,0.0171,0.2688,0.0974,-0.0916,0.0
202504,53067,"thurston, wa",587700.0,-0.0205,0.0504,447,0.0971,0.1523,33.0,-0.1216,-0.058,390,0.0955,0.0156,6,-0.5,-0.8,0.005,-0.0054,-0.0207,216.0,0.5429,0.5429,0.1792,0.0516,0.0605,410.0,0.2577,-0.0036,298.0,0.0044,0.0048,2007.0,-0.0446,0.0046,691913.0,-0.012,0.0018,854,0.1644,0.0722,0.9183,0.1173,-0.1437,0.0
202504,53053,"pierce, wa",649970.0,0.0212,0.04,1513,0.1671,0.2516,36.0,-0.027,0.1613,1282,0.2422,0.044,48,0.2,-0.0769,0.0123,0.0009,-0.002,644.0,0.4,0.4061,0.1652,0.0321,0.0407,1151.0,0.0511,-0.1071,327.0,0.0136,0.012,2109.0,0.0086,0.0293,773856.0,0.0175,0.0224,2671,0.115,0.0693,0.761,-0.0839,-0.3056,0.0
202504,53033,"king, wa",850000.0,0.0253,0.0,4007,0.287,0.5743,29.0,-0.0333,0.0357,3296,0.1272,0.0814,50,-0.375,-0.375,0.005,-0.0045,-0.004,1284.0,0.5,0.8882,0.1366,0.0291,0.0553,2466.0,0.0294,-0.1115,561.0,0.013,0.0062,1653.0,0.033,-0.0444,1324576.0,0.0291,-0.0515,6495,0.1801,0.2225,0.6154,-0.154,-0.475,0.0
202504,53039,"klickitat, wa",652500.0,-0.0665,0.0931,95,0.4104,0.3597,45.0,-0.6031,-0.1214,40,0.1111,0.3333,4,0.0,1.0,0.0267,-0.0023,0.0099,24.0,0.2,0.0,0.1727,0.0177,-0.0299,17.0,0.2143,-0.3333,358.0,-0.0024,0.1796,1997.0,-0.0018,0.012,820048.0,-0.0601,0.1802,111,0.3642,0.151,0.1799,-0.0291,-0.187,0.0
202504,53057,"skagit, wa",703913.0,0.0378,0.0747,241,0.2296,0.2111,34.0,-0.3317,0.125,174,0.1757,0.0875,4,,-0.5,0.0071,0.0071,-0.0086,64.0,0.0667,0.1429,0.1178,-0.0084,-0.0015,135.0,0.0305,0.0843,380.0,0.0177,0.0568,1990.0,0.0252,-0.0038,855316.0,0.066,-0.0758,376,0.1483,0.1572,0.5602,-0.1082,-0.0655,0.0
202504,53075,"whitman, wa",408000.0,0.0138,-0.1361,101,0.1477,-0.0734,44.0,-0.2281,0.1579,50,0.0417,-0.2424,0,,,0.0,0.0,0.0,28.0,0.1667,-0.125,0.1344,-0.03,-0.0278,39.0,0.7727,0.4444,202.0,0.0263,-0.0627,2024.0,0.0075,-0.1318,465973.0,0.0443,-0.0878,141,0.2589,0.0217,0.3861,0.1361,0.1384,1.0
202504,53055,"san juan, wa",1316250.0,-0.0066,0.119,140,0.5,0.5,35.0,-0.6124,-0.4052,56,0.2727,0.2174,0,,,0.0,0.0,0.0,22.0,0.8333,0.8333,0.1007,0.0152,0.0259,25.0,0.3158,0.1364,644.0,-0.0343,0.075,2209.0,0.0228,0.1486,2027074.0,0.0175,0.0727,163,0.4554,0.4174,0.1792,-0.0251,-0.0573,0.0
202504,53051,"pend oreille, wa",587750.0,-0.0759,-0.0443,57,0.13,0.1531,48.0,-0.2654,0.3357,26,0.3,0.3,0,,,0.0,0.0,0.0,20.0,1.5,0.4286,0.1893,0.0994,0.0486,20.0,0.5,-0.0714,271.0,-0.0339,-0.2046,2196.0,0.011,-0.0442,1004752.0,0.2091,-0.0763,75,0.1905,0.0638,0.3451,0.0851,-0.0834,0.0
202504,53013,"columbia, wa",358925.0,0.0256,0.0496,13,0.0,-0.2121,113.0,-0.259,-0.3421,10,,4.0,0,,,0.0,0.0,0.0,4.0,0.0,1.0,0.114,-0.0599,0.0568,8.0,0.1429,0.1429,171.0,-0.0004,-0.0595,1966.0,-0.0096,0.319,390597.0,-0.0198,0.0653,21,0.1053,-0.1064,0.6154,0.0769,0.1911,1.0
202504,53031,"jefferson, wa",753225.0,0.0043,0.0628,109,0.3293,0.4248,40.0,-0.0698,-0.2453,64,0.6,1.0,0,,,0.0,0.0,0.0,30.0,0.875,0.25,0.1519,0.0466,-0.0246,31.0,0.0167,-0.0469,378.0,-0.0185,0.0808,2042.0,-0.0005,0.0218,1017874.0,-0.0526,0.2899,139,0.2149,0.2884,0.2798,-0.086,-0.1385,1.0
202503,53035,"kitsap, wa",653268.0,-0.01,0.0888,428,0.0863,0.1383,43.0,-0.1667,0.0625,356,0.2993,0.0471,24,0.2,-0.25,0.0216,0.0004,-0.0058,160.0,0.3559,0.4815,0.1333,0.0165,0.0416,384.0,0.1514,-0.0352,315.0,0.0059,0.0595,2070.0,-0.0034,0.0031,796004.0,-0.003,0.0027,817,0.1269,0.0342,0.8972,0.0507,-0.1613,0.0
202503,53001,"adams, wa",369000.0,0.0186,0.026,33,-0.0149,-0.175,94.0,-0.2192,0.3955,12,2.0,-0.25,0,,,0.0,0.0,0.0,12.0,0.2,0.5,0.1818,0.0112,0.0843,19.0,-0.0952,-0.2083,199.0,0.0204,0.0008,2145.0,0.0131,0.2299,422056.0,0.0045,0.1162,53,-0.0275,-0.1587,0.5758,-0.0511,-0.0242,0.0
202503,53047,"okanogan, wa",467000.0,-0.0465,-0.0053,111,0.1156,-0.0513,117.0,-0.1273,0.3314,28,1.3333,-0.4615,0,,,0.0,0.0,0.0,16.0,0.0,0.0,0.0808,-0.0227,-0.0091,29.0,0.0,-0.1944,262.0,-0.0411,0.003,1745.0,-0.0108,0.0579,732075.0,-0.034,-0.0165,142,0.1008,-0.0719,0.2613,-0.0302,-0.0464,0.0
202503,53015,"cowlitz, wa",450000.0,0.0012,-0.0625,272,0.0482,0.36,59.0,-0.3276,-0.0781,132,0.32,0.32,32,1.2857,-0.1111,0.0543,0.0243,-0.0279,120.0,-0.0164,0.3636,0.2348,-0.0117,0.0339,147.0,0.1308,0.0576,292.0,0.0218,0.0464,1660.0,0.0051,-0.0889,574495.0,0.0177,0.0293,413,0.0549,0.2219,0.5404,0.0395,-0.1546,0.0
202503,53053,"pierce, wa",636475.0,0.0184,0.0023,1296,0.0443,0.2857,37.0,-0.2128,0.0882,1032,0.2286,0.1316,40,-0.2593,-0.5238,0.0113,-0.0065,-0.015,460.0,0.0407,0.2366,0.1331,-0.0084,0.0119,1095.0,0.0756,-0.0301,323.0,0.0072,0.0099,2091.0,0.0004,-0.0141,760538.0,0.0095,-0.0039,2395,0.0583,0.1083,0.8449,0.0246,-0.2751,0.0
202503,53021,"franklin, wa",519900.0,0.0216,0.0464,168,-0.0535,0.05,59.0,-0.2579,0.1132,88,0.6296,-0.0833,4,,0.0,0.0119,0.0119,0.0004,40.0,-0.3103,0.0,0.1299,-0.0605,0.0044,63.0,-0.0079,-0.25,265.0,0.0104,-0.0224,2145.0,0.0149,0.1068,630508.0,0.0291,0.0991,231,-0.0395,-0.0494,0.375,0.0173,-0.15,0.0
202503,53017,"douglas, wa",679000.0,0.0953,0.0136,82,0.0789,0.3443,36.0,-0.6211,-0.4857,56,1.8,0.1667,0,,,0.0,0.0,0.0,24.0,0.7143,1.0,0.1224,0.0304,0.045,48.0,-0.0204,0.0435,302.0,0.0149,0.0029,2160.0,0.0146,-0.0217,768716.0,0.0462,-0.0597,129,0.0403,0.2056,0.5854,-0.0594,-0.1687,0.0
202503,53023,"garfield, wa",296400.0,0.1497,0.1964,8,0.1429,1.0,171.0,0.1306,2.1963,4,,0.0,0,,,0.0,0.0,0.0,4.0,1.0,,0.1481,-0.0519,0.1481,3.0,0.0,-0.25,206.0,-0.0422,0.5684,1480.0,0.035,-0.2239,353212.0,-0.0211,-0.2349,11,0.1579,0.375,0.375,-0.0536,-0.625,1.0
202503,53003,"asotin, wa",412400.0,0.0313,0.0185,67,0.0229,0.1964,61.0,0.0083,-0.1528,32,1.2857,0.1429,0,,,0.0,0.0,0.0,20.0,0.1111,0.6667,0.1653,-0.0043,0.0921,23.0,-0.1321,-0.2581,210.0,0.0222,-0.0817,1994.0,0.064,0.0402,469501.0,0.0285,-0.1422,90,-0.011,0.0345,0.3433,-0.0613,-0.2103,0.0
202503,53025,"grant, wa",406490.0,-0.0061,0.0194,307,0.0678,0.7056,64.0,-0.3385,0.1034,116,0.0545,0.2609,4,1.0,0.0,0.0071,0.0035,-0.0029,68.0,0.4783,0.7,0.1204,0.032,0.0309,160.0,0.28,0.3445,256.0,-0.0113,0.0819,1676.0,0.0164,-0.017,467634.0,-0.0176,-0.0176,466,0.1394,0.5081,0.5212,0.0864,-0.1399,0.0
202503,53041,"lewis, wa",485000.0,-0.0097,-0.0848,238,0.0348,0.1782,67.0,-0.2834,-0.0147,96,0.2973,0.0435,4,,,0.0092,0.0092,0.0092,76.0,0.0556,0.1176,0.1867,0.0005,0.0064,93.0,0.1341,0.1923,281.0,0.0143,-0.0283,1782.0,-0.0182,-0.0833,562377.0,-0.0058,-0.0486,336,0.0856,0.1789,0.3908,0.0342,0.0046,0.0
202503,53033,"king, wa",829000.0,0.0369,-0.0241,3113,0.1694,0.4118,30.0,-0.0625,0.0345,2924,0.3243,0.2123,80,0.8182,0.1111,0.0095,0.0029,-0.0013,856.0,0.3009,0.507,0.1075,0.0136,0.0254,2395.0,0.1335,-0.0136,554.0,0.0098,-0.0028,1600.0,0.039,-0.0643,1287146.0,0.0243,-0.075,5504,0.157,0.1821,0.7694,-0.0244,-0.3318,0.0
202503,53039,"klickitat, wa",699000.0,-0.0007,0.2159,67,0.1858,0.34,114.0,-0.2014,0.0909,36,1.25,0.2857,4,1.0,0.0,0.029,0.0065,-0.0041,20.0,0.4286,0.0,0.155,-0.0169,-0.0336,14.0,0.12,-0.4615,359.0,0.0671,0.2235,2000.0,-0.0876,0.0246,872477.0,-0.0765,0.3423,81,0.1825,0.0385,0.209,-0.0123,-0.311,0.0
202503,53057,"skagit, wa",678250.0,-0.0021,0.0123,196,0.0262,0.2484,51.0,-0.2681,0.4028,148,0.48,0.0882,0,,-1.0,0.0,0.0,-0.0094,60.0,0.1538,0.5,0.1262,-0.0055,0.0319,131.0,0.1245,0.1391,374.0,0.0055,0.0335,1941.0,-0.0026,-0.0844,802341.0,0.0093,-0.1453,327,0.0669,0.2022,0.6684,0.0584,-0.0641,0.0
202503,53051,"pend oreille, wa",636000.0,0.2728,0.0734,50,0.1765,0.1905,65.0,-0.4372,-0.2614,20,1.5,0.25,0,,,0.0,0.0,0.0,8.0,3.0,0.0,0.0899,0.0576,0.0039,13.0,-0.0714,0.1818,281.0,0.0221,-0.1171,2172.0,0.148,0.097,830986.0,0.0395,-0.2299,63,0.1053,0.2353,0.26,-0.0694,-0.0019,0.0
202503,53061,"snohomish, wa",799000.0,0.0278,0.031,835,0.1549,0.612,26.0,-0.2121,0.0833,988,0.4114,0.1227,36,-0.1429,-0.1,0.0121,-0.007,-0.0045,312.0,0.1556,1.2941,0.1101,-0.0125,0.0564,944.0,0.0958,-0.1675,415.0,0.0106,0.0177,2014.0,0.0511,0.0318,937061.0,0.0334,0.038,1778,0.1225,0.0769,1.1305,-0.061,-1.0587,1.0
202503,53055,"san juan, wa",1325000.0,0.1432,0.1042,93,0.1006,0.2568,89.0,-0.1643,-0.2261,44,1.0,1.2,0,,,0.0,0.0,0.0,12.0,1.0,-0.25,0.0856,0.0296,-0.0467,19.0,0.4615,0.4615,667.0,0.0021,0.1695,2160.0,0.1166,0.0854,1992277.0,-0.0094,0.2948,112,0.1546,0.3333,0.2043,0.0505,0.0286,1.0
202503,53077,"yakima, wa",424500.0,0.0613,0.0229,335,0.009,0.2182,49.0,-0.2016,-0.2302,180,0.3235,0.3235,0,-1.0,,0.0,-0.0033,0.0,64.0,-0.2195,-0.0588,0.0954,-0.0382,-0.0239,176.0,0.1355,0.1579,246.0,0.0277,0.0439,1765.0,0.0247,-0.0131,507780.0,0.0455,0.0957,503,0.0371,0.1671,0.5254,0.0585,-0.0274,0.0
202503,53071,"walla walla, wa",564945.0,0.0323,0.1077,102,0.1027,-0.0377,51.0,-0.3605,-0.0811,60,0.3043,0.0,0,,,0.0,0.0,0.0,36.0,1.25,0.2857,0.1385,0.0638,0.0316,66.0,0.0154,-0.25,259.0,0.0167,0.0453,2258.0,-0.0056,-0.0096,672908.0,0.009,0.1218,172,0.0921,-0.1088,0.6471,-0.0556,-0.1831,0.0
202503,53005,"benton, wa",529000.0,0.0274,0.0076,539,-0.0009,0.1395,57.0,-0.2192,0.1176,260,0.2264,0.1818,8,0.0,0.0,0.0091,0.0,-0.0002,144.0,0.125,-0.027,0.1431,-0.0001,-0.029,158.0,0.0395,-0.0814,269.0,0.0007,0.0133,2061.0,0.0357,0.0019,576600.0,0.0055,-0.0194,696,0.0036,0.0807,0.2931,0.0114,-0.0705,0.0
202503,53045,"mason, wa",499950.0,0.0405,0.0694,154,0.0098,0.2222,50.0,-0.3889,0.1,76,0.3103,-0.05,4,1.0,-0.6667,0.0123,0.005,-0.0267,48.0,0.2,0.5,0.1616,0.0221,0.0501,81.0,0.102,0.125,300.0,0.012,0.0359,1721.0,0.0088,-0.0831,634887.0,0.0637,-0.0157,238,0.0508,0.2332,0.526,0.044,-0.0455,0.0
202503,53063,"spokane, wa",506850.0,0.0505,-0.0139,1000,0.0599,0.2484,39.0,-0.037,0.0541,744,0.583,0.2568,28,0.4,-0.2222,0.0113,0.0016,-0.0053,360.0,0.3433,0.4063,0.1453,0.0171,0.0233,728.0,0.1252,-0.0267,238.0,0.0156,-0.0092,2165.0,0.0149,-0.0168,619814.0,0.0468,0.008,1724,0.087,0.1188,0.728,0.0423,-0.2058,0.0
202503,53049,"pacific, wa",449900.0,0.0587,0.0343,138,0.0996,0.15,88.0,-0.1776,0.3333,60,1.5,0.0714,0,,,0.0,0.0,0.0,28.0,0.2727,-0.125,0.1212,-0.0022,-0.0223,28.0,-0.1111,-0.3,306.0,0.0295,-0.0558,1496.0,0.0108,-0.0007,526273.0,0.0249,0.0182,171,0.0962,0.0621,0.2029,-0.0481,-0.1304,0.0
202503,53037,"kittitas, wa",775000.0,0.0816,0.0334,254,0.1651,0.6076,50.0,-0.5025,-0.1228,108,0.5,0.0385,0,,,0.0,0.0,0.0,56.0,0.8667,1.8,0.1284,0.0385,0.0623,78.0,0.2381,0.2581,431.0,-0.0002,-0.0037,2080.0,0.0765,-0.0258,1118622.0,0.0171,0.0362,332,0.1815,0.516,0.3071,0.0181,-0.0853,0.0
202503,53065,"stevens, wa",475000.0,0.0,-0.0498,143,0.0712,0.3491,51.0,-0.4171,-0.32,68,0.7,0.3077,0,,-1.0,0.0,0.0,-0.0199,28.0,0.75,0.0,0.122,0.0465,-0.0208,44.0,0.1139,0.1282,249.0,0.007,0.0054,2016.0,0.0286,-0.122,580925.0,0.0229,-0.0984,181,0.0432,0.2483,0.3077,0.0118,-0.0602,0.0
202503,53011,"clark, wa",684900.0,0.0167,0.0393,1144,0.0515,0.2897,54.0,-0.3333,0.1739,668,0.3307,-0.0234,208,0.3,-0.2571,0.0812,0.0122,-0.0387,496.0,0.1171,0.1589,0.2021,0.0106,0.0166,791.0,0.0918,-0.0481,324.0,0.0174,0.0428,2163.0,0.01,-0.0141,851924.0,0.0139,0.0097,1933,0.0721,0.1271,0.6914,0.0255,-0.2454,0.0
202503,53019,"ferry, wa",469950.0,0.1324,0.2532,41,0.025,0.4643,164.0,0.0092,0.5399,4,1.0,-0.5,0,,,0.0,0.0,0.0,4.0,1.0,,0.0833,0.0379,0.0833,1.0,-0.5,-0.8889,259.0,-0.0858,0.4231,2006.0,0.1756,0.1539,543099.0,0.0229,0.1172,44,0.0476,0.2222,0.0244,-0.0256,-0.297,0.0
202503,53059,"skamania, wa",750000.0,0.0722,0.1737,35,0.2281,0.0,97.0,-0.3217,0.4697,20,2.3333,0.6667,0,-1.0,,0.0,-0.0417,0.0,12.0,0.5,0.5,0.1875,-0.0176,0.0394,6.0,-0.2,-0.5,323.0,-0.0131,-0.0405,2128.0,-0.0175,0.0514,1042874.0,0.0259,0.1123,43,0.2113,-0.0851,0.1714,-0.0917,-0.1714,0.0
202503,53013,"columbia, wa",349950.0,0.0037,0.0936,13,-0.1333,-0.2353,153.0,0.4842,0.0554,0,,-1.0,0,,,0.0,0.0,0.0,4.0,0.0,0.0,0.1739,0.0,0.0201,7.0,-0.125,0.0,171.0,0.0171,0.0753,1985.0,-0.0573,-0.0698,398478.0,-0.0474,0.1117,19,-0.1915,-0.24,0.5385,0.0051,0.1267,1.0
202503,53007,"chelan, wa",519000.0,0.0439,-0.2584,291,0.0505,0.7219,72.0,-0.3766,0.6364,120,1.4,0.2,0,,,0.0,0.0,0.0,52.0,0.625,0.625,0.0959,0.0161,0.0076,83.0,0.0641,0.1528,300.0,0.0259,-0.2313,1382.0,0.0084,-0.2974,624203.0,0.0386,-0.2867,367,0.0397,0.5228,0.2852,0.0036,-0.1408,1.0
202503,53027,"grays harbor, wa",409000.0,0.0227,0.005,366,0.0733,0.3969,65.0,-0.2398,0.2264,148,0.3962,0.1212,4,-0.3333,,0.0059,-0.0047,0.0059,92.0,0.15,0.2778,0.1264,-0.0225,-0.0085,117.0,0.0935,0.0833,278.0,0.0182,-0.0038,1488.0,0.0076,-0.0057,452636.0,0.0537,-0.0362,483,0.0817,0.3054,0.3197,0.0059,-0.0925,0.0
202503,53043,"lincoln, wa",325000.0,-0.0646,-0.1333,42,-0.0345,-0.125,94.0,-0.0784,0.8077,12,5.0,-0.25,0,,,0.0,0.0,0.0,8.0,3.0,1.0,0.1311,0.0961,0.0792,12.0,0.0435,0.0,182.0,-0.0476,0.0518,1987.0,-0.0279,0.0282,464198.0,-0.0027,0.0653,53,-0.0619,-0.1167,0.2857,0.0213,0.0357,1.0
202503,53069,"wahkiakum, wa",575000.0,0.2059,-0.08,24,0.0435,0.2632,40.0,-0.0805,-0.5918,12,-0.1429,2.0,0,,,0.0,0.0,0.0,0.0,-1.0,,0.0,-0.11,0.0,4.0,1.0,-0.3333,283.0,0.0192,-0.0784,1600.0,0.022,-0.2727,597446.0,0.0021,-0.0437,29,0.1373,0.1154,0.1667,0.0797,-0.1491,1.0
202503,53073,"whatcom, wa",676000.0,0.0432,-0.0676,488,0.1041,0.6431,44.0,-0.2479,0.0,320,0.3333,0.3559,4,-0.5,0.0,0.0036,-0.0057,-0.0017,128.0,0.1636,0.8824,0.1147,-0.0041,0.028,245.0,0.1162,0.0041,387.0,0.0085,0.0165,1846.0,0.0353,-0.0395,851093.0,0.0717,-0.1352,733,0.1081,0.3549,0.502,0.0054,-0.3195,0.0
202503,53029,"island, wa",715000.0,0.0035,-0.0654,223,0.1737,0.5068,45.0,-0.305,0.0465,156,0.6596,0.3448,4,,0.0,0.0092,0.0092,-0.0014,56.0,0.2174,0.2727,0.1283,0.0046,0.0269,122.0,0.202,0.0991,372.0,0.0112,-0.0757,1847.0,-0.0234,-0.0816,1027337.0,-0.0199,0.0532,345,0.1856,0.332,0.5471,0.0129,-0.2029,0.0
202503,53031,"jefferson, wa",750000.0,-0.0063,0.0714,82,0.1714,0.2059,43.0,-0.6091,-0.14,40,0.4286,0.4286,0,,,0.0,0.0,0.0,16.0,1.6667,0.0,0.1053,0.0572,-0.0169,30.0,0.0526,-0.1429,385.0,0.0406,0.0936,2043.0,-0.0221,0.0215,1074336.0,0.0193,0.345,114,0.1633,0.14,0.3659,-0.0413,-0.1489,0.0
202503,53075,"whitman, wa",402450.0,0.0063,-0.1057,88,0.0115,-0.0638,57.0,-0.2875,0.425,48,0.2632,0.0909,0,,,0.0,0.0,0.0,24.0,0.5,-0.25,0.1644,0.0554,-0.0434,22.0,0.1892,0.1,197.0,-0.0426,-0.0667,2009.0,0.005,-0.146,446194.0,0.0078,-0.0882,112,0.0616,-0.0175,0.25,0.0374,0.0372,1.0
202503,53009,"clallam, wa",599000.0,0.0891,0.0042,163,0.0316,0.304,64.0,-0.1873,0.4884,80,0.3333,-0.2308,0,,,0.0,0.0,0.0,40.0,0.8182,0.0,0.1146,0.0311,-0.007,83.0,0.1528,-0.0879,326.0,0.0355,0.0318,1951.0,0.0386,-0.0245,747324.0,0.0436,0.0385,241,0.0501,0.1262,0.5092,0.0535,-0.2188,0.0
202503,53067,"thurston, wa",599995.0,0.0,0.0787,407,0.1662,0.1433,37.0,-0.1084,-0.0513,356,0.5893,0.2361,12,-0.25,0.0,0.0104,-0.0072,-0.0018,140.0,0.1475,0.25,0.1276,-0.0036,0.0192,326.0,-0.0326,-0.1213,297.0,-0.0029,0.0131,2101.0,-0.0007,0.0785,700338.0,-0.0018,-0.0426,733,0.0693,0.0138,0.801,-0.1646,-0.2412,0.0
202502,53043,"lincoln, wa",347450.0,-0.021,-0.0796,44,-0.0842,0.0116,102.0,0.0303,0.9806,2,-0.8333,-0.8571,0,,,0.0,0.0,0.0,2.0,-0.75,-0.75,0.0351,-0.0839,-0.0731,12.0,0.0952,-0.1154,191.0,0.0253,0.1043,2044.0,0.0005,0.0577,465459.0,-0.0064,0.055,57,-0.0174,0.0089,0.2644,0.0433,-0.038,1.0
202502,53041,"lewis, wa",489745.0,-0.0055,-0.1054,230,-0.0336,0.2234,94.0,-0.0697,-0.1095,74,0.0571,0.1935,0,-1.0,-1.0,0.0,-0.0053,-0.019,72.0,0.0909,0.3333,0.1862,0.0083,0.014,82.0,0.1081,0.1549,277.0,-0.0117,0.0027,1815.0,0.028,-0.0787,565656.0,0.0105,-0.0779,310,-0.0048,0.2019,0.3565,0.0456,-0.0211,1.0
202502,53003,"asotin, wa",399900.0,0.019,-0.064,66,-0.0576,0.1909,61.0,0.0522,-0.5616,14,-0.5333,-0.4167,0,,,0.0,0.0,0.0,18.0,-0.1818,2.0,0.1696,-0.0339,0.101,27.0,0.2927,0.1778,206.0,-0.0267,-0.0884,1874.0,-0.0219,-0.1386,456490.0,0.0035,-0.2206,91,0.0168,0.1667,0.4046,0.1096,-0.0045,0.0
202502,53065,"stevens, wa",475000.0,0.0166,0.0128,134,-0.1217,0.2535,88.0,-0.2616,0.1628,40,0.1765,0.6667,0,,,0.0,0.0,0.0,16.0,-0.2,0.1429,0.0755,-0.0174,-0.0164,40.0,0.3621,0.0676,248.0,0.0155,0.0584,1960.0,0.023,-0.1272,567918.0,0.0181,-0.0742,174,-0.0361,0.2437,0.2959,0.1051,-0.0515,0.0
202502,53049,"pacific, wa",424950.0,0.0106,0.0005,126,-0.0079,0.1357,107.0,-0.0573,0.481,24,-0.1429,0.3333,0,,,0.0,0.0,0.0,22.0,-0.3125,0.2222,0.1234,-0.0426,0.0066,32.0,0.1455,-0.0308,297.0,-0.0075,-0.0804,1480.0,0.0469,0.0278,513472.0,0.0381,-0.005,156,0.0032,0.0986,0.251,0.0336,-0.0431,0.0
202502,53057,"skagit, wa",679700.0,0.0011,-0.0138,191,-0.0129,0.4148,69.0,-0.0644,-0.0417,100,0.087,0.1628,0,-1.0,,0.0,-0.0059,0.0,52.0,0.2381,0.3,0.1317,0.022,0.0029,117.0,0.0737,0.2873,372.0,0.0057,0.0422,1946.0,-0.0292,-0.1341,794964.0,-0.0247,-0.1685,307,0.02,0.3592,0.6099,0.0492,-0.0604,0.0
202502,53069,"wahkiakum, wa",476825.0,-0.0719,-0.2134,23,0.5333,0.4375,44.0,-0.7157,-0.5628,14,1.3333,2.5,0,,,0.0,0.0,0.0,4.0,1.0,1.0,0.11,-0.0077,0.033,2.0,0.0,-0.75,278.0,0.0351,-0.0999,1566.0,-0.2446,-0.2951,596184.0,-0.0517,-0.0473,26,0.5,0.0408,0.087,-0.0464,-0.413,1.0
202502,53005,"benton, wa",514905.0,-0.0063,-0.0106,540,-0.0182,0.0877,73.0,-0.0135,0.0282,212,0.0392,-0.0275,8,-0.3333,-0.5,0.0091,-0.0043,-0.0102,128.0,0.0,0.0323,0.1432,-0.008,-0.0039,152.0,0.2936,0.0975,269.0,-0.0009,0.0219,1990.0,-0.0183,-0.0281,573452.0,-0.0097,-0.0082,694,0.0335,0.0956,0.2817,0.0679,0.0025,0.0
202502,53053,"pierce, wa",625000.0,0.0041,-0.0157,1241,-0.0044,0.265,47.0,-0.2598,0.0805,840,0.1475,0.0269,54,-0.069,-0.2895,0.0178,-0.0016,-0.0088,442.0,0.0474,0.4932,0.1415,-0.0027,0.0357,1018.0,0.1776,-0.0039,320.0,0.0047,-0.0029,2090.0,0.0073,-0.011,753384.0,0.0135,-0.0249,2263,0.0743,0.1369,0.8203,0.1268,-0.2215,0.0
202502,53059,"skamania, wa",699475.0,-0.0003,0.1673,29,0.0556,-0.0339,143.0,0.0916,0.3491,6,0.0,-0.5,2,,,0.0417,0.0417,0.0417,8.0,3.0,-0.3333,0.2051,0.1607,-0.0155,8.0,-0.2105,-0.2857,327.0,-0.0151,0.0631,2166.0,-0.0107,0.0633,1016578.0,-0.0406,0.0685,36,-0.0274,-0.1235,0.2632,-0.0887,-0.0928,0.0
202502,53077,"yakima, wa",399975.0,-0.0245,-0.0238,332,0.0045,0.2319,61.0,-0.1259,-0.2453,136,0.1148,0.5455,2,,0.0,0.0033,0.0033,-0.0007,82.0,0.2059,0.64,0.1336,0.0188,0.0374,155.0,0.2757,0.0131,239.0,0.0003,0.0245,1723.0,-0.0345,-0.0304,485664.0,0.0056,0.0267,485,0.0718,0.1412,0.4669,0.0992,-0.1009,0.0
202502,53067,"thurston, wa",599970.0,0.0084,0.0526,349,-0.0767,0.0387,42.0,-0.3759,0.0506,224,-0.0894,-0.1579,16,1.0,-0.3333,0.0176,0.0088,-0.0082,122.0,0.0167,0.2708,0.1313,-0.0178,0.0309,337.0,0.4402,-0.0316,298.0,0.0199,0.0231,2103.0,-0.004,0.0621,701626.0,0.0005,-0.061,686,0.1174,0.0007,0.9656,0.3466,-0.0701,0.0
202502,53061,"snohomish, wa",777425.0,0.0006,0.0471,723,0.0035,0.6488,33.0,-0.3744,0.1186,700,0.0029,-0.0223,42,0.0,-0.087,0.0191,-0.0003,-0.0027,270.0,0.0887,2.5526,0.1226,-0.0037,0.0885,862.0,0.1595,-0.1119,411.0,0.0121,0.0319,1916.0,-0.0152,-0.0178,906754.0,0.0026,0.0258,1584,0.0823,0.1246,1.1916,0.1603,-1.0205,1.0
202502,53039,"klickitat, wa",699500.0,0.0824,0.2024,57,-0.0887,0.0865,143.0,0.0981,0.1087,16,0.6,0.0,2,-0.6667,,0.0225,-0.045,0.0225,14.0,0.1667,-0.125,0.172,0.0268,-0.0061,13.0,0.087,-0.3902,337.0,0.0198,0.179,2192.0,0.0231,0.1311,944704.0,0.0621,0.3331,69,-0.068,-0.0486,0.2212,0.0358,-0.173,0.0
202502,53019,"ferry, wa",415000.0,0.0122,0.1067,40,0.039,0.6667,163.0,0.1733,0.0762,2,-0.5,-0.75,0,,,0.0,0.0,0.0,2.0,,0.0,0.0455,0.0455,0.0084,2.0,-0.4286,-0.6364,283.0,0.0525,0.478,1706.0,-0.0351,0.0999,530932.0,0.0093,0.0873,42,0.0,0.4237,0.05,-0.0409,-0.1792,1.0
202502,53027,"grays harbor, wa",399913.0,0.0,-0.0001,341,-0.0044,0.4149,86.0,-0.0604,-0.0579,106,0.06,0.325,6,0.5,,0.0106,0.0033,0.0106,80.0,-0.0244,0.1765,0.1489,-0.0091,-0.0035,107.0,0.1444,-0.0894,273.0,-0.0068,-0.0392,1476.0,0.006,-0.0116,429577.0,0.0038,-0.0743,447,0.0241,0.2525,0.3138,0.0408,-0.1738,0.0
202502,53017,"douglas, wa",619900.0,-0.0073,-0.0306,76,-0.1214,0.3945,95.0,0.2102,0.0795,20,-0.2857,-0.2308,0,,,0.0,0.0,0.0,14.0,-0.3636,0.75,0.092,-0.062,0.0226,49.0,0.8148,0.1264,297.0,0.0149,-0.0034,2129.0,0.0411,0.0182,734745.0,-0.0027,-0.072,124,0.083,0.2653,0.6447,0.3326,-0.1534,0.0
202502,53045,"mason, wa",480500.0,0.0312,0.0278,153,-0.0498,0.3556,81.0,-0.069,0.2045,58,0.0,-0.1714,2,,-0.8571,0.0073,0.0073,-0.0492,40.0,-0.0476,0.3333,0.1395,-0.0042,0.0175,74.0,-0.0329,0.0809,296.0,0.0036,0.0076,1706.0,-0.0052,-0.0351,596866.0,0.0398,-0.0545,227,-0.0403,0.2548,0.482,0.0084,-0.1225,0.0
202502,53023,"garfield, wa",257800.0,0.0527,0.1258,7,-0.2222,0.4,151.0,0.2272,1.5,0,,-1.0,0,,,0.0,0.0,0.0,2.0,-0.6667,0.0,0.2,-0.175,0.0182,3.0,0.2,0.2,216.0,0.0468,0.7725,1430.0,-0.088,-0.1912,360814.0,0.0877,-0.2335,10,-0.1364,0.3571,0.4286,0.1508,-0.0714,1.0
202502,53073,"whatcom, wa",648000.0,-0.0031,-0.0709,442,0.0715,0.4958,59.0,-0.2733,-0.1959,240,0.3187,0.4286,8,3.0,1.0,0.0093,0.0069,0.0032,110.0,0.3095,0.6667,0.1188,0.0168,0.0204,220.0,0.1344,0.0329,384.0,-0.0184,0.0353,1783.0,0.0072,-0.0903,794158.0,-0.0003,-0.1773,662,0.097,0.2971,0.4966,0.0275,-0.2225,0.0
202502,53051,"pend oreille, wa",499675.0,0.0278,-0.0852,43,-0.2411,0.0759,116.0,-0.0253,0.3014,8,1.0,-0.2,0,,,0.0,0.0,0.0,2.0,-0.6667,-0.75,0.0323,-0.0585,-0.1094,14.0,0.3333,0.2727,275.0,0.0695,0.1189,1892.0,-0.0105,-0.2244,799401.0,0.1637,-0.2581,57,-0.1231,0.1633,0.3294,0.1419,0.0509,0.0
202502,53025,"grant, wa",409000.0,0.0093,0.0239,288,0.0088,0.6061,97.0,-0.0373,0.2857,110,0.3415,0.7188,2,0.0,,0.0035,-0.0009,0.0035,46.0,-0.0417,0.2778,0.0883,-0.0233,-0.0116,125.0,0.25,0.3089,259.0,0.0071,0.1143,1649.0,0.0047,-0.0416,476013.0,-0.0056,0.0255,409,0.0651,0.4712,0.4348,0.0839,-0.0987,1.0
202502,53055,"san juan, wa",1159000.0,0.036,-0.1415,85,0.0696,0.1736,107.0,-0.1162,-0.1901,22,0.2222,0.1,0,,,0.0,0.0,0.0,6.0,0.0,0.5,0.0559,0.0075,0.0212,13.0,-0.2121,0.0,666.0,0.0563,0.0838,1935.0,0.0036,-0.0788,2011086.0,0.0599,0.1203,97,0.0104,0.1279,0.1538,-0.055,-0.0267,1.0
202502,53013,"columbia, wa",348675.0,-0.0163,0.0991,15,0.1111,-0.25,103.0,0.0098,-0.0887,0,-1.0,-1.0,0,,,0.0,0.0,0.0,4.0,,1.0,0.1739,0.1739,0.1151,8.0,0.0667,-0.0588,169.0,-0.0025,0.1763,2106.0,-0.1384,-0.0114,418293.0,-0.0267,0.2166,24,0.119,-0.2167,0.5333,-0.0222,0.1083,1.0
202502,53015,"cowlitz, wa",449450.0,-0.0407,-0.0674,260,-0.0632,0.2783,88.0,0.0057,0.0969,100,0.3514,0.1364,14,-0.5333,-0.7407,0.03,-0.0314,-0.0953,122.0,0.2449,0.3864,0.2465,0.0427,0.045,130.0,0.1818,-0.1275,285.0,0.0101,0.0393,1652.0,-0.0738,-0.0936,564494.0,-0.0234,0.0094,392,0.0051,0.1315,0.501,0.1039,-0.233,0.0
202502,53033,"king, wa",799475.0,0.0316,-0.0522,2662,0.1094,0.4141,32.0,-0.5,0.0667,2208,0.1073,0.0855,44,-0.2903,-0.3889,0.0066,-0.0043,-0.0055,658.0,0.2605,0.6368,0.0939,-0.0026,0.0264,2113.0,0.3348,-0.0307,549.0,0.0213,-0.0229,1540.0,0.0172,-0.0751,1256566.0,0.003,-0.1144,4757,0.1967,0.1721,0.7938,0.134,-0.3643,0.0
202502,53029,"island, wa",712475.0,0.0222,-0.0049,190,0.044,0.3571,65.0,-0.1367,-0.0783,94,-0.0784,0.1463,0,-1.0,-1.0,0.0,-0.0049,-0.0121,46.0,0.2778,0.7692,0.1237,0.0167,0.0422,102.0,0.2083,0.1404,368.0,0.0098,-0.0562,1891.0,-0.0374,-0.0506,1048153.0,0.0018,0.1251,291,0.096,0.2848,0.5342,0.0727,-0.1015,0.0
202502,53021,"franklin, wa",508888.0,0.0429,0.0709,178,-0.0483,0.026,80.0,0.0032,0.252,54,-0.2703,-0.0357,0,,,0.0,0.0,0.0,58.0,0.2083,0.381,0.1904,0.0391,0.0597,64.0,0.1869,0.016,263.0,-0.0027,-0.0009,2114.0,0.0942,0.0903,612683.0,0.0276,0.1164,241,-0.0184,0.0278,0.3577,0.0709,-0.0035,0.0
202502,53009,"clallam, wa",550000.0,0.0,-0.063,158,-0.0277,0.2441,79.0,0.057,0.0129,60,-0.1667,0.0714,0,-1.0,,0.0,-0.0127,0.0,22.0,-0.3529,-0.3125,0.0835,-0.0472,-0.0351,72.0,0.1163,-0.1479,315.0,-0.0013,0.0105,1879.0,-0.009,-0.0951,716119.0,0.0011,-0.0168,230,0.0246,0.1141,0.4557,0.0588,-0.2097,0.0
202502,53063,"spokane, wa",482500.0,0.0053,-0.0658,944,-0.0804,0.2358,41.0,-0.4296,0.0872,470,0.0043,-0.0711,20,0.4286,-0.5238,0.0097,0.0029,-0.0121,268.0,0.0806,0.2642,0.1282,0.006,0.0214,647.0,0.2015,-0.0464,234.0,0.015,-0.0287,2133.0,-0.005,-0.0361,592099.0,0.0077,-0.0404,1586,0.0041,0.0942,0.6857,0.1609,-0.2029,0.0
202502,53007,"chelan, wa",497175.0,-0.0476,-0.2221,277,-0.0578,1.0985,116.0,-0.0212,0.1726,50,-0.2647,-0.0741,0,-1.0,-1.0,0.0,-0.0044,-0.0078,32.0,-0.1579,0.6,0.0798,-0.0079,0.003,78.0,0.1556,0.1304,292.0,-0.0492,-0.2039,1371.0,-0.0433,-0.291,600987.0,-0.0485,-0.2668,353,-0.0262,0.7694,0.2816,0.052,-0.2411,1.0
202502,53047,"okanogan, wa",489750.0,-0.0049,-0.0155,100,-0.005,0.0102,134.0,0.0898,-0.0148,12,-0.4545,-0.4545,0,,,0.0,0.0,0.0,16.0,0.6,0.0,0.1035,0.0388,0.014,29.0,0.1154,0.0175,273.0,0.0296,0.0072,1764.0,0.0135,0.0274,757818.0,-0.0223,-0.0264,129,0.0118,0.0118,0.2915,0.0315,0.0021,0.0
202502,53035,"kitsap, wa",659863.0,0.0311,0.1211,394,0.026,0.0854,51.0,-0.3154,0.186,274,0.4124,0.0873,20,-0.2308,-0.0909,0.0212,-0.0056,-0.0005,118.0,0.0172,-0.0484,0.1168,-0.0236,-0.0089,334.0,0.1267,-0.0619,313.0,0.006,0.0822,2077.0,0.02,0.0034,798400.0,0.0169,0.0841,725,0.0638,0.0154,0.8464,0.0756,-0.1329,0.0
202502,53075,"whitman, wa",399925.0,0.0068,-0.1416,87,0.0482,0.1373,80.0,-0.2118,0.8286,38,0.3571,0.1875,0,,,0.0,0.0,0.0,16.0,-0.1111,1.0,0.109,-0.0228,0.0508,19.0,0.0278,-0.075,205.0,-0.002,-0.0216,1999.0,-0.0236,-0.1574,442736.0,0.0088,-0.1718,106,0.0446,0.0876,0.2126,-0.0042,-0.0488,1.0
202502,53031,"jefferson, wa",754750.0,0.0526,0.0864,70,0.0,0.0687,110.0,0.0377,0.4013,28,0.2727,-0.125,0,,,0.0,0.0,0.0,6.0,-0.5,-0.25,0.0481,-0.0515,-0.0099,29.0,-0.05,-0.1739,370.0,-0.0062,0.0336,2089.0,-0.0042,0.0525,1053964.0,0.025,0.3342,98,-0.0297,-0.0101,0.4071,-0.0214,-0.1196,0.0
202502,53037,"kittitas, wa",716500.0,0.011,0.0167,218,0.0211,0.5971,101.0,-0.0946,0.2182,72,0.2414,0.6364,0,-1.0,,0.0,-0.0061,0.0,30.0,-0.2857,0.1538,0.0899,-0.0439,-0.0169,63.0,0.0678,0.0244,431.0,0.0045,-0.0175,1932.0,-0.0014,-0.0716,1099791.0,0.0149,0.0121,281,0.0369,0.4156,0.289,0.0126,-0.1616,0.0
202502,53011,"clark, wa",673650.0,-0.0042,0.0336,1088,-0.0009,0.2513,81.0,0.0125,0.2857,502,0.0203,-0.0669,160,-0.2308,-0.1304,0.069,-0.0258,-0.015,444.0,-0.0177,0.2542,0.1915,-0.014,0.0226,725.0,0.0592,-0.0041,319.0,0.0107,0.0261,2142.0,-0.0204,-0.0181,840206.0,-0.0185,0.0169,1803,0.0204,0.1336,0.6659,0.0378,-0.1708,0.0
202502,53001,"adams, wa",362250.0,0.0063,-0.0071,34,-0.1299,-0.1299,120.0,-0.0144,0.1915,4,-0.5,-0.7143,0,,,0.0,0.0,0.0,10.0,-0.375,1.5,0.1707,-0.0605,0.1164,21.0,0.1053,0.1351,195.0,-0.0551,-0.0292,2117.0,0.181,0.2163,420175.0,0.0322,0.0492,55,-0.0354,-0.0522,0.6269,0.1334,0.1463,1.0
202502,53071,"walla walla, wa",547250.0,0.0454,0.1296,93,-0.0263,-0.1629,80.0,-0.0449,-0.078,46,0.5333,0.15,0,,,0.0,0.0,0.0,16.0,-0.4667,-0.2,0.0747,-0.0886,-0.0237,65.0,0.1017,0.3,255.0,-0.0198,0.0424,2271.0,0.0563,0.0224,666906.0,-0.0016,0.1955,158,0.0161,-0.0217,0.7027,0.0817,0.2502,0.0
202501,53015,"cowlitz, wa",468500.0,-0.0525,-0.0226,277,-0.1065,0.262,87.0,0.0906,0.1711,74,0.1212,-0.0976,30,0.6667,6.5,0.0614,0.0244,0.0522,98.0,0.1395,0.1395,0.2038,0.0366,-0.001,110.0,-0.0638,-0.1093,282.0,0.0057,0.0424,1783.0,-0.0302,-0.0493,578032.0,-0.0156,0.0769,390,-0.077,0.149,0.3971,0.0181,-0.1655,0.0
202501,53035,"kitsap, wa",639988.0,-0.0077,0.0675,384,-0.1533,0.0435,75.0,0.1641,0.3484,194,0.1829,-0.0673,26,0.4444,0.1818,0.0268,0.0065,0.0032,116.0,-0.0645,-0.0492,0.1404,0.0136,0.0003,296.0,-0.142,-0.0017,311.0,-0.0135,0.0766,2036.0,0.0141,-0.0447,785095.0,-0.0121,0.0488,682,-0.1465,0.0256,0.7708,0.0101,-0.0349,0.0
202501,53075,"whitman, wa",397225.0,0.0133,-0.1604,83,-0.1263,0.1448,102.0,0.1278,0.6917,28,1.0,-0.0667,0,,,0.0,0.0,0.0,18.0,3.5,0.5,0.1318,0.1034,0.0331,18.0,-0.122,0.0909,206.0,-0.0003,-0.0333,2047.0,0.0446,-0.1481,438859.0,0.0144,-0.2081,101,-0.1217,0.1477,0.2169,0.0011,-0.0107,1.0
202501,53051,"pend oreille, wa",486175.0,0.0289,-0.088,56,-0.1642,0.4933,119.0,0.2312,0.4149,4,-0.3333,-0.3333,0,-1.0,,0.0,-0.0473,0.0,6.0,-0.4,0.0,0.0908,-0.0276,-0.0098,11.0,-0.3,-0.2759,257.0,0.0195,-0.073,1912.0,-0.0165,-0.2145,686956.0,0.0038,-0.3684,65,-0.2121,0.25,0.1875,-0.0364,-0.1992,0.0
202501,53055,"san juan, wa",1118750.0,-0.1361,-0.1452,79,-0.1939,0.1367,121.0,-0.0243,-0.1423,18,0.2857,2.0,0,,,0.0,0.0,0.0,6.0,2.0,-0.25,0.0484,0.0337,-0.0401,17.0,-0.0833,0.5,630.0,-0.016,0.0255,1928.0,-0.047,-0.1173,1897475.0,-0.1349,-0.0701,96,-0.1724,0.1925,0.2089,0.0252,0.0506,1.0
202501,53001,"adams, wa",359974.0,0.0034,-0.0722,39,-0.125,-0.0833,122.0,0.1045,0.1096,8,1.0,-0.3333,0,,-1.0,0.0,0.0,-0.0294,16.0,1.6667,7.0,0.2312,0.1373,0.203,19.0,0.3103,0.3571,206.0,-0.0796,-0.0838,1793.0,0.0162,0.028,407060.0,0.0264,-0.0683,57,-0.0174,0.018,0.4935,0.164,0.1602,0.0
202501,53027,"grays harbor, wa",399913.0,0.0086,0.0,343,-0.0927,0.2615,91.0,-0.0241,0.0083,100,0.9231,0.1628,4,,0.0,0.0073,0.0073,-0.0016,82.0,0.2813,0.0789,0.1579,0.0399,-0.0183,94.0,0.1065,0.1761,275.0,0.0083,-0.0148,1468.0,0.0007,-0.0174,427935.0,-0.0076,-0.0759,436,-0.0593,0.2511,0.273,0.0492,-0.0198,0.0
202501,53039,"klickitat, wa",646225.0,-0.0486,0.1358,62,-0.1268,0.069,130.0,0.0039,0.2381,10,-0.375,0.25,6,,2.0,0.0674,0.0674,0.0478,12.0,-0.25,0.5,0.1452,-0.021,0.0538,12.0,-0.425,-0.4651,330.0,-0.0085,0.1331,2143.0,0.0132,0.15,889468.0,0.0061,0.3213,74,-0.1923,-0.0813,0.1855,-0.0962,-0.1852,0.0
202501,53019,"ferry, wa",410000.0,-0.0238,0.0933,39,-0.0253,0.4259,139.0,0.194,-0.1006,4,1.0,0.0,0,,,0.0,0.0,0.0,0.0,,,0.0,0.0,0.0,4.0,-0.3,-0.125,269.0,-0.0245,0.3183,1768.0,0.0068,0.2085,526045.0,-0.0245,0.0643,42,-0.0562,0.3548,0.0909,-0.0357,-0.0572,0.0
202501,53031,"jefferson, wa",717000.0,0.0,0.0403,70,-0.2135,0.0606,106.0,0.2471,0.4422,22,0.1,-0.0833,0,,-1.0,0.0,0.0,-0.0313,12.0,-0.1429,-0.5,0.0995,0.0079,-0.0948,30.0,-0.1781,-0.1045,372.0,0.0009,0.0427,2098.0,-0.0029,0.0984,1028262.0,0.0337,0.3122,101,-0.192,0.0151,0.4286,0.0185,-0.079,0.0
202501,53071,"walla walla, wa",523500.0,0.0275,0.155,95,-0.188,-0.0865,84.0,0.0987,-0.003,30,0.1538,-0.0625,0,-1.0,,0.0,-0.008,0.0,30.0,-0.1667,0.3636,0.1633,-0.0195,0.0496,59.0,0.1028,0.0536,260.0,0.0314,0.0917,2150.0,0.0058,-0.0251,667978.0,0.0626,0.2445,155,-0.0909,-0.0252,0.6211,0.1638,0.0826,0.0
202501,53063,"spokane, wa",479975.0,-0.0077,-0.0399,1026,-0.1231,0.2833,71.0,0.1452,0.6229,468,0.5195,0.1415,14,1.3333,-0.3,0.0068,0.0036,-0.0046,248.0,0.0164,0.494,0.1222,0.0056,0.0278,539.0,-0.1136,-0.0477,231.0,0.0215,-0.0052,2144.0,-0.0288,-0.0484,587557.0,-0.0161,-0.0444,1580,-0.1101,0.1571,0.5249,0.0056,-0.1825,0.0
202501,53045,"mason, wa",465975.0,-0.0392,0.005,161,-0.1508,0.2996,87.0,0.1717,0.2083,58,0.9333,0.5263,0,-1.0,,0.0,-0.0063,0.0,42.0,0.4,-0.0455,0.1437,0.0423,-0.0509,76.0,-0.1006,0.1783,295.0,-0.0005,0.0194,1715.0,0.0199,-0.0178,574042.0,-0.0028,-0.0319,236,-0.1387,0.2292,0.4735,0.0264,-0.0487,0.0
202501,53013,"columbia, wa",354450.0,0.0742,0.0874,14,-0.1563,-0.4706,102.0,0.0226,0.4746,4,,-0.3333,0,,,0.0,0.0,0.0,0.0,,-1.0,0.0,0.0,-0.1388,8.0,0.25,0.875,169.0,-0.0144,0.0655,2444.0,0.1934,0.0997,429760.0,0.0152,0.1926,21,-0.0455,-0.3,0.5556,0.1806,0.3987,0.0
202501,53067,"thurston, wa",594958.0,0.0034,0.0659,378,-0.0597,0.0988,67.0,0.0556,-0.0466,246,0.7826,0.1284,8,1.0,-0.6,0.0088,0.0037,-0.0139,120.0,0.3043,-0.0476,0.149,0.0372,0.0055,234.0,-0.1333,-0.1861,292.0,-0.0155,0.0233,2111.0,0.0079,0.0348,701249.0,0.001,-0.057,614,-0.0871,-0.0215,0.619,-0.0526,-0.2167,0.0
202501,53077,"yakima, wa",410000.0,-0.0156,-0.0119,331,-0.1268,0.0944,70.0,0.121,-0.0314,122,0.525,0.3556,0,,-1.0,0.0,0.0,-0.0039,68.0,0.1724,0.0303,0.1147,0.0182,-0.0077,122.0,-0.1033,-0.0933,239.0,0.0164,0.0545,1784.0,-0.0116,-0.0414,482961.0,0.0088,-0.002,453,-0.1264,0.0426,0.3676,0.0096,-0.0761,0.0
202501,53073,"whatcom, wa",650000.0,-0.0103,-0.0698,413,-0.159,0.3033,81.0,0.1667,-0.064,182,0.75,0.3582,2,,0.0,0.0023,0.0023,-0.0007,84.0,0.1667,0.5,0.102,0.013,0.018,194.0,-0.0851,-0.0764,391.0,0.0143,0.0521,1770.0,-0.0041,-0.0998,794368.0,-0.0253,-0.1643,603,-0.1416,0.1464,0.4691,0.0379,-0.1928,0.0
202501,53049,"pacific, wa",420475.0,0.0448,-0.0106,127,-0.1732,0.063,114.0,0.0708,0.6569,28,-0.125,-0.1765,0,,,0.0,0.0,0.0,32.0,-0.0588,0.4545,0.1661,0.0161,0.0388,28.0,-0.127,-0.1538,300.0,-0.012,-0.0539,1414.0,0.0069,-0.048,494642.0,0.0007,-0.0648,156,-0.1572,0.0401,0.2174,0.0115,-0.0557,0.0
202501,53047,"okanogan, wa",492175.0,-0.0348,0.0289,100,-0.2218,-0.115,123.0,-0.0737,-0.0993,22,1.75,0.5714,0,,,0.0,0.0,0.0,10.0,0.0,-0.1667,0.0647,0.0056,-0.0089,26.0,0.04,-0.0877,265.0,-0.1081,-0.0673,1741.0,0.0291,0.0397,775074.0,0.0263,0.0434,128,-0.1667,-0.0989,0.26,0.0654,0.0078,0.0
202501,53025,"grant, wa",405250.0,-0.0293,0.0325,285,-0.0563,0.6716,101.0,0.1356,0.2256,82,0.9524,0.2424,2,0.0,0.0,0.0044,0.0002,-0.0012,48.0,0.2,1.4,0.1116,0.0242,0.0444,100.0,-0.1304,0.1173,258.0,0.0051,0.0788,1641.0,-0.0187,-0.0281,478689.0,-0.0149,0.0389,384,-0.0813,0.4826,0.3509,-0.0299,-0.174,0.0
202501,53043,"lincoln, wa",354900.0,0.0106,-0.0599,48,-0.0306,0.2025,99.0,0.1379,-0.0549,12,0.2,-0.1429,0,-1.0,,0.0,-0.0286,0.0,8.0,1.0,3.0,0.119,0.0619,0.0862,11.0,-0.125,0.1667,186.0,0.0585,-0.0414,2043.0,-0.0414,0.0572,468451.0,0.0296,0.0488,58,-0.065,0.2105,0.2211,-0.0238,-0.0068,0.0
202501,53041,"lewis, wa",492450.0,-0.013,-0.1005,238,-0.0951,0.1667,101.0,0.1136,0.0663,70,0.4583,0.75,2,-0.5,0.0,0.0053,-0.0046,-0.0011,66.0,0.1786,0.2692,0.1779,0.0363,0.0065,74.0,-0.0633,0.2131,280.0,-0.0318,0.0076,1766.0,0.0009,-0.1056,559787.0,-0.0516,-0.0929,311,-0.0906,0.1803,0.3109,0.0105,0.0119,1.0
202501,53003,"asotin, wa",392445.0,0.0145,-0.0728,70,0.053,0.2087,58.0,-0.0612,-0.5833,30,0.3636,2.0,0,,,0.0,0.0,0.0,22.0,0.2222,2.6667,0.2035,0.0502,0.1325,21.0,-0.0238,0.3226,211.0,-0.0052,-0.0308,1916.0,-0.0078,-0.0724,454893.0,-0.0821,-0.2137,90,0.0113,0.2517,0.295,-0.0232,0.0254,1.0
202501,53011,"clark, wa",676512.0,0.0091,0.027,1089,-0.0767,0.2027,80.0,0.0811,0.1268,492,0.6622,0.0041,208,0.3165,0.3333,0.0949,0.0185,0.0185,452.0,0.0865,0.8992,0.2054,0.0192,0.0812,684.0,-0.0744,0.1438,315.0,0.0125,0.0157,2186.0,-0.0047,-0.0036,856011.0,0.0059,0.04,1767,-0.0845,0.1776,0.6281,0.0016,-0.0323,0.0
202501,53069,"wahkiakum, wa",513750.0,-0.1148,-0.1697,15,-0.2308,-0.1667,153.0,0.0234,1.0887,6,2.0,2.0,0,,,0.0,0.0,0.0,2.0,0.0,,0.1176,0.0487,0.1176,2.0,0.0,-0.7143,269.0,0.006,-0.1264,2073.0,0.0275,-0.1266,628669.0,0.0054,-0.0883,17,-0.1707,-0.3333,0.1333,0.0308,-0.2556,1.0
202501,53029,"island, wa",697000.0,0.0,-0.0162,182,-0.1313,0.3382,75.0,0.0204,0.0638,102,1.6842,0.7586,2,,,0.0049,0.0049,0.0049,36.0,0.0588,0.0,0.107,0.0093,-0.0239,84.0,-0.0233,-0.04,364.0,0.004,-0.0231,1965.0,0.0112,-0.0223,1046309.0,-0.0067,0.1898,266,-0.1015,0.18,0.4615,0.051,-0.1818,1.0
202501,53021,"franklin, wa",487975.0,0.0061,-0.0225,187,-0.0533,0.0332,79.0,0.0746,-0.0276,74,0.0882,0.3214,0,-1.0,,0.0,-0.0214,0.0,48.0,0.2632,0.7143,0.1513,0.0319,0.0622,54.0,0.163,0.0918,263.0,-0.0032,0.0191,1932.0,0.0063,-0.0588,596236.0,0.0033,0.0586,245,-0.002,0.0652,0.2869,0.0534,0.0154,0.0
202501,53061,"snohomish, wa",776925.0,0.009,0.061,721,-0.117,0.5905,53.0,-0.0409,0.0,698,0.9071,0.3686,42,0.75,-0.3636,0.0194,0.0085,-0.0159,248.0,0.1273,1.5833,0.1263,0.0161,0.0749,743.0,-0.0911,-0.1415,406.0,-0.0045,0.0242,1946.0,0.0146,0.0008,904441.0,0.0014,0.0568,1464,-0.103,0.1108,1.0312,0.0294,-0.8794,0.0
202501,53065,"stevens, wa",467250.0,-0.0243,0.0418,152,-0.0194,0.414,119.0,0.0922,0.6122,34,0.5455,0.3077,0,,,0.0,0.0,0.0,20.0,0.25,-0.1667,0.0929,0.0126,-0.0567,29.0,-0.0169,-0.1212,244.0,-0.0055,0.0941,1916.0,-0.0444,-0.133,557817.0,-0.0445,-0.0261,180,-0.0374,0.2811,0.1908,0.0005,-0.1162,0.0
202501,53007,"chelan, wa",522000.0,-0.0492,-0.1894,294,-0.1416,0.8907,118.0,0.0261,0.1741,68,0.7895,2.7778,2,,,0.0044,0.0044,0.0044,38.0,0.0,0.0556,0.0877,0.0039,-0.0571,68.0,-0.0493,0.1739,308.0,-0.0176,-0.1516,1433.0,-0.07,-0.2702,631621.0,-0.0702,-0.2495,363,-0.1233,0.7099,0.2296,0.0223,-0.1402,1.0
202501,53037,"kittitas, wa",708725.0,0.0139,0.022,214,-0.1757,0.3909,111.0,0.0829,0.2033,58,1.6364,0.9333,2,0.0,,0.0061,0.0009,0.0061,42.0,0.2353,0.3125,0.1338,0.039,0.0047,59.0,-0.1449,0.1346,429.0,0.0287,0.0622,1935.0,0.0051,-0.0937,1083666.0,0.0195,-0.013,271,-0.1738,0.3187,0.2763,0.0099,-0.0624,1.0
202501,53017,"douglas, wa",624450.0,0.0204,-0.0389,87,-0.1478,0.3952,79.0,0.0608,-0.1278,28,0.75,0.1667,0,,,0.0,0.0,0.0,22.0,0.375,0.5714,0.1541,0.0472,0.0393,27.0,-0.2603,-0.3077,293.0,-0.0463,-0.0211,2045.0,-0.0037,-0.0121,736702.0,-0.057,-0.0755,115,-0.1703,0.1566,0.3121,-0.0475,-0.3169,0.0
202501,53005,"benton, wa",518163.0,0.0175,-0.0083,550,-0.0811,0.0849,74.0,0.0571,-0.0358,204,0.4167,0.3421,12,2.0,-0.1429,0.0133,0.0088,-0.0047,128.0,0.561,0.3913,0.1512,0.054,0.0294,118.0,-0.0249,-0.0408,269.0,0.0082,0.0303,2027.0,0.0015,-0.0311,579096.0,0.0027,-0.0157,671,-0.0706,0.06,0.2138,0.0123,-0.028,0.0
202501,53033,"king, wa",775000.0,-0.0032,-0.0461,2400,-0.1045,0.2946,64.0,-0.0519,0.0667,1994,1.6873,0.2541,62,1.0667,-0.0606,0.0108,0.0049,-0.0032,522.0,0.0653,0.4746,0.0965,0.0043,0.0241,1583.0,-0.1215,0.0253,537.0,0.0196,-0.0131,1514.0,-0.0226,-0.0931,1252759.0,-0.02,-0.0952,3975,-0.1126,0.1691,0.6597,-0.0128,-0.1733,0.0
202501,53059,"skamania, wa",699700.0,-0.0003,0.1664,27,-0.129,-0.2174,131.0,0.0607,0.5233,6,2.0,0.5,0,,,0.0,0.0,0.0,2.0,-0.5,-0.6667,0.0444,-0.0465,-0.091,10.0,-0.0952,0.7273,332.0,0.0145,0.1104,2190.0,-0.0188,0.0137,1059615.0,-0.0141,0.1014,37,-0.131,-0.0641,0.3519,0.0131,0.1924,0.0
202501,53009,"clallam, wa",550000.0,-0.0426,-0.0817,163,-0.058,0.1733,75.0,0.0836,-0.1745,72,0.5,0.44,4,,,0.0127,0.0127,0.0127,34.0,0.2143,0.7,0.1306,0.0318,0.054,65.0,-0.2037,0.2286,315.0,-0.002,-0.0063,1896.0,-0.0263,-0.1107,715335.0,-0.015,-0.0622,224,-0.1022,0.2141,0.3969,-0.0726,0.0179,0.0
202501,53023,"garfield, wa",244900.0,-0.0082,0.0341,9,-0.2174,1.0,123.0,0.3253,0.5123,0,,,0,,,0.0,0.0,0.0,6.0,,2.0,0.375,0.375,0.2212,3.0,0.25,-0.2857,206.0,0.1008,0.5484,1568.0,-0.0224,-0.3537,331733.0,-0.1655,-0.3076,11,-0.1538,0.375,0.2778,0.1039,-0.5,0.0
202501,53053,"pierce, wa",622438.0,0.0316,-0.0073,1247,-0.1329,0.2378,64.0,0.0583,0.0583,732,0.464,0.1731,58,1.0714,-0.275,0.0194,0.0104,-0.0119,422.0,0.2197,0.4257,0.1442,0.0238,0.0279,865.0,-0.0603,-0.0542,319.0,0.0037,0.0094,2075.0,0.0083,-0.0144,743315.0,0.0084,-0.0325,2107,-0.1061,0.0966,0.6935,0.0535,-0.2141,0.0
202501,53057,"skagit, wa",678950.0,0.0104,-0.0225,194,-0.1381,0.3208,74.0,0.0424,-0.0264,92,1.1905,0.3939,2,,,0.0059,0.0059,0.0059,42.0,-0.16,0.3125,0.1097,-0.0138,-0.003,109.0,-0.0687,0.4183,369.0,-0.0043,0.0201,2005.0,0.0155,-0.1002,815133.0,0.003,-0.1043,301,-0.1188,0.3506,0.5607,0.0418,0.0385,0.0
202412,53051,"pend oreille, wa",472500.0,0.0227,-0.0308,67,-0.0563,0.2182,96.0,0.0938,0.1324,6,-0.5,-0.25,4,,,0.0473,0.0473,0.0473,10.0,0.25,1.5,0.1183,0.0399,0.0494,15.0,-0.2857,0.875,252.0,-0.059,0.0159,1944.0,0.064,-0.0231,684361.0,0.0382,-0.1923,83,-0.1033,0.3306,0.2239,-0.0719,0.0784,0.0
202412,53035,"kitsap, wa",644970.0,-0.0227,0.0767,454,-0.2221,0.0191,64.0,0.28,0.1228,164,-0.3788,-0.0682,18,1.25,0.5,0.0203,0.0124,0.0074,124.0,-0.3261,0.0,0.1268,-0.0258,-0.0009,345.0,-0.1585,0.1815,315.0,-0.0049,0.0842,2008.0,-0.03,-0.0738,794742.0,-0.0461,-0.0008,799,-0.2086,0.0733,0.7607,0.0575,0.1046,0.0
202412,53003,"asotin, wa",386850.0,0.0051,-0.0673,66,0.0313,0.082,61.0,-0.072,-0.506,22,0.1,4.5,0,,,0.0,0.0,0.0,18.0,-0.1,0.5,0.1533,-0.0005,-0.0181,21.0,-0.1923,0.6154,213.0,0.0297,0.0202,1931.0,-0.0516,-0.0603,495575.0,-0.0141,-0.1101,89,-0.0585,0.1959,0.3182,-0.0881,0.1051,1.0
202412,53025,"grant, wa",417489.0,-0.0086,0.0217,302,-0.0821,0.5812,89.0,0.1346,0.0057,42,-0.5,0.1667,2,,,0.0042,0.0042,0.0042,40.0,-0.375,0.4286,0.0874,-0.0259,-0.0004,115.0,-0.1418,0.25,256.0,0.014,0.0671,1673.0,-0.041,-0.0316,485920.0,-0.0198,0.0004,418,-0.0933,0.477,0.3808,-0.0265,-0.1009,0.0
202412,53055,"san juan, wa",1295000.0,-0.0226,-0.0407,98,-0.1624,0.2099,124.0,0.1227,-0.0608,14,0.1667,0.1667,0,,,0.0,0.0,0.0,2.0,-0.8333,-0.5,0.0147,-0.0762,-0.023,18.0,-0.1429,0.0588,640.0,-0.0166,0.1237,2023.0,-0.0437,-0.1318,2193255.0,-0.0299,0.0938,116,-0.1714,0.2211,0.1837,0.0042,-0.0262,0.0
202412,53045,"mason, wa",485000.0,0.0196,0.026,189,-0.1818,0.1813,74.0,0.3026,0.0607,30,-0.5588,-0.1667,2,,,0.0063,0.0063,0.0063,30.0,-0.625,-0.375,0.1014,-0.1027,-0.0883,85.0,-0.155,0.5943,295.0,-0.0039,0.0121,1682.0,0.0009,-0.0489,575645.0,-0.0048,-0.0323,274,-0.1747,0.2986,0.4471,0.0142,0.1158,0.0
202412,53047,"okanogan, wa",509925.0,-0.0183,0.0302,129,-0.1601,-0.0688,132.0,0.093,0.155,8,-0.5,-0.5,0,,,0.0,0.0,0.0,10.0,-0.5833,-0.1667,0.0591,-0.048,-0.0027,25.0,-0.4048,0.0,298.0,0.0278,0.1019,1691.0,-0.0051,-0.0302,755239.0,0.0017,0.0566,153,-0.2154,-0.0556,0.1946,-0.08,0.0134,0.0
202412,53077,"yakima, wa",416500.0,0.0013,0.0036,379,-0.07,0.1755,62.0,0.1698,-0.0462,80,-0.3548,-0.0909,0,-1.0,,0.0,-0.0052,0.0,58.0,-0.5,0.3182,0.0965,-0.0549,0.0239,136.0,-0.2257,-0.0321,235.0,-0.0102,0.0258,1805.0,-0.0115,-0.0414,478732.0,-0.0102,-0.0293,518,-0.1294,0.1236,0.358,-0.072,-0.0768,0.0
202412,53005,"benton, wa",509250.0,-0.0034,-0.029,598,-0.0939,0.0755,70.0,0.129,0.0294,144,-0.28,0.0588,4,-0.5,-0.5,0.0045,-0.003,-0.0049,82.0,-0.3594,0.2059,0.0973,-0.0316,0.0169,121.0,-0.2784,-0.0041,267.0,0.0044,0.0261,2024.0,-0.0117,-0.0489,577545.0,-0.0111,-0.0223,722,-0.1259,0.0665,0.2015,-0.0515,-0.0161,0.0
202412,53065,"stevens, wa",478875.0,-0.0227,-0.0126,155,-0.2689,0.2109,109.0,0.24,0.391,22,-0.2143,-0.0833,0,,,0.0,0.0,0.0,16.0,-0.4286,-0.3333,0.0803,-0.0223,-0.0474,30.0,-0.2436,-0.1324,245.0,-0.0263,0.0732,2005.0,-0.0121,-0.1553,583767.0,-0.0165,-0.0448,187,-0.252,0.1688,0.1903,0.0064,-0.0753,0.0
202412,53021,"franklin, wa",485000.0,-0.024,-0.0199,197,-0.039,0.0103,74.0,0.0846,0.0688,68,0.0625,0.8889,6,0.5,-0.25,0.0214,0.0091,-0.0042,38.0,-0.2083,0.9,0.1195,-0.0247,0.0519,46.0,-0.193,0.0222,264.0,-0.0092,0.0474,1920.0,-0.0479,-0.065,594303.0,-0.034,0.0579,246,-0.0594,-0.0101,0.2335,-0.0445,0.0027,1.0
202412,53041,"lewis, wa",498950.0,0.008,-0.031,263,-0.0962,0.1689,90.0,0.1424,0.1875,48,-0.3333,0.7143,4,,,0.0099,0.0099,0.0099,56.0,-0.3,0.5556,0.1416,-0.041,0.0438,79.0,-0.1222,0.254,289.0,0.0221,0.0626,1764.0,-0.0184,-0.0755,590217.0,0.0102,-0.0063,342,-0.0976,0.1916,0.3004,-0.0089,0.0204,1.0
202412,53029,"island, wa",697000.0,-0.0707,0.025,210,-0.1784,0.2932,74.0,0.1575,0.1308,38,-0.5,-0.2083,0,,,0.0,0.0,0.0,34.0,-0.3462,-0.0556,0.0977,-0.0232,-0.0231,86.0,-0.1224,0.0238,363.0,-0.0261,-0.0242,1943.0,-0.0326,-0.0036,1053336.0,-0.0589,0.205,296,-0.186,0.2012,0.4105,0.0262,-0.108,0.0
202412,53013,"columbia, wa",329975.0,0.0001,-0.0363,16,-0.1579,-0.36,100.0,0.1503,0.2284,0,-1.0,-1.0,0,,,0.0,0.0,0.0,0.0,-1.0,-1.0,0.0,-0.129,-0.0833,6.0,-0.25,2.0,171.0,0.0169,0.1576,2048.0,0.0486,-0.08,423342.0,-0.2688,0.1127,22,-0.1852,-0.1538,0.375,-0.0461,0.295,1.0
202412,53067,"thurston, wa",592950.0,0.0059,0.0439,402,-0.1762,0.0281,63.0,0.3263,0.0862,138,-0.3235,-0.2333,4,-0.75,-0.6667,0.0051,-0.0102,-0.0082,92.0,-0.439,0.2778,0.1118,-0.0375,0.0292,270.0,-0.1667,-0.094,296.0,0.0025,0.0584,2095.0,-0.0017,-0.012,700553.0,0.0046,-0.0715,672,-0.1855,-0.0289,0.6716,0.0077,-0.0905,0.0
202412,53063,"spokane, wa",483678.0,-0.0118,-0.0178,1170,-0.1925,0.2025,62.0,0.2157,0.1698,308,-0.2936,0.2419,6,-0.5,-0.5,0.0032,-0.002,-0.0044,244.0,-0.4602,0.2708,0.1166,-0.0645,0.008,608.0,-0.1208,0.1106,226.0,-0.0054,0.0049,2208.0,-0.0011,-0.0241,597153.0,-0.0198,-0.0051,1775,-0.1678,0.1678,0.5192,0.0424,-0.0429,0.0
202412,53061,"snohomish, wa",770000.0,-0.0191,0.0621,816,-0.2662,0.2179,55.0,0.1957,0.0784,366,-0.4281,-0.0054,24,-0.3333,-0.3333,0.0108,-0.0045,-0.0097,220.0,-0.4608,0.4103,0.1102,-0.0357,0.03,818.0,-0.2024,-0.0233,408.0,0.0071,0.0568,1918.0,-0.0299,-0.0284,903155.0,-0.0175,0.0703,1632,-0.2362,0.0891,1.0018,0.0801,-0.2474,0.0
202412,53011,"clark, wa",670402.0,0.0123,0.0081,1180,-0.1372,0.1902,74.0,0.1385,0.0571,296,-0.3782,0.0423,158,-0.0595,1.6333,0.0764,0.0091,0.0477,416.0,-0.354,0.4648,0.1862,-0.057,0.0514,739.0,-0.0622,0.1387,311.0,0.0079,0.0128,2196.0,-0.0053,-0.004,851024.0,0.0046,0.0272,1930,-0.1036,0.1725,0.6265,0.0501,-0.0284,0.0
202412,53059,"skamania, wa",699925.0,-0.0668,0.1307,31,-0.2619,-0.2051,124.0,0.3138,0.7518,2,-0.5,-0.75,0,,,0.0,0.0,0.0,4.0,-0.75,,0.0909,-0.1758,0.0909,11.0,-0.25,0.1667,327.0,0.015,0.1022,2232.0,-0.0128,0.0331,1074795.0,0.0275,0.118,42,-0.25,-0.1064,0.3387,0.0054,0.1079,1.0
202412,53073,"whatcom, wa",656750.0,-0.0328,-0.0467,491,-0.1484,0.2324,69.0,0.15,-0.0282,104,-0.4468,0.0833,0,-1.0,,0.0,-0.0039,0.0,72.0,-0.4375,-0.0526,0.089,-0.0302,-0.0176,212.0,-0.2446,0.0575,386.0,0.0035,0.0605,1778.0,-0.0266,-0.0973,815006.0,-0.0327,-0.1262,703,-0.1784,0.1767,0.4312,-0.0549,-0.0713,0.0
202412,53039,"klickitat, wa",679250.0,0.0004,0.2372,71,-0.2198,0.1452,130.0,0.0882,0.3081,16,3.0,0.3333,0,,,0.0,0.0,0.0,16.0,-0.3333,1.0,0.1661,-0.029,0.0819,20.0,-0.1304,-0.0476,333.0,-0.0048,0.1399,2115.0,0.0166,0.18,884084.0,0.0087,0.4058,91,-0.1727,0.0964,0.2817,0.0289,-0.057,0.0
202412,53031,"jefferson, wa",717000.0,-0.0165,0.0622,89,-0.2193,0.1266,85.0,0.1486,0.0559,20,-0.1667,0.6667,0,,,0.0,0.0,0.0,14.0,-0.5625,-0.125,0.0917,-0.0881,-0.0269,37.0,-0.1705,0.0735,372.0,-0.0013,0.0378,2104.0,-0.0094,0.0757,994745.0,-0.0285,0.238,125,-0.2089,0.1161,0.4101,0.0241,-0.0203,0.0
202412,53049,"pacific, wa",402450.0,-0.0063,-0.0851,153,-0.1307,0.275,106.0,0.0192,0.2619,32,0.3333,0.1429,0,,,0.0,0.0,0.0,34.0,-0.15,7.5,0.15,-0.0146,0.1265,32.0,-0.3152,0.26,303.0,0.0188,-0.0153,1404.0,-0.0652,-0.1023,494277.0,-0.0153,-0.0631,185,-0.1763,0.2637,0.2059,-0.0555,-0.0025,0.0
202412,53001,"adams, wa",358749.0,-0.0238,-0.0754,44,-0.12,0.0,110.0,0.164,0.0185,4,-0.5,0.0,0,-1.0,,0.0,-0.0548,0.0,6.0,-0.25,0.5,0.0939,-0.0036,0.0342,15.0,-0.0938,-0.1944,224.0,0.1601,-0.0158,1764.0,-0.0199,-0.0312,396579.0,0.0369,-0.0953,58,-0.1667,-0.0873,0.3295,0.0095,-0.0795,0.0
202412,53027,"grays harbor, wa",396500.0,-0.006,-0.021,378,-0.0947,0.25,93.0,0.0843,0.1584,52,-0.35,0.0,0,,,0.0,0.0,0.0,64.0,-0.4074,0.2308,0.118,-0.0523,-0.0064,85.0,-0.324,0.0974,273.0,0.0188,-0.0479,1467.0,-0.0105,-0.0171,431202.0,-0.0535,-0.0957,464,-0.1634,0.223,0.2238,-0.0759,-0.0311,0.0
202412,53071,"walla walla, wa",509500.0,-0.0295,0.0505,117,-0.1,-0.0168,76.0,0.1603,0.078,26,-0.4583,-0.0714,2,,,0.008,0.008,0.008,36.0,0.125,0.2857,0.1827,0.0339,0.0384,54.0,-0.1894,-0.0093,252.0,-0.0121,0.0381,2137.0,-0.0178,-0.0305,628653.0,-0.0068,0.1456,171,-0.1345,0.0029,0.4573,-0.0504,0.0035,0.0
202412,53019,"ferry, wa",420000.0,-0.0769,0.1699,40,-0.1596,0.5192,116.0,0.2609,-0.1471,2,,,0,,,0.0,0.0,0.0,0.0,,-1.0,0.0,0.0,-0.1143,5.0,-0.5,0.0,276.0,0.0525,0.1536,1756.0,-0.0373,0.2912,539236.0,0.0035,0.0926,45,-0.2054,0.4355,0.1266,-0.0862,-0.0657,0.0
202412,53053,"pierce, wa",603400.0,-0.0155,-0.0259,1438,-0.1804,0.1528,60.0,0.1215,0.0714,500,-0.3243,0.0081,28,-0.3636,-0.2222,0.009,-0.0044,-0.0057,346.0,-0.4693,-0.0281,0.1204,-0.0533,-0.0168,920.0,-0.145,0.1111,318.0,-0.0026,0.0223,2058.0,-0.0051,-0.0237,737106.0,-0.0148,-0.0181,2357,-0.1673,0.1357,0.64,0.0265,-0.024,0.0
202412,53057,"skagit, wa",671975.0,-0.0045,-0.0117,225,-0.1777,0.2335,71.0,0.1055,-0.0374,42,-0.5625,-0.1923,0,,,0.0,0.0,0.0,50.0,-0.3421,1.5,0.1235,-0.0115,0.0655,117.0,-0.1679,0.4036,371.0,0.0033,0.0301,1974.0,0.0071,-0.0422,812657.0,0.001,-0.0823,341,-0.1743,0.2868,0.5189,0.0061,0.0629,0.0
202412,53023,"garfield, wa",246925.0,-0.0422,0.0741,12,0.0455,0.6429,93.0,0.4531,0.0941,0,-1.0,,0,,,0.0,0.0,0.0,0.0,-1.0,-1.0,0.0,-0.25,-0.3077,2.0,1.0,-0.3333,187.0,-0.0915,0.4387,1604.0,0.023,-0.3388,397529.0,-0.0881,-0.1066,13,0.0833,0.3,0.1739,0.083,-0.2547,0.0
202412,53015,"cowlitz, wa",494450.0,-0.0111,0.0312,310,-0.0606,0.342,80.0,0.2308,0.2403,66,-0.3654,0.1786,18,-0.1,,0.0371,0.0026,0.0371,86.0,-0.3676,0.7917,0.1671,-0.0622,0.0371,118.0,-0.1667,-0.0748,281.0,0.006,0.0356,1839.0,-0.0523,-0.0384,587165.0,-0.0208,0.0736,422,-0.0944,0.1955,0.379,-0.0482,-0.1708,0.0
202412,53075,"whitman, wa",392000.0,-0.0497,-0.1071,95,-0.1441,0.2338,90.0,-0.011,0.3433,14,-0.125,-0.125,0,,,0.0,0.0,0.0,4.0,-0.8333,0.0,0.0284,-0.1477,-0.0094,21.0,-0.1458,0.3667,206.0,-0.009,0.0062,1960.0,-0.0681,-0.1662,432609.0,-0.0606,-0.1424,115,-0.1544,0.2234,0.2158,-0.0004,0.021,1.0
202412,53069,"wahkiakum, wa",580375.0,-0.0699,-0.0205,20,-0.22,0.0833,150.0,0.0794,1.99,2,,-0.5,0,,,0.0,0.0,0.0,2.0,-0.75,-0.5,0.069,-0.251,-0.0487,2.0,-0.3333,-0.7143,267.0,-0.0144,-0.1644,2017.0,0.1293,-0.1004,625313.0,0.0109,-0.0821,21,-0.2679,-0.18,0.1026,-0.0174,-0.2863,1.0
202412,53007,"chelan, wa",549000.0,-0.0518,-0.1541,343,-0.1543,0.6789,115.0,0.2105,0.4024,38,-0.2692,0.0556,0,,,0.0,0.0,0.0,38.0,-0.4722,0.3571,0.0838,-0.0454,-0.0056,71.0,-0.29,0.029,313.0,-0.0595,-0.139,1540.0,0.0028,-0.2266,679276.0,-0.0735,-0.2109,414,-0.1812,0.4928,0.2073,-0.0396,-0.1309,1.0
202412,53017,"douglas, wa",611950.0,-0.0585,0.0552,102,-0.1325,0.3013,74.0,0.0137,-0.0513,16,-0.5556,0.0,0,,,0.0,0.0,0.0,16.0,0.0,1.0,0.1069,0.0144,0.0373,37.0,-0.3596,0.4038,307.0,-0.0075,0.0422,2053.0,-0.0717,0.0211,781267.0,-0.0536,0.0638,138,-0.193,0.3529,0.3596,-0.1276,0.0263,0.0
202412,53033,"king, wa",777495.0,-0.0269,-0.0576,2680,-0.2849,0.1856,68.0,0.2981,0.1441,742,-0.4904,-0.0339,30,-0.25,-0.3182,0.0059,0.0003,-0.0052,490.0,-0.512,0.4583,0.0922,-0.0347,0.0192,1802.0,-0.2633,0.1369,527.0,0.0009,-0.0091,1549.0,-0.0497,-0.0986,1278389.0,-0.0028,-0.0407,4480,-0.2761,0.1681,0.6725,0.0197,-0.0288,0.0
202412,53009,"clallam, wa",574450.0,-0.076,-0.018,173,-0.1977,0.0648,69.0,0.0577,-0.1959,48,-0.4,0.5,0,,,0.0,0.0,0.0,28.0,-0.4167,0.1667,0.0989,-0.0319,0.0083,81.0,-0.1818,0.62,316.0,0.0009,0.0273,1947.0,-0.0769,-0.0856,726203.0,-0.0099,-0.0156,250,-0.1793,0.1714,0.4696,0.0091,0.1609,0.0
202412,53043,"lincoln, wa",351175.0,-0.0311,-0.1589,49,-0.0577,0.1395,87.0,0.2985,-0.044,10,-0.1667,,2,,,0.0286,0.0286,0.0286,4.0,-0.6667,0.0,0.0571,-0.0875,-0.0045,12.0,-0.3684,0.2,176.0,-0.0615,-0.1122,2131.0,-0.0288,0.0838,454986.0,-0.0905,-0.0116,62,-0.1458,0.1604,0.2449,-0.1205,0.0123,1.0
202412,53037,"kittitas, wa",699000.0,0.0,0.0058,259,-0.1855,0.349,103.0,0.1264,0.2059,22,-0.6563,-0.3889,2,,,0.0052,0.0052,0.0052,34.0,-0.575,0.2143,0.0948,-0.0735,-0.0011,69.0,-0.25,0.3269,417.0,0.0159,0.0025,1925.0,0.0027,-0.0982,1062973.0,0.0393,-0.0131,328,-0.2039,0.3443,0.2664,-0.0229,-0.0044,0.0
202411,53035,"kitsap, wa",659950.0,0.0076,0.1,583,-0.0482,0.207,50.0,-0.0196,-0.0385,264,-0.0897,0.4505,8,-0.7333,-0.3333,0.0079,-0.0143,-0.004,184.0,-0.1712,-0.1402,0.1525,-0.0114,-0.057,410.0,-0.0919,0.1714,317.0,-0.0054,0.0774,2070.0,-0.0081,-0.0338,833139.0,-0.0463,0.011,1009,-0.0517,0.2149,0.7033,-0.0339,-0.0214,0.0
202411,53005,"benton, wa",510999.0,-0.0139,-0.0448,660,-0.0083,0.1292,62.0,0.1923,0.0248,200,-0.1803,0.2821,8,-0.3333,-0.2,0.0075,-0.0036,-0.0037,128.0,-0.3905,-0.1579,0.1289,-0.0633,-0.0458,167.0,-0.0973,0.2416,265.0,0.0014,0.0355,2048.0,-0.0193,-0.0631,584051.0,-0.0076,-0.0219,826,-0.0254,0.148,0.253,-0.025,0.0229,0.0
202411,53003,"asotin, wa",384900.0,-0.0483,-0.064,64,-0.0303,-0.0725,66.0,0.0394,-0.3903,20,0.1111,0.6667,0,,,0.0,0.0,0.0,20.0,0.1111,0.4286,0.1538,0.0067,0.0083,26.0,-0.3067,0.4054,206.0,-0.0099,-0.0092,2036.0,0.0025,-0.0244,502678.0,-0.0287,-0.0798,94,-0.0918,0.1059,0.4063,-0.1619,0.1381,0.0
202411,53071,"walla walla, wa",525000.0,0.0319,0.0376,130,-0.0909,0.0,66.0,-0.0839,0.0397,48,-0.1111,-0.04,0,,,0.0,0.0,0.0,32.0,-0.1111,-0.3846,0.1488,0.0171,-0.0755,66.0,-0.1429,0.2,255.0,0.0196,0.0312,2176.0,0.0279,-0.0218,632959.0,0.0225,0.0809,197,-0.1025,0.0591,0.5077,-0.0308,0.0846,0.0
202411,53017,"douglas, wa",650000.0,-0.0507,0.1465,117,-0.117,0.4904,73.0,0.168,-0.0201,36,-0.25,0.2,0,,,0.0,0.0,0.0,16.0,-0.5789,0.1429,0.0925,-0.0665,-0.0115,57.0,-0.0256,0.4615,309.0,-0.0128,0.1276,2211.0,-0.031,0.0675,825480.0,-0.0099,0.1067,171,-0.1047,0.443,0.4872,0.0457,-0.0096,0.0
202411,53001,"adams, wa",367495.0,0.0281,0.0068,50,-0.0909,-0.0196,95.0,0.0925,0.0559,8,-0.3333,0.3333,4,,,0.0548,0.0548,0.0548,8.0,0.0,1.0,0.0976,0.0124,0.042,16.0,-0.3962,-0.0303,193.0,-0.0214,-0.1197,1800.0,0.0237,-0.0058,382461.0,0.0327,-0.082,69,-0.1481,0.0299,0.32,-0.1618,-0.0035,0.0
202411,53043,"lincoln, wa",362450.0,-0.0604,-0.0795,52,-0.0714,-0.1111,67.0,0.4255,-0.0759,12,0.0,0.2,0,-1.0,,0.0,-0.023,0.0,12.0,0.0,-0.1429,0.1446,0.0034,-0.0329,19.0,0.0857,0.6522,187.0,-0.1426,-0.1031,2194.0,0.1374,0.0062,500248.0,0.0002,0.0753,72,-0.0137,0.0511,0.3654,0.0529,0.1688,0.0
202411,53033,"king, wa",799000.0,-0.0286,-0.0533,3747,-0.1679,0.2635,52.0,0.1954,0.1064,1456,-0.2785,0.1098,40,-0.5,-0.0476,0.0056,-0.0031,-0.002,1004.0,-0.3472,0.0546,0.1269,-0.0405,-0.0272,2446.0,-0.0829,0.285,526.0,-0.0083,-0.0231,1630.0,-0.0433,-0.0728,1282017.0,-0.0125,-0.0559,6188,-0.1364,0.2752,0.6528,0.0605,0.0109,0.0
202411,53075,"whitman, wa",412500.0,-0.0505,-0.0517,111,-0.1591,0.2265,91.0,0.1235,0.3432,16,-0.4286,-0.3846,0,,,0.0,0.0,0.0,24.0,-0.4783,0.5,0.1761,-0.0747,0.0624,24.0,0.0213,0.3333,208.0,-0.0192,0.0876,2103.0,-0.0274,-0.1166,460540.0,-0.0149,-0.0567,136,-0.1254,0.242,0.2162,0.0382,0.0173,0.0
202411,53055,"san juan, wa",1325000.0,-0.0493,-0.0669,117,-0.2148,0.3146,110.0,0.1111,-0.0871,12,-0.5385,1.0,0,,,0.0,0.0,0.0,12.0,-0.5385,-0.3333,0.0909,-0.0347,-0.0697,21.0,-0.3636,0.0769,651.0,-0.0303,0.1856,2115.0,-0.0158,-0.1357,2260868.0,-0.0918,0.2118,140,-0.2265,0.3023,0.1795,-0.042,-0.0396,1.0
202411,53069,"wahkiakum, wa",624000.0,-0.0142,0.0297,25,-0.1071,0.3514,139.0,0.3254,2.4625,0,,-1.0,0,,,0.0,0.0,0.0,8.0,-0.4286,1.0,0.32,-0.0737,0.2057,3.0,-0.6,-0.6667,271.0,-0.0357,-0.119,1786.0,-0.0642,-0.1882,618564.0,-0.0433,-0.0782,28,-0.2113,0.037,0.12,-0.1479,-0.3665,1.0
202411,53073,"whatcom, wa",679000.0,-0.0194,-0.0279,576,-0.0777,0.1731,60.0,0.0169,0.0714,188,-0.0693,0.403,4,1.0,-0.3333,0.0039,0.0021,-0.0026,128.0,-0.1899,0.1852,0.1192,-0.0227,-0.0061,280.0,-0.0278,0.1765,384.0,0.01,0.0607,1826.0,-0.0349,-0.0761,842571.0,-0.019,-0.0884,855,-0.062,0.1736,0.4861,0.0249,0.0014,0.0
202411,53019,"ferry, wa",455000.0,-0.0027,0.2341,47,-0.06,0.5667,92.0,0.3143,-0.098,0,-1.0,-1.0,0,,,0.0,0.0,0.0,0.0,,,0.0,0.0,0.0,10.0,0.0,0.1765,262.0,0.088,0.0905,1824.0,-0.0552,0.2746,537335.0,-0.0518,0.1173,56,-0.0667,0.4545,0.2128,0.0128,-0.0706,1.0
202411,53053,"pierce, wa",612925.0,-0.0153,-0.0113,1754,-0.0831,0.2555,54.0,0.0594,0.1383,740,-0.1315,0.0364,44,-0.4634,-0.4054,0.0134,-0.0072,-0.0118,652.0,-0.2488,0.156,0.1737,-0.0443,-0.0129,1076.0,-0.1162,0.2234,318.0,0.0052,0.0187,2069.0,-0.0053,-0.0112,748211.0,-0.01,-0.0165,2830,-0.0957,0.2404,0.6135,-0.023,-0.0161,0.0
202411,53057,"skagit, wa",675000.0,-0.0238,-0.0586,273,-0.0714,0.2817,64.0,0.1228,0.024,96,-0.1724,0.4545,0,-1.0,,0.0,-0.0035,0.0,76.0,-0.2245,0.9,0.135,-0.041,0.0317,140.0,-0.0572,0.4359,370.0,-0.0147,0.0085,1960.0,0.0015,-0.0783,811860.0,-0.0688,-0.1525,413,-0.0635,0.3301,0.5128,0.0077,0.0551,0.0
202411,53011,"clark, wa",662250.0,-0.003,0.0197,1367,-0.076,0.2321,65.0,0.1304,0.1404,476,-0.2119,0.1782,168,-0.2432,1.1,0.0673,-0.0094,0.0298,644.0,-0.1722,0.4375,0.2433,-0.0253,0.0375,788.0,-0.0349,0.2409,309.0,0.0014,0.0066,2208.0,-0.0074,-0.0039,847123.0,0.0044,0.0274,2153,-0.0602,0.2388,0.5764,0.0246,0.0041,0.0
202411,53023,"garfield, wa",257800.0,-0.0998,-0.188,11,0.1579,0.6923,64.0,0.4222,-0.2,4,0.0,,0,,,0.0,0.0,0.0,4.0,1.0,,0.25,0.1167,0.25,1.0,0.0,-0.8182,206.0,-0.0328,0.6602,1568.0,-0.0224,-0.4801,435936.0,-0.0481,-0.1379,12,0.1429,0.0,0.0909,-0.0144,-0.7552,1.0
202411,53047,"okanogan, wa",519450.0,-0.033,0.0479,153,-0.1182,-0.0347,121.0,0.1256,0.1496,16,-0.5,-0.3846,0,-1.0,,0.0,-0.008,0.0,24.0,0.0,0.3333,0.1071,0.013,0.0191,42.0,-0.1429,0.4237,290.0,-0.04,0.0272,1700.0,-0.0047,-0.0076,753941.0,0.0123,0.0156,195,-0.1236,0.0372,0.2745,-0.0079,0.0884,0.0
202411,53059,"skamania, wa",750000.0,-0.0335,0.1295,42,-0.2632,0.1053,94.0,0.2966,0.1325,4,-0.3333,-0.5,0,,,0.0,0.0,0.0,16.0,1.0,1.6667,0.2667,0.1672,0.1636,14.0,-0.2632,0.4737,323.0,-0.0004,-0.0119,2261.0,-0.1271,0.0407,1045994.0,-0.0677,0.02,56,-0.2632,0.1789,0.3333,0.0,0.0833,0.0
202411,53041,"lewis, wa",495000.0,-0.026,-0.0245,291,-0.0235,0.1975,79.0,0.0676,0.3277,72,0.0588,-0.027,0,-1.0,,0.0,-0.0133,0.0,80.0,-0.2308,0.1765,0.1826,-0.0466,0.0122,90.0,0.0286,0.0976,283.0,-0.0148,0.0388,1797.0,-0.0137,-0.0677,584256.0,-0.019,-0.0067,379,-0.0169,0.1662,0.3093,0.0157,-0.0282,0.0
202411,53029,"island, wa",750000.0,-0.064,0.0823,255,-0.0893,0.2531,64.0,0.0672,0.0948,76,-0.2692,-0.05,0,-1.0,,0.0,-0.0077,0.0,52.0,-0.4694,-0.3333,0.1209,-0.067,-0.078,98.0,-0.2847,-0.0345,373.0,-0.0283,0.0068,2009.0,-0.0338,0.0488,1119270.0,0.0497,0.2642,363,-0.1295,0.1843,0.3843,-0.105,-0.1145,0.0
202411,53015,"cowlitz, wa",500000.0,0.0001,0.0325,330,0.0296,0.2595,65.0,0.1111,0.1607,104,-0.1875,0.04,20,-0.4118,1.5,0.0344,-0.0221,0.0189,136.0,-0.2273,0.3077,0.2293,-0.063,0.032,141.0,-0.0903,-0.0903,279.0,-0.0039,0.0346,1940.0,0.0475,-0.0137,599651.0,-0.0064,0.1,466,-0.0169,0.1256,0.4273,-0.0563,-0.1643,0.0
202411,53037,"kittitas, wa",699000.0,-0.0186,-0.068,318,-0.1191,0.404,91.0,0.0341,0.0898,64,-0.36,0.4545,0,-1.0,-1.0,0.0,-0.011,-0.0063,80.0,-0.1489,0.7391,0.1683,-0.0047,0.0229,92.0,0.1018,0.5207,411.0,-0.0372,-0.0188,1920.0,-0.0229,-0.0942,1022791.0,-0.0366,-0.0532,412,-0.0721,0.4431,0.2893,0.058,0.0222,0.0
202411,53013,"columbia, wa",329950.0,-0.0359,0.0792,19,0.0556,-0.0952,87.0,0.291,0.3411,4,-0.3333,0.0,0,,,0.0,0.0,0.0,4.0,0.0,1.0,0.129,0.0074,0.0684,8.0,-0.1111,0.1429,169.0,-0.1577,0.0842,1953.0,-0.0804,-0.075,578962.0,0.0833,0.5863,27,0.0,-0.0182,0.4211,-0.0789,0.0877,0.0
202411,53065,"stevens, wa",490000.0,-0.0101,0.0062,212,-0.1074,0.5089,88.0,0.1218,0.1905,28,-0.2632,0.0,0,,-1.0,0.0,0.0,-0.0096,28.0,-0.5172,-0.2632,0.1026,-0.0742,-0.0703,39.0,-0.2642,-0.1034,252.0,0.0101,0.0896,2030.0,0.0148,-0.068,593585.0,0.0048,-0.0094,250,-0.1349,0.3624,0.184,-0.0392,-0.1256,0.0
202411,53027,"grays harbor, wa",398900.0,-0.0179,-0.0258,417,-0.0754,0.2429,86.0,0.0955,0.1862,80,-0.0698,-0.1304,0,-1.0,,0.0,-0.006,0.0,108.0,-0.1692,0.4211,0.1703,-0.024,0.0307,125.0,-0.0602,0.3514,268.0,-0.0158,-0.0813,1482.0,-0.0104,-0.001,455575.0,-0.0173,-0.0558,554,-0.0497,0.3035,0.2998,0.0049,0.0241,0.0
202411,53045,"mason, wa",475700.0,-0.038,0.0042,231,-0.0335,0.3014,57.0,-0.0256,-0.0298,68,-0.2444,0.1333,0,-1.0,-1.0,0.0,-0.0228,-0.0139,80.0,-0.0698,0.2903,0.2041,0.0088,-0.0009,100.0,-0.1071,0.5625,296.0,-0.004,0.004,1680.0,-0.0093,-0.0178,578401.0,0.0021,-0.038,332,-0.0541,0.3523,0.4329,-0.0357,0.0723,0.0
202411,53067,"thurston, wa",589450.0,0.0081,0.0251,488,-0.0988,0.0317,48.0,0.0,-0.0686,204,-0.3108,0.02,16,1.0,1.0,0.0153,0.0087,0.0065,164.0,-0.2115,-0.0575,0.1493,-0.0238,-0.0204,324.0,-0.1099,0.0141,296.0,-0.004,0.0527,2098.0,0.0062,-0.0414,697338.0,-0.0007,-0.0659,825,-0.0884,0.045,0.6639,-0.0083,-0.0115,0.0
202411,53025,"grant, wa",421125.0,-0.0318,0.0283,329,-0.009,0.5556,78.0,0.1304,-0.04,84,0.05,0.5556,0,-1.0,,0.0,-0.0036,0.0,64.0,-0.2381,0.6,0.1133,-0.0393,0.005,134.0,-0.036,0.1964,253.0,-0.0039,0.0458,1744.0,-0.0136,0.0107,495749.0,-0.0249,0.0026,461,-0.0202,0.4295,0.4073,-0.0114,-0.1223,0.0
202411,53061,"snohomish, wa",784990.0,-0.0181,0.059,1112,-0.1072,0.1957,46.0,0.2105,0.0952,640,-0.1444,0.1679,36,-0.1429,-0.2174,0.0153,0.002,-0.0046,408.0,-0.2817,0.0681,0.1458,-0.0353,-0.0161,1025.0,-0.1025,0.1688,405.0,-0.0119,0.0487,1977.0,-0.0304,-0.0415,919216.0,-0.0118,0.0738,2136,-0.105,0.1814,0.9218,0.0049,-0.0212,0.0
202411,53063,"spokane, wa",489450.0,-0.0161,-0.0175,1449,-0.063,0.2406,51.0,0.2143,0.1461,436,-0.3101,-0.084,12,2.0,0.2,0.0052,0.0038,0.0006,452.0,-0.2915,-0.0259,0.1811,-0.0382,-0.024,691.0,-0.0637,0.1038,227.0,0.0087,0.0145,2210.0,-0.0281,-0.0251,609243.0,-0.016,0.0175,2133,-0.0634,0.1936,0.4769,-0.0003,-0.0591,0.0
202411,53051,"pend oreille, wa",462000.0,-0.0473,-0.0222,71,-0.1598,0.1833,88.0,0.0864,0.0353,12,-0.5714,0.2,0,-1.0,,0.0,-0.0143,0.0,8.0,-0.5,-0.2,0.0784,-0.0394,-0.0413,21.0,-0.1429,0.4483,268.0,0.0143,0.0002,1827.0,-0.0278,-0.0294,659186.0,-0.0362,-0.1391,92,-0.1521,0.2267,0.2958,0.0058,0.0541,0.0
202411,53049,"pacific, wa",405000.0,-0.0109,-0.0625,176,-0.1373,0.4728,104.0,0.1492,0.0722,24,-0.1429,-0.1429,0,-1.0,,0.0,-0.007,0.0,40.0,-0.0909,1.8571,0.1646,0.0106,0.0889,46.0,-0.1402,0.3529,298.0,0.0076,0.0326,1502.0,-0.0036,-0.0228,501947.0,-0.0154,-0.0399,224,-0.1301,0.4593,0.2614,-0.0009,-0.0232,0.0
202411,53077,"yakima, wa",415950.0,-0.027,-0.0031,407,0.0356,0.2024,53.0,0.1648,0.0392,124,-0.3111,0.0,4,1.0,1.0,0.0052,0.0026,0.0022,116.0,-0.3256,0.0741,0.1514,-0.0731,-0.022,175.0,-0.1049,0.087,237.0,0.0098,0.0499,1826.0,-0.0502,-0.0292,483684.0,-0.0099,-0.0362,595,0.0154,0.1972,0.43,-0.0675,-0.0457,0.0
202411,53021,"franklin, wa",496925.0,-0.0011,0.0042,205,-0.033,-0.0284,68.0,0.1624,0.271,64,-0.1795,0.2308,4,0.0,,0.0123,0.0011,0.0123,48.0,-0.3143,-0.2258,0.1441,-0.0514,-0.0404,57.0,-0.1679,0.1176,267.0,0.0015,0.0549,2016.0,-0.0118,-0.0171,615230.0,0.0011,0.0819,261,-0.0679,-0.0038,0.278,-0.0451,0.0363,0.0
202411,53039,"klickitat, wa",679000.0,0.0257,0.1866,91,-0.1495,0.2727,119.0,0.196,0.5556,4,-0.75,-0.7143,0,-1.0,,0.0,-0.0135,0.0,24.0,-0.1429,2.0,0.1951,0.0059,0.1171,23.0,-0.08,0.2432,334.0,-0.0006,0.0859,2080.0,0.0109,0.1177,876438.0,-0.006,0.3105,110,-0.1667,0.2155,0.2527,0.0191,-0.006,1.0
202411,53031,"jefferson, wa",729000.0,-0.0414,0.0567,114,-0.0916,0.2193,74.0,0.1128,-0.0358,24,-0.25,-0.2941,0,,,0.0,0.0,0.0,32.0,0.7778,0.2308,0.1798,0.0897,0.0199,44.0,0.0353,0.0602,372.0,-0.0358,0.0322,2124.0,0.0333,0.079,1023882.0,-0.0089,0.2807,158,-0.0595,0.1791,0.386,0.0473,-0.0579,0.0
202411,53007,"chelan, wa",579000.0,-0.0325,-0.1403,405,-0.1318,0.7495,95.0,0.0615,0.1838,52,-0.3333,-0.037,0,-1.0,,0.0,-0.0031,0.0,72.0,-0.1628,0.3333,0.1293,-0.0023,-0.02,100.0,-0.0741,0.3605,333.0,-0.0382,-0.0676,1536.0,-0.0192,-0.2273,733131.0,-0.0235,-0.1724,505,-0.121,0.6557,0.2469,0.0154,-0.0706,1.0
202411,53009,"clallam, wa",621725.0,-0.0278,0.013,215,-0.0549,0.2428,65.0,0.0156,-0.1391,80,0.2903,0.5385,0,-1.0,,0.0,-0.005,0.0,48.0,-0.4146,0.2,0.1308,-0.0754,0.0035,99.0,-0.1081,0.2857,316.0,0.0092,-0.0085,2109.0,-0.0281,-0.0159,733475.0,-0.0236,-0.0447,304,-0.0939,0.2333,0.4605,-0.0274,0.0154,0.0
202410,53009,"clallam, wa",639500.0,-0.0292,0.0155,228,-0.0882,0.2534,64.0,0.0847,0.0535,62,-0.4561,-0.225,2,0.0,-0.5,0.005,0.0008,-0.0085,82.0,-0.1458,0.3226,0.2062,0.0046,0.0232,111.0,0.0183,0.4605,313.0,-0.0306,-0.0155,2170.0,0.0085,0.0007,751213.0,-0.0388,-0.0297,336,-0.0628,0.3105,0.4879,0.051,0.0692,0.0
202410,53077,"yakima, wa",427500.0,-0.0088,0.0025,393,0.0142,0.1197,46.0,0.0,0.0225,180,-0.2308,0.1111,2,-0.5,,0.0026,-0.0024,0.0026,172.0,0.3651,0.3231,0.2245,0.0725,0.0373,196.0,-0.0026,0.0983,235.0,0.0142,0.0297,1923.0,-0.0059,0.0113,488514.0,-0.0085,-0.0273,586,-0.0009,0.1088,0.4975,-0.0084,-0.0097,0.0
202410,53055,"san juan, wa",1393750.0,0.043,-0.1836,149,-0.0997,0.4537,99.0,0.2222,-0.1297,26,0.4444,1.1667,0,,,0.0,0.0,0.0,26.0,0.0,2.25,0.1257,0.004,0.0694,33.0,0.1,0.1786,672.0,0.0269,0.0449,2149.0,-0.0001,-0.0958,2489425.0,0.0207,-0.1023,181,-0.067,0.3923,0.2215,0.0402,-0.0517,1.0
202410,53029,"island, wa",801248.0,-0.0261,0.0795,280,-0.0667,0.4035,60.0,0.0085,0.1019,104,-0.0714,0.0,4,-0.3333,1.0,0.0077,-0.0032,0.0029,98.0,-0.125,0.0652,0.188,-0.0145,-0.0131,137.0,0.0111,0.207,384.0,-0.0184,0.0066,2079.0,-0.0125,0.0493,1066288.0,0.0133,0.1368,417,-0.0414,0.3217,0.4893,0.0376,-0.0796,0.0
202410,53033,"king, wa",822500.0,-0.0205,-0.0598,4503,-0.0494,0.6002,44.0,0.0741,0.1918,2018,-0.3392,0.1746,80,0.9048,4.0,0.0087,0.0046,0.0066,1538.0,0.0026,0.502,0.1674,0.0176,0.0082,2667.0,0.0575,0.511,531.0,-0.0101,-0.0232,1704.0,-0.0309,-0.0715,1298269.0,-0.0175,-0.0864,7165,-0.0132,0.5659,0.5923,0.0599,-0.0349,0.0
202410,53015,"cowlitz, wa",499950.0,0.0016,0.01,321,0.0126,0.2303,59.0,-0.0043,0.1359,128,0.3617,0.1034,34,0.5455,0.8889,0.0565,0.0186,0.0249,176.0,0.2754,0.375,0.2924,0.0501,0.0475,155.0,-0.0402,-0.0221,280.0,-0.0102,0.0328,1852.0,-0.0241,-0.075,603495.0,0.0529,0.0606,474,-0.0032,0.1463,0.4836,-0.0266,-0.1248,0.0
202410,53013,"columbia, wa",342225.0,0.0445,0.0466,18,-0.1429,-0.0769,67.0,-0.1383,0.1356,6,-0.25,0.0,0,,,0.0,0.0,0.0,4.0,-0.6667,-0.6,0.1217,-0.2212,-0.2383,9.0,0.6364,0.3846,200.0,0.3727,0.1566,2124.0,0.037,0.1387,534462.0,0.0998,0.4006,27,0.0189,0.0385,0.5,0.2381,0.1667,0.0
202410,53065,"stevens, wa",495000.0,-0.0099,0.0011,238,-0.0186,0.3305,78.0,0.047,0.0365,38,-0.2083,-0.1364,0,-1.0,,0.0,-0.0111,0.0,58.0,-0.0645,0.1154,0.1768,-0.0007,0.0085,53.0,-0.1908,-0.1846,249.0,0.013,0.0522,2000.0,-0.0148,-0.0672,590771.0,-0.0125,-0.0112,289,-0.0493,0.1942,0.2232,-0.0475,-0.141,0.0
202410,53021,"franklin, wa",497450.0,-0.0017,0.0148,212,-0.0253,0.1307,59.0,0.0935,0.1584,78,0.0833,-0.1702,4,-0.5,1.0,0.0112,-0.0098,0.0055,70.0,0.0294,-0.0541,0.1955,0.0037,-0.0399,69.0,0.0379,0.3564,266.0,0.0026,0.0434,2040.0,-0.0122,0.0127,614529.0,0.0049,0.0897,280,-0.0106,0.1765,0.3231,0.0197,0.0538,0.0
202410,53063,"spokane, wa",497450.0,-0.0198,-0.0049,1547,0.0075,0.2313,42.0,0.0633,0.1507,632,-0.1124,0.1166,4,-0.8182,-0.8,0.0014,-0.006,-0.0066,638.0,-0.0886,0.0669,0.2192,-0.0109,-0.0211,738.0,-0.0264,0.0982,225.0,-0.0155,0.0069,2274.0,-0.0008,-0.0072,619173.0,-0.01,0.0201,2278,-0.0048,0.1813,0.4772,-0.0166,-0.0578,0.0
202410,53075,"whitman, wa",434450.0,-0.0291,0.0195,132,-0.0605,0.4194,81.0,0.0764,0.209,28,-0.3333,-0.125,0,,-1.0,0.0,0.0,-0.0124,46.0,-0.1481,0.2778,0.2508,-0.0227,-0.0019,24.0,0.0444,0.093,212.0,0.0057,0.0825,2162.0,-0.0136,-0.0706,467512.0,-0.0269,-0.0283,156,-0.046,0.364,0.178,0.0179,-0.0532,0.0
202410,53031,"jefferson, wa",760500.0,-0.0259,0.0872,126,-0.0564,0.328,67.0,0.031,-0.1739,32,-0.3333,-0.3043,0,-1.0,,0.0,-0.0172,0.0,18.0,-0.55,-0.4706,0.0901,-0.0882,-0.0709,43.0,-0.0116,-0.0659,386.0,-0.0133,-0.0024,2056.0,-0.0117,0.0092,1033040.0,0.0002,0.2423,168,-0.0455,0.1831,0.3386,0.0153,-0.1428,0.0
202410,53071,"walla walla, wa",508750.0,0.0544,-0.0216,143,-0.0138,0.1085,72.0,-0.0338,0.4974,54,0.08,-0.1,0,,,0.0,0.0,0.0,36.0,-0.4375,-0.28,0.1317,-0.092,-0.0856,77.0,-0.1979,0.7303,250.0,-0.0003,-0.0043,2117.0,-0.0032,-0.0388,619032.0,0.0345,0.0335,220,-0.093,0.2651,0.5385,-0.1236,0.1935,0.0
202410,53023,"garfield, wa",286375.0,0.1484,-0.0641,10,0.1176,0.0,45.0,-0.0625,-0.2913,4,0.0,0.0,0,,,0.0,0.0,0.0,2.0,0.0,-0.6667,0.1333,-0.0095,-0.227,1.0,-0.5,-0.7143,213.0,0.0953,0.4698,1604.0,-0.0994,-0.2797,457975.0,-0.0511,0.0089,11,0.05,-0.1923,0.1053,-0.13,-0.2632,0.0
202410,53017,"douglas, wa",684750.0,0.0898,0.1404,133,-0.0502,0.6159,63.0,-0.1103,0.1521,48,-0.1429,0.2632,0,,,0.0,0.0,0.0,38.0,-0.4063,0.5833,0.1589,-0.0931,0.0009,59.0,0.1359,0.6714,313.0,-0.0023,0.0968,2282.0,0.0052,0.0306,833757.0,-0.003,0.1158,191,-0.0052,0.6537,0.4415,0.0723,0.0147,0.0
202410,53045,"mason, wa",494488.0,0.03,-0.011,239,-0.0535,0.4938,59.0,0.0174,0.04,90,-0.0217,-0.0426,10,0.6667,0.6667,0.0228,0.0103,0.0073,86.0,0.0238,0.0488,0.1952,0.0147,-0.0118,112.0,-0.1765,0.6,298.0,-0.0256,-0.0192,1696.0,0.007,-0.0293,577163.0,-0.0102,-0.1103,351,-0.1,0.5261,0.4686,-0.07,0.0311,0.0
202410,53067,"thurston, wa",584716.0,-0.0004,0.0043,542,-0.0119,0.3272,48.0,0.0,0.0674,296,-0.0513,0.0207,8,-0.4286,,0.0067,-0.0047,0.0067,208.0,-0.2727,0.1429,0.1732,-0.0603,0.008,364.0,-0.0383,0.2466,297.0,0.0128,0.0416,2085.0,0.0039,-0.0517,697826.0,0.0101,-0.0481,905,-0.0269,0.3003,0.6722,-0.0185,-0.0435,0.0
202410,53047,"okanogan, wa",537200.0,0.0785,0.0746,174,-0.0519,0.1644,108.0,0.1376,0.019,32,-0.0588,0.1429,2,,-0.5,0.008,0.008,-0.0064,24.0,-0.4783,0.2,0.0941,-0.0743,-0.0069,49.0,0.0889,0.1529,302.0,0.0357,0.0115,1708.0,0.0047,0.0604,744800.0,0.041,-0.0927,223,-0.0177,0.1558,0.2824,0.0365,-0.0028,0.0
202410,53037,"kittitas, wa",712250.0,-0.0293,-0.0233,361,-0.0096,0.8656,88.0,0.0383,0.2222,100,0.3889,0.2821,6,,,0.011,0.011,0.011,94.0,-0.1455,0.6207,0.1731,-0.0306,0.0327,84.0,-0.2374,0.237,427.0,-0.0126,0.099,1965.0,0.0029,-0.0224,1061605.0,-0.018,0.0733,444,-0.0573,0.685,0.2313,-0.0691,-0.1175,0.0
202410,53035,"kitsap, wa",654950.0,-0.0072,0.0278,613,-0.0247,0.614,51.0,0.1087,0.1591,290,-0.1854,0.2946,30,1.1429,6.5,0.0222,0.0124,0.0179,222.0,-0.1957,0.1935,0.164,-0.0319,-0.0211,452.0,0.0056,0.3221,318.0,0.0021,0.014,2087.0,-0.012,-0.0258,873606.0,-0.0257,-0.0661,1064,-0.0121,0.4902,0.7371,0.0222,-0.1627,0.0
202410,53027,"grays harbor, wa",406188.0,-0.0123,-0.0328,451,-0.0525,0.4295,79.0,0.0608,0.0865,86,-0.3857,-0.1569,4,1.0,1.0,0.006,0.0033,0.0032,130.0,-0.1096,0.2037,0.1943,-0.0042,0.0029,133.0,0.0192,0.2788,272.0,-0.026,-0.0804,1498.0,-0.003,0.0037,463617.0,-0.0263,-0.0637,583,-0.038,0.3669,0.2949,0.0207,-0.0347,0.0
202410,53073,"whatcom, wa",692450.0,0.0131,-0.0094,625,-0.025,0.2667,59.0,0.1346,0.18,202,-0.1062,-0.1513,2,,,0.0017,0.0017,0.0017,158.0,-0.2255,0.0,0.1419,-0.0371,-0.0229,288.0,-0.0495,0.1803,380.0,-0.0056,0.0545,1892.0,0.0215,-0.0519,858855.0,-0.0072,-0.0618,912,-0.0308,0.2343,0.4612,-0.0119,-0.0338,0.0
202410,53059,"skamania, wa",776000.0,-0.0051,0.1341,57,0.0088,0.3735,73.0,0.1885,-0.1831,6,-0.625,-0.5714,0,,,0.0,0.0,0.0,8.0,-0.5556,-0.2,0.0995,-0.0722,-0.0685,19.0,-0.0256,0.7273,323.0,-0.0397,0.0085,2590.0,0.0243,0.0845,1122010.0,-0.0044,0.1024,76,-0.013,0.434,0.3333,-0.0118,0.0683,0.0
202410,53003,"asotin, wa",404425.0,0.0421,0.0055,66,-0.1081,-0.1852,64.0,0.0855,-0.2659,18,-0.4,0.0,0,,,0.0,0.0,0.0,18.0,-0.4375,-0.3571,0.1472,-0.0891,-0.0875,38.0,0.3393,1.2727,209.0,-0.0226,0.0005,2031.0,0.0373,-0.0002,517542.0,0.0434,-0.0364,104,0.0098,0.0455,0.5682,0.1898,0.3645,0.0
202410,53001,"adams, wa",357450.0,0.0278,-0.0468,55,-0.0517,0.1224,87.0,0.1533,0.3569,12,0.2,-0.6,0,,,0.0,0.0,0.0,8.0,-0.4286,-0.2,0.0851,-0.057,-0.03,27.0,-0.1167,0.3947,197.0,0.0076,-0.1393,1758.0,0.0284,-0.0588,370346.0,0.0202,-0.1322,81,-0.0847,0.2,0.4818,-0.0354,0.0941,0.0
202410,53011,"clark, wa",664225.0,0.003,0.0088,1480,-0.0199,0.3518,58.0,0.0,0.2366,604,0.0982,0.1527,222,0.099,2.1714,0.0767,0.007,0.046,778.0,0.0157,0.6624,0.2686,0.0014,0.0682,817.0,-0.0109,0.1928,308.0,-0.0004,-0.0003,2225.0,0.0083,-0.0051,843427.0,-0.003,0.0044,2291,-0.0155,0.2896,0.5519,0.005,-0.0735,0.0
202410,53061,"snohomish, wa",799500.0,-0.0006,0.0485,1246,-0.0419,0.5088,38.0,0.0,0.0411,748,-0.211,0.1798,42,0.2353,4.25,0.0134,0.0034,0.0106,568.0,-0.0405,0.6045,0.1812,0.0068,0.0198,1142.0,-0.0125,0.5308,410.0,-0.003,0.0339,2039.0,-0.0049,0.0212,930174.0,-0.0041,0.0367,2387,-0.0273,0.5235,0.9169,0.0273,0.0132,0.0
202410,53019,"ferry, wa",456250.0,-0.0305,0.437,50,0.0204,0.3514,70.0,0.0145,-0.0909,6,-0.25,-0.25,0,,,0.0,0.0,0.0,0.0,-1.0,-1.0,0.0,-0.0919,-0.1966,10.0,0.1765,-0.2,241.0,-0.0076,0.0003,1931.0,0.0797,0.4526,566674.0,0.0048,0.1933,60,0.0435,0.2,0.2,0.0265,-0.1378,0.0
202410,53057,"skagit, wa",691450.0,-0.0108,-0.0583,294,-0.0423,0.2672,57.0,0.1176,0.14,116,-0.1077,0.0,2,0.0,,0.0035,0.0001,0.0035,98.0,-0.1404,0.0426,0.1759,-0.0117,-0.0164,149.0,-0.0776,0.3944,375.0,-0.0007,0.033,1957.0,0.0,-0.0916,871829.0,-0.0082,-0.103,441,-0.0567,0.3028,0.5051,-0.0193,0.0461,0.0
202410,53007,"chelan, wa",598475.0,-0.0449,-0.1263,467,-0.0421,0.7839,90.0,0.1188,0.2971,78,-0.1875,-0.1136,2,,,0.0031,0.0031,0.0031,86.0,-0.1569,-0.1224,0.1316,-0.0181,-0.0643,108.0,-0.073,0.2414,346.0,-0.0284,-0.055,1566.0,-0.039,-0.2267,750761.0,-0.028,-0.1632,575,-0.0481,0.6298,0.2315,-0.0077,-0.1012,1.0
202410,53049,"pacific, wa",409450.0,-0.0313,-0.0366,204,-0.079,0.5753,91.0,0.1313,-0.0216,28,-0.4167,-0.2632,2,,,0.007,0.007,0.007,44.0,-0.4054,0.1579,0.154,-0.0659,-0.0155,54.0,-0.1083,0.2892,296.0,0.0125,-0.0102,1508.0,-0.0076,0.007,509796.0,0.0033,-0.0329,258,-0.0836,0.5015,0.2623,-0.0086,-0.0582,0.0
202410,53053,"pierce, wa",622475.0,-0.0088,-0.0217,1913,-0.0324,0.6309,51.0,0.0745,0.1477,852,-0.148,0.1703,82,0.5185,0.5769,0.0206,0.0076,0.0046,868.0,-0.0482,0.5282,0.218,0.0002,0.0121,1218.0,0.015,0.4678,317.0,-0.0028,0.0066,2080.0,-0.0073,-0.0182,755781.0,-0.0014,-0.0543,3130,-0.015,0.5628,0.6364,0.0297,-0.0707,0.0
202410,53041,"lewis, wa",508225.0,-0.031,-0.0083,298,-0.0181,0.3128,74.0,0.1473,0.3897,68,-0.3061,-0.32,6,2.0,,0.0133,0.0093,0.0133,104.0,0.0,0.2093,0.2293,0.0198,0.0188,88.0,-0.1026,0.0417,287.0,-0.0042,0.0338,1822.0,0.0097,-0.052,595592.0,-0.0052,-0.0127,386,-0.0375,0.2456,0.2936,-0.0276,-0.0764,0.0
202410,53039,"klickitat, wa",662000.0,0.0099,0.1298,107,-0.0855,0.3631,100.0,0.1437,0.2839,16,-0.2727,-0.2,2,,,0.0135,0.0135,0.0135,28.0,-0.125,0.75,0.1892,-0.014,0.0345,25.0,0.1905,0.3158,335.0,0.0215,0.0886,2058.0,-0.0094,0.0789,881738.0,0.0132,0.3274,132,-0.0435,0.3069,0.2336,0.0542,-0.0084,0.0
202410,53005,"benton, wa",518213.0,-0.0129,-0.0312,666,0.003,0.1337,52.0,0.0,-0.037,244,-0.1528,-0.0687,12,0.2,-0.1429,0.0111,0.0022,-0.0025,210.0,-0.1102,-0.1667,0.1922,-0.0158,-0.0544,185.0,0.0165,0.1078,265.0,0.0052,0.0335,2088.0,-0.001,-0.0465,588521.0,0.0031,-0.016,848,-0.0012,0.1248,0.278,0.0037,-0.0065,0.0
202410,53025,"grant, wa",434975.0,-0.023,0.1298,332,0.0247,0.6476,69.0,0.122,-0.0738,80,-0.2,-0.0476,2,0.0,0.0,0.0036,0.0003,-0.0016,84.0,-0.1923,0.2727,0.1526,-0.0245,0.0069,139.0,-0.0314,0.0491,254.0,0.0,0.0481,1768.0,-0.0084,0.0471,508429.0,0.0008,0.0085,471,0.0075,0.4087,0.4187,-0.0242,-0.2389,0.0
202410,53043,"lincoln, wa",385750.0,0.0005,0.0287,56,0.0,-0.0744,47.0,-0.2769,-0.2231,12,-0.5714,0.2,2,0.0,,0.023,0.0045,0.023,12.0,0.5,-0.25,0.1412,0.0558,-0.0576,18.0,-0.0541,0.5909,218.0,0.0419,0.16,1929.0,-0.0224,-0.1117,500140.0,-0.0013,0.1292,73,0.0,0.0139,0.3125,-0.0179,0.1307,0.0
202410,53069,"wahkiakum, wa",633000.0,-0.0188,0.0343,28,-0.2,0.8667,105.0,0.3145,0.3484,0,-1.0,-1.0,0,-1.0,,0.0,-0.04,0.0,14.0,0.75,,0.3937,0.219,0.3937,8.0,-0.2105,-0.1667,281.0,-0.0296,-0.0385,1909.0,-0.05,-0.1296,646563.0,-0.0042,-0.0393,36,-0.2111,0.5435,0.2679,-0.0036,-0.3321,1.0
202410,53051,"pend oreille, wa",484950.0,-0.013,0.0463,85,-0.0343,0.1818,81.0,0.1172,0.0318,28,-0.125,0.4,2,,,0.0143,0.0143,0.0143,16.0,-0.2727,-0.2727,0.1178,-0.032,-0.1018,25.0,-0.1404,0.5806,264.0,-0.0097,0.0345,1879.0,-0.0247,-0.0016,683952.0,-0.013,-0.0927,109,-0.0565,0.2543,0.2899,-0.0358,0.0732,0.0
202409,53019,"ferry, wa",470625.0,-0.0587,0.4261,49,0.1136,0.1136,69.0,-0.0738,0.1129,8,-0.3333,0.0,0,,,0.0,0.0,0.0,6.0,-0.25,-0.5,0.0919,-0.0012,-0.1793,9.0,-0.15,0.7,243.0,-0.0009,0.0127,1788.0,-0.0552,0.4304,563988.0,-0.0133,0.1937,58,0.0648,0.2234,0.1735,-0.0538,0.0598,0.0
202409,53067,"thurston, wa",584963.0,-0.0001,0.0146,548,-0.0335,0.3498,48.0,0.0795,0.1585,312,0.0263,0.5918,14,0.75,-0.125,0.0114,0.0054,-0.0046,286.0,0.1172,0.7439,0.2335,0.0166,0.056,379.0,-0.1031,0.1755,293.0,0.0007,0.023,2077.0,-0.0142,-0.042,690878.0,-0.0042,-0.0425,930,-0.0644,0.2775,0.6907,-0.0536,-0.1024,0.0
202409,53061,"snohomish, wa",800000.0,-0.0303,0.0063,1300,0.0125,0.6069,38.0,0.0857,0.0556,948,0.0304,0.454,34,0.2143,1.8333,0.01,0.0019,0.0046,592.0,-0.0263,0.5579,0.1744,-0.0007,0.0059,1157.0,-0.0575,0.4903,411.0,-0.0168,0.0265,2049.0,-0.0007,-0.0024,933958.0,-0.0027,0.0043,2454,-0.0202,0.5657,0.8896,-0.066,-0.0696,0.0
202409,53007,"chelan, wa",626613.0,-0.0345,-0.1026,487,0.0062,0.7904,80.0,0.0256,0.25,96,-0.2727,0.1429,0,,,0.0,0.0,0.0,102.0,0.0625,-0.1774,0.1497,0.0067,-0.1249,117.0,0.0495,0.165,356.0,-0.0112,-0.0236,1630.0,-0.0253,-0.2231,772385.0,-0.0185,-0.1748,604,0.0143,0.6223,0.2392,0.0099,-0.1284,1.0
202409,53077,"yakima, wa",431311.0,0.0007,0.0033,388,0.053,0.2263,46.0,-0.0714,0.1818,234,0.4268,0.3605,4,,,0.005,0.005,0.005,126.0,0.125,-0.0455,0.152,-0.0174,-0.0298,196.0,0.1951,0.095,232.0,0.0023,0.0151,1934.0,-0.0148,-0.0047,492702.0,-0.007,-0.0549,587,0.0942,0.1777,0.5058,0.0602,-0.0606,0.0
202409,53011,"clark, wa",662250.0,-0.0115,0.0189,1510,0.0248,0.4281,58.0,0.1275,0.25,550,-0.0954,0.0659,202,-0.0982,3.2083,0.0697,-0.0047,0.0501,766.0,-0.1601,0.7731,0.2672,-0.0444,0.0788,826.0,-0.0598,0.0833,309.0,-0.0143,0.0062,2206.0,0.0006,-0.0107,845939.0,-0.003,-0.0037,2327,-0.0073,0.3066,0.5469,-0.0492,-0.174,0.0
202409,53031,"jefferson, wa",780750.0,-0.0228,0.1154,133,0.0391,0.3434,65.0,0.2404,-0.0373,48,0.0,0.5,4,,,0.0172,0.0172,0.0172,40.0,0.1111,0.1111,0.1783,0.0124,-0.0323,43.0,-0.1887,-0.14,391.0,0.013,0.0169,2080.0,-0.0015,0.0405,1032811.0,0.0346,0.1905,176,-0.033,0.1973,0.3233,-0.0908,-0.1817,0.0
202409,53075,"whitman, wa",447463.0,-0.0273,-0.0187,141,-0.0175,0.3381,75.0,0.1667,0.1577,42,0.05,0.5,0,,,0.0,0.0,0.0,54.0,0.125,0.2273,0.2735,0.0492,-0.0085,23.0,0.1842,0.25,211.0,-0.0005,0.0419,2192.0,-0.0696,-0.0874,480446.0,-0.0278,-0.0408,163,0.0252,0.3145,0.1601,0.0273,-0.0113,0.0
202409,53009,"clallam, wa",658744.0,-0.0313,0.0374,250,0.0101,0.3132,59.0,0.1569,0.0631,114,0.0179,0.5,2,-0.5,,0.0042,-0.004,0.0042,96.0,0.1429,0.2,0.2017,0.023,-0.0212,109.0,-0.0603,0.2824,323.0,-0.0132,0.0231,2152.0,0.0073,-0.005,781531.0,0.002,0.0059,358,0.0028,0.3114,0.4369,-0.0328,-0.0105,0.0
202409,53049,"pacific, wa",422688.0,-0.0054,-0.0054,222,-0.0328,0.5382,80.0,0.1429,0.0323,48,-0.2,0.7143,0,,,0.0,0.0,0.0,74.0,-0.119,1.3125,0.2199,-0.0215,0.0469,60.0,0.1765,0.3636,292.0,-0.008,-0.0146,1519.0,-0.0007,0.0073,508107.0,0.0219,-0.0151,281,-0.0106,0.4712,0.2709,0.0482,-0.0347,1.0
202409,53027,"grays harbor, wa",411250.0,-0.0161,-0.0185,476,-0.0083,0.4691,74.0,0.2542,0.1563,140,-0.0278,0.4,2,-0.5,,0.0027,-0.0029,0.0027,146.0,-0.1512,0.46,0.1986,-0.0227,0.0053,131.0,-0.0114,0.0697,279.0,-0.0421,-0.0147,1502.0,0.0033,-0.0046,476143.0,-0.0037,-0.025,606,-0.0098,0.371,0.2742,-0.0008,-0.1024,0.0
202409,53055,"san juan, wa",1336250.0,-0.0573,-0.2556,166,-0.0265,0.4518,81.0,0.1571,-0.1563,18,-0.5,-0.1,0,,,0.0,0.0,0.0,26.0,-0.4091,0.3,0.1217,-0.0586,0.0136,30.0,0.0,-0.2308,654.0,0.0379,0.0075,2149.0,-0.024,-0.0958,2438865.0,-0.0017,-0.1627,194,-0.03,0.2597,0.1813,0.0048,-0.1608,1.0
202409,53021,"franklin, wa",498319.0,0.0008,0.0329,218,0.0357,0.25,54.0,0.1383,0.2442,72,-0.1818,-0.0526,8,0.0,,0.021,-0.0008,0.021,68.0,0.0,-0.1053,0.1918,0.0045,-0.0721,66.0,-0.0294,0.1786,266.0,0.0038,0.03,2065.0,0.0039,0.0378,611532.0,0.0131,0.0718,283,0.0217,0.2304,0.3034,-0.0204,-0.0184,0.0
202409,53059,"skamania, wa",780000.0,-0.0031,0.1556,57,-0.0583,0.2841,61.0,-0.1408,-0.0543,16,0.0,1.0,0,,,0.0,0.0,0.0,18.0,-0.3571,0.5,0.1717,-0.1827,-0.0465,20.0,-0.1875,0.5,336.0,0.0088,0.0327,2528.0,0.0096,0.0611,1126967.0,0.0004,0.3637,77,-0.0833,0.2623,0.3451,-0.0549,0.0497,1.0
202409,53017,"douglas, wa",628350.0,-0.0025,0.0659,140,0.0489,0.8117,70.0,-0.0106,0.3775,56,0.1667,0.4,0,,,0.0,0.0,0.0,64.0,0.3333,1.0,0.2521,0.0406,0.0299,52.0,0.1196,0.2875,314.0,0.0095,0.1267,2270.0,-0.0096,0.0451,836306.0,0.0143,0.1712,192,0.0726,0.6552,0.3692,0.0233,-0.1503,0.0
202409,53051,"pend oreille, wa",491325.0,-0.0173,-0.0154,88,0.0294,0.1364,73.0,0.1328,0.4216,32,0.6,0.6,0,,,0.0,0.0,0.0,22.0,-0.45,-0.0833,0.1498,-0.1465,-0.0392,29.0,0.2955,0.3571,266.0,-0.0541,0.0054,1927.0,-0.0361,0.0307,692986.0,0.0135,-0.1188,115,0.0849,0.1856,0.3257,0.0669,0.053,0.0
202409,53041,"lewis, wa",524500.0,-0.0004,-0.0196,304,-0.0365,0.4877,65.0,0.1026,0.29,98,-0.1833,0.1667,2,-0.5,,0.004,-0.0032,0.004,104.0,-0.1875,0.1304,0.2095,-0.0435,-0.0182,98.0,0.0263,0.2829,288.0,0.0065,0.0346,1805.0,-0.0335,-0.046,598719.0,0.008,-0.035,401,-0.0184,0.3955,0.3213,0.0197,-0.0513,0.0
202409,53043,"lincoln, wa",385575.0,0.0282,0.0147,56,0.0566,-0.0175,65.0,-0.1034,0.25,28,1.3333,0.75,2,,,0.0185,0.0185,0.0185,8.0,-0.5,-0.3333,0.0854,-0.1029,-0.051,19.0,-0.0263,0.0278,210.0,-0.0233,0.0639,1973.0,-0.0604,-0.1045,500801.0,0.0173,0.0517,73,0.0139,-0.0135,0.3304,-0.0281,0.0146,1.0
202409,53015,"cowlitz, wa",499163.0,-0.049,-0.0015,317,0.0343,0.2034,59.0,0.1085,0.2772,94,-0.3088,-0.1296,22,-0.3125,4.5,0.0379,-0.0154,0.0303,138.0,-0.1154,-0.0143,0.2423,-0.019,0.0137,162.0,0.0157,0.0353,283.0,0.0183,0.0185,1898.0,-0.0318,-0.0492,573170.0,-0.0436,-0.019,476,0.0315,0.1376,0.5103,-0.0093,-0.0829,0.0
202409,53073,"whatcom, wa",683500.0,-0.0051,-0.022,641,-0.0085,0.2861,52.0,0.3,0.0612,226,-0.1929,0.066,0,-1.0,-1.0,0.0,-0.0063,-0.004,204.0,-0.0727,0.3421,0.179,0.0063,0.0305,303.0,-0.1036,0.086,383.0,-0.0189,0.0572,1852.0,0.0245,-0.064,865067.0,-0.012,-0.0264,941,-0.05,0.2104,0.4731,-0.0502,-0.0872,0.0
202409,53063,"spokane, wa",507500.0,-0.0146,-0.0049,1535,0.0172,0.2459,40.0,-0.0595,0.0676,712,0.0595,0.0659,22,0.1,0.1,0.0073,0.0005,-0.0005,700.0,0.1513,0.1745,0.2301,0.0225,-0.0026,758.0,-0.0549,-0.0307,229.0,0.0015,0.0147,2276.0,-0.0077,-0.0174,625412.0,-0.0011,0.0091,2289,-0.008,0.1369,0.4938,-0.0377,-0.1409,0.0
202409,53005,"benton, wa",525000.0,-0.026,-0.0497,664,0.0702,0.1499,52.0,-0.0189,0.0,288,0.2632,0.1613,10,-0.375,0.25,0.0088,-0.0057,0.0006,236.0,0.0727,0.1132,0.208,-0.005,-0.0025,182.0,-0.0945,0.0581,264.0,0.0028,0.0265,2090.0,-0.0227,-0.0676,586687.0,-0.0086,-0.0345,849,0.036,0.1179,0.2743,-0.0499,-0.0238,0.0
202409,53069,"wahkiakum, wa",645125.0,-0.0443,0.049,35,0.0294,2.1818,80.0,0.2422,-0.1452,4,0.0,,2,,,0.04,0.04,0.04,8.0,-0.3333,1.0,0.1747,-0.0653,-0.0072,10.0,0.0556,-0.1364,290.0,0.0043,0.0274,2009.0,-0.004,-0.0869,649293.0,-0.0305,-0.0374,45,0.0714,1.0455,0.2714,0.0067,-0.7286,1.0
202409,53037,"kittitas, wa",733738.0,-0.0217,0.0483,365,0.0069,0.7609,85.0,0.1937,0.2649,72,-0.25,0.2,0,,,0.0,0.0,0.0,110.0,0.0185,0.6176,0.2036,0.0135,0.0077,110.0,-0.0045,0.5,432.0,0.007,0.1201,1959.0,-0.0599,-0.0341,1081091.0,-0.0107,0.0975,471,-0.0021,0.6882,0.3004,-0.0035,-0.0522,0.0
202409,53045,"mason, wa",480081.0,0.0023,-0.0942,253,-0.0917,0.6946,58.0,0.1856,0.15,92,-0.2581,0.4375,6,0.5,0.5,0.0125,0.0048,-0.0001,84.0,-0.3226,0.4,0.1805,-0.0584,-0.0268,136.0,0.1429,0.7895,305.0,0.0088,0.0198,1684.0,0.0024,-0.0722,583100.0,-0.0091,-0.1618,390,-0.0323,0.7333,0.5386,0.1106,0.0285,0.0
202409,53071,"walla walla, wa",482500.0,-0.0521,-0.1421,145,-0.1159,0.3182,74.0,0.1563,0.7209,50,-0.1667,-0.0385,0,-1.0,,0.0,-0.0117,0.0,64.0,-0.0588,0.1429,0.2237,0.0112,-0.032,96.0,-0.0588,0.8462,250.0,-0.0165,-0.0261,2124.0,-0.0094,-0.0599,598416.0,0.0024,-0.0642,242,-0.0798,0.4756,0.6621,0.0401,0.1893,1.0
202409,53039,"klickitat, wa",655488.0,0.0007,0.0943,117,0.0354,0.2857,87.0,0.2,0.1918,22,0.375,-0.0833,0,,,0.0,0.0,0.0,32.0,-0.1111,0.0,0.2032,-0.0368,-0.0537,21.0,0.1053,0.1053,328.0,0.008,0.0797,2077.0,0.0152,0.0818,870263.0,-0.0105,0.3204,138,0.0299,0.2432,0.1795,0.0113,-0.0293,0.0
202409,53029,"island, wa",822750.0,0.0227,0.0978,300,-0.0164,0.4354,59.0,0.2041,0.2165,112,-0.125,0.4,6,,,0.0109,0.0109,0.0109,112.0,-0.0667,0.1667,0.2025,-0.0122,-0.0311,136.0,0.0586,0.1783,391.0,-0.0173,0.0424,2105.0,0.0074,0.0594,1052275.0,0.0258,0.106,435,0.0093,0.3426,0.4517,0.032,-0.0986,0.0
202409,53001,"adams, wa",347775.0,0.0381,0.0259,58,0.0,0.3488,75.0,0.25,0.2,10,-0.375,-0.1667,0,,,0.0,0.0,0.0,14.0,0.1667,2.5,0.1421,0.032,0.0858,30.0,-0.1429,1.5,196.0,-0.0017,-0.061,1710.0,-0.0488,-0.1205,363029.0,0.0033,-0.1156,89,-0.038,0.6698,0.5172,-0.0862,0.2382,0.0
202409,53057,"skagit, wa",699000.0,0.0,-0.0319,307,0.0268,0.3584,51.0,0.275,0.186,130,-0.0152,0.25,2,-0.5,-0.5,0.0034,-0.0032,-0.0048,114.0,0.0962,0.2955,0.1876,0.0185,0.0003,161.0,-0.139,0.4123,376.0,0.0116,0.0276,1957.0,-0.0239,-0.0317,879014.0,-0.0161,-0.0923,468,-0.0498,0.3831,0.5244,-0.101,0.02,0.0
202409,53033,"king, wa",839713.0,-0.0003,-0.0495,4737,0.0847,0.6798,41.0,0.0658,0.125,3054,0.3007,0.3857,42,-0.3,0.3125,0.0041,-0.0021,-0.001,1534.0,0.2098,0.6113,0.1498,0.0101,0.0115,2522.0,-0.0345,0.4169,536.0,0.0067,-0.0123,1758.0,-0.0179,-0.0609,1321441.0,-0.0089,-0.1006,7261,0.0382,0.584,0.5324,-0.0657,-0.0988,0.0
202409,53013,"columbia, wa",327650.0,-0.0143,0.0746,21,0.1667,0.2353,78.0,-0.1215,0.555,8,1.0,1.0,0,,,0.0,0.0,0.0,12.0,2.0,0.5,0.3429,0.1689,0.0571,6.0,-0.0833,-0.3125,146.0,-0.1534,-0.0953,2048.0,0.0513,-0.0432,485972.0,0.3251,0.2534,27,0.1042,0.0192,0.2619,-0.0714,-0.2087,1.0
202409,53023,"garfield, wa",249375.0,-0.3565,-0.1386,9,0.7,-0.15,48.0,-0.1579,-0.1429,4,,0.0,0,,,0.0,0.0,0.0,2.0,,-0.5,0.1429,0.1429,-0.1905,2.0,-0.3333,-0.3333,194.0,-0.0768,0.3405,1781.0,-0.1843,-0.183,482650.0,-0.1527,0.4691,10,0.25,-0.2308,0.2353,-0.3647,-0.0647,1.0
202409,53047,"okanogan, wa",498094.0,0.0071,-0.0036,183,-0.0518,0.1438,95.0,0.2115,0.0739,34,0.2143,0.0625,0,,,0.0,0.0,0.0,46.0,-0.1786,0.2778,0.1684,-0.0359,0.007,45.0,0.0465,0.1842,291.0,0.0059,-0.019,1700.0,-0.0207,0.0167,715460.0,0.0272,-0.1031,227,-0.0321,0.1497,0.2459,0.0231,0.0084,0.0
202409,53003,"asotin, wa",388100.0,-0.0046,-0.0737,74,0.0571,-0.1294,59.0,0.0541,-0.2252,30,-0.0625,0.5,0,,,0.0,0.0,0.0,32.0,0.3333,0.1429,0.2363,0.0531,0.0141,28.0,-0.0345,0.6471,213.0,-0.0456,-0.044,1958.0,0.0349,-0.0799,495996.0,-0.1116,-0.0956,103,0.0354,0.0149,0.3784,-0.0359,0.1784,0.0
202409,53053,"pierce, wa",628000.0,-0.011,-0.0055,1977,0.0046,0.7388,47.0,0.093,0.2051,1000,-0.0672,0.4205,54,0.2273,1.7,0.013,0.0032,0.006,912.0,-0.013,0.617,0.2178,-0.0091,0.0216,1200.0,-0.0389,0.3554,318.0,-0.0031,0.013,2095.0,-0.0025,-0.0262,756817.0,-0.002,-0.0571,3177,-0.01,0.5767,0.6067,-0.0274,-0.1716,0.0
202409,53065,"stevens, wa",499925.0,-0.0292,-0.0368,242,0.0168,0.1805,75.0,0.155,0.0643,48,-0.4,-0.0769,4,,,0.0111,0.0111,0.0111,62.0,-0.0882,-0.2619,0.1775,-0.001,-0.0585,66.0,0.0397,-0.1382,246.0,-0.0373,0.0183,2030.0,0.0147,-0.0752,598223.0,-0.0075,-0.0267,304,0.0167,0.0857,0.2707,0.006,-0.1001,0.0
202409,53035,"kitsap, wa",659713.0,0.015,0.0397,628,0.0064,0.6227,46.0,0.0455,0.0698,356,0.1125,0.3692,14,-0.125,2.5,0.0098,-0.0027,0.0057,276.0,0.0299,0.4082,0.1958,0.0024,-0.0093,449.0,-0.0929,0.3129,318.0,0.0167,0.0142,2112.0,0.0155,-0.0004,896628.0,0.0235,-0.0466,1077,-0.0452,0.4693,0.715,-0.0783,-0.1688,0.0
202409,53025,"grant, wa",445213.0,0.0242,0.1416,324,0.0221,0.5355,62.0,0.1604,-0.1338,100,-0.0385,0.3158,2,,-0.5,0.0033,0.0033,-0.0059,104.0,-0.0714,0.7333,0.1771,-0.0147,0.0376,144.0,0.063,-0.0103,254.0,-0.0019,0.0184,1783.0,0.0189,0.0642,508037.0,-0.0041,-0.0097,467,0.0241,0.3192,0.4429,0.017,-0.2443,0.0
202408,53039,"klickitat, wa",655000.0,-0.0022,0.0935,113,0.0135,0.3697,73.0,0.3942,0.0284,16,-0.3333,-0.3846,0,-1.0,,0.0,-0.0114,0.0,36.0,-0.1,0.3846,0.24,-0.0042,0.0286,19.0,-0.24,-0.0952,325.0,-0.018,0.1144,2046.0,0.0,0.0396,879470.0,0.0074,0.2973,134,-0.0219,0.2947,0.1681,-0.0561,-0.0864,0.0
202408,53051,"pend oreille, wa",499950.0,-0.0909,0.0039,85,-0.0395,0.0625,64.0,0.3763,0.4545,20,-0.2308,0.25,0,,,0.0,0.0,0.0,40.0,0.1765,-0.0476,0.2963,0.0483,-0.0641,22.0,-0.1373,-0.0435,282.0,-0.0903,0.0778,1999.0,0.0656,0.0093,683767.0,-0.075,-0.1095,106,-0.0702,0.0341,0.2588,-0.0293,-0.0287,0.0
202408,53029,"island, wa",804500.0,-0.0417,0.0799,305,0.0304,0.5062,49.0,0.1011,0.1951,128,-0.0857,0.0847,0,,,0.0,0.0,0.0,120.0,0.1765,0.5385,0.2147,0.03,0.0402,128.0,0.0199,-0.1049,398.0,-0.0038,0.036,2090.0,-0.0229,0.0554,1025790.0,-0.0067,0.0342,431,0.0323,0.2493,0.4197,-0.0043,-0.2865,0.0
202408,53005,"benton, wa",539000.0,-0.0018,-0.0542,620,0.009,0.1335,53.0,0.1398,0.1158,228,-0.1857,-0.1679,16,0.3333,0.6,0.0146,0.0036,0.0046,220.0,-0.0265,-0.0351,0.213,0.0026,-0.0169,201.0,0.0177,0.0663,263.0,-0.0049,0.0106,2139.0,-0.0009,-0.0502,591778.0,-0.0025,-0.0493,819,0.0092,0.1181,0.3242,0.0028,-0.0204,0.0
202408,53075,"whitman, wa",460000.0,0.0033,0.0222,143,0.1216,0.4444,65.0,-0.0979,0.1944,40,0.1765,0.0526,0,,,0.0,0.0,0.0,48.0,-0.1111,0.4118,0.2243,-0.0653,0.0267,19.0,-0.2963,-0.1364,211.0,0.0,0.0055,2356.0,-0.0147,0.0338,494191.0,-0.0061,-0.0376,159,0.0358,0.3033,0.1329,-0.0789,-0.0894,0.0
202408,53015,"cowlitz, wa",524900.0,-0.0261,0.0054,306,0.0552,0.3133,53.0,0.191,0.3086,136,-0.0145,0.0968,32,-0.1111,1.6667,0.0533,-0.0128,0.0311,156.0,-0.025,0.625,0.2613,0.0045,0.0859,159.0,-0.0275,-0.0783,278.0,-0.0232,0.026,1960.0,-0.0248,-0.0611,599283.0,-0.0611,-0.0113,461,0.0165,0.1425,0.5196,-0.0442,-0.2207,0.0
202408,53011,"clark, wa",669925.0,-0.0012,0.0229,1473,0.0283,0.4315,51.0,0.0515,0.2143,608,-0.1762,0.0133,224,0.12,1.8,0.0743,0.0062,0.0422,912.0,0.1875,1.0633,0.3116,0.0636,0.1375,878.0,-0.0488,0.061,313.0,-0.0046,0.024,2205.0,0.0028,-0.0145,848473.0,-0.0041,-0.0104,2344,-0.0036,0.2657,0.5961,-0.0483,-0.2081,0.0
202408,53017,"douglas, wa",629950.0,-0.0195,0.1174,133,0.0391,0.9275,71.0,0.2137,0.1094,48,0.2632,0.5,0,-1.0,,0.0,-0.0172,0.0,48.0,-0.2727,0.6,0.2115,-0.0825,0.0138,46.0,-0.08,-0.1636,311.0,-0.0131,0.129,2292.0,0.0483,-0.0093,824506.0,-0.0137,0.1084,179,0.0056,0.4494,0.3459,-0.0448,-0.4512,0.0
202408,53019,"ferry, wa",500000.0,0.2531,0.3342,44,-0.0222,0.2941,75.0,0.042,0.4466,12,0.2,0.2,0,,,0.0,0.0,0.0,8.0,-0.4286,-0.2,0.093,-0.1177,-0.1074,10.0,0.1765,0.4286,243.0,-0.0135,0.064,1893.0,0.0537,0.482,571617.0,0.0166,0.2674,54,0.0,0.3333,0.2273,0.0384,0.0214,0.0
202408,53041,"lewis, wa",524725.0,-0.0005,-0.0372,315,0.1072,0.6154,59.0,0.0493,0.2447,120,0.3953,0.2766,4,-0.5,,0.0072,-0.0098,0.0072,128.0,0.0159,0.5238,0.253,-0.0201,0.0216,95.0,-0.0155,0.1243,286.0,0.0058,0.0122,1867.0,-0.0088,-0.0085,593992.0,-0.0098,-0.0459,408,0.0794,0.4756,0.3016,-0.0376,-0.1317,0.0
202408,53069,"wahkiakum, wa",675000.0,0.0469,0.177,34,0.0,0.8889,64.0,0.3545,-0.1351,4,-0.3333,0.0,0,-1.0,,0.0,-0.0317,0.0,12.0,0.0,1.0,0.24,0.0261,0.0495,9.0,0.3846,-0.3333,288.0,-0.0409,0.0004,2017.0,0.0164,-0.0289,669730.0,0.0517,0.0759,42,0.0244,0.3548,0.2647,0.0735,-0.4853,0.0
202408,53043,"lincoln, wa",375000.0,-0.0291,-0.0564,53,-0.0783,-0.0702,73.0,0.1647,0.6571,12,-0.1429,-0.1429,0,,,0.0,0.0,0.0,16.0,-0.2727,-0.3333,0.1882,-0.0503,-0.0803,19.0,-0.1364,0.027,215.0,0.0512,0.1975,2100.0,-0.0088,-0.0789,492308.0,0.0189,0.0518,72,-0.0886,-0.0526,0.3585,-0.0241,0.0339,0.0
202408,53035,"kitsap, wa",649990.0,0.0117,0.0,624,0.0238,0.6229,44.0,0.0233,0.1503,320,-0.2079,0.0667,16,0.3333,1.6667,0.0125,0.0048,0.0068,268.0,-0.0629,0.4105,0.1934,0.0105,0.0107,495.0,-0.0341,0.2874,312.0,0.0046,-0.0029,2080.0,-0.0037,-0.0335,876072.0,-0.0097,-0.0633,1128,0.0112,0.4726,0.7933,-0.0476,-0.2067,0.0
202408,53025,"grant, wa",434681.0,-0.053,0.066,317,0.1444,0.3904,53.0,0.0095,-0.1877,104,-0.2353,0.4054,0,,,0.0,0.0,0.0,112.0,0.1915,0.6,0.1918,0.0236,0.0335,135.0,-0.129,-0.0909,254.0,-0.0028,0.0135,1750.0,-0.0237,0.0185,510124.0,-0.0448,-0.0069,456,0.0556,0.2193,0.4259,-0.1337,-0.2254,0.0
202408,53045,"mason, wa",479000.0,-0.0721,-0.0515,278,0.0966,0.817,49.0,0.0899,0.1279,124,0.0333,0.5897,4,-0.5,,0.0077,-0.0093,0.0077,124.0,-0.0159,0.8235,0.2389,-0.0127,0.0454,119.0,0.0042,0.1442,303.0,-0.0224,-0.0097,1680.0,-0.0546,-0.0503,588480.0,-0.0532,-0.1328,403,0.0804,0.559,0.4281,-0.0394,-0.2517,0.0
202408,53077,"yakima, wa",430995.0,0.0124,0.0141,368,0.0776,0.3358,49.0,0.037,0.1879,164,-0.0465,-0.012,0,,,0.0,0.0,0.0,112.0,-0.0968,0.2444,0.1694,-0.0094,0.0286,164.0,-0.1135,-0.1436,231.0,-0.0033,0.0071,1963.0,0.0325,0.015,496166.0,0.0107,-0.0524,536,0.0278,0.1527,0.4457,-0.0961,-0.2494,0.0
202408,53033,"king, wa",840000.0,-0.0109,-0.0661,4367,0.0218,0.6706,38.0,0.0556,0.1176,2348,-0.1779,0.2637,60,0.3043,1.7273,0.0062,0.0013,0.0029,1268.0,-0.1669,0.4058,0.1397,-0.015,-0.0004,2612.0,-0.0158,0.3209,533.0,-0.0147,-0.0231,1790.0,0.0114,-0.0586,1333333.0,-0.0076,-0.1102,6994,0.0127,0.5223,0.5981,-0.0228,-0.1584,0.0
202408,53023,"garfield, wa",387500.0,0.3482,0.1567,5,-0.0909,-0.5833,57.0,0.6522,0.3256,0,,-1.0,0,,,0.0,0.0,0.0,0.0,,-1.0,0.0,0.0,-0.372,3.0,0.0,0.2,211.0,0.5608,0.2433,2184.0,-0.0634,0.0145,569650.0,0.0807,0.2455,8,-0.0588,-0.4286,0.6,0.0545,0.3917,1.0
202408,53059,"skamania, wa",782450.0,0.0195,0.1464,60,-0.04,0.3043,71.0,0.084,0.2793,16,0.1429,0.0,0,-1.0,,0.0,-0.0177,0.0,28.0,0.75,0.4,0.3544,0.1847,0.0584,24.0,0.0667,0.8462,333.0,0.0113,0.0516,2504.0,0.1486,0.0654,1126511.0,0.0844,0.4333,84,-0.0118,0.4237,0.4,0.04,0.1174,0.0
202408,53013,"columbia, wa",332400.0,-0.0319,0.0277,18,0.0,0.0909,89.0,0.4332,0.883,4,-0.5,0.0,0,,,0.0,0.0,0.0,4.0,-0.6,-0.6,0.1739,-0.098,-0.1667,6.0,-0.4783,-0.2,172.0,-0.0213,-0.0006,1948.0,0.0106,-0.1197,366738.0,-0.0124,-0.0997,24,-0.2,0.0213,0.3333,-0.3056,-0.1212,0.0
202408,53037,"kittitas, wa",749999.0,0.0084,0.0417,362,0.0,0.7238,71.0,0.2348,0.1051,96,-0.0204,0.3333,0,,,0.0,0.0,0.0,108.0,-0.1818,0.1489,0.1901,-0.0372,-0.0685,110.0,0.028,0.3174,429.0,-0.0012,0.085,2084.0,0.025,-0.0314,1092748.0,0.0355,0.0298,472,0.0096,0.6027,0.3039,0.0083,-0.0938,0.0
202408,53055,"san juan, wa",1417500.0,-0.0129,-0.1435,170,0.0494,0.3178,70.0,0.2174,-0.1358,36,-0.1429,0.3846,0,,,0.0,0.0,0.0,44.0,0.375,0.6923,0.1803,0.043,0.0459,30.0,0.3953,-0.1549,630.0,-0.0358,-0.0252,2202.0,0.0074,-0.0335,2442994.0,-0.024,-0.1327,200,0.0899,0.2195,0.1765,0.0438,-0.0987,1.0
202408,53053,"pierce, wa",635000.0,0.004,0.008,1968,0.021,0.7332,43.0,0.1781,0.1944,1072,-0.1155,0.2523,44,-0.1538,0.5714,0.0099,-0.0024,0.0002,924.0,-0.1132,0.7303,0.2268,-0.0016,0.041,1248.0,-0.0111,0.2767,319.0,-0.0023,0.0094,2100.0,-0.0057,-0.0155,758365.0,-0.0049,-0.0534,3209,0.0069,0.5263,0.6341,-0.0206,-0.2267,0.0
202408,53067,"thurston, wa",585000.0,-0.0118,0.0128,567,0.0053,0.4157,44.0,0.1892,0.2571,304,-0.1872,-0.1412,8,0.0,1.0,0.006,0.0001,0.0023,256.0,-0.0657,0.4382,0.2169,0.0221,0.0578,422.0,-0.0387,0.1329,293.0,-0.0047,0.0326,2107.0,-0.0045,-0.0167,693798.0,-0.0291,-0.0392,994,-0.0085,0.2859,0.7443,-0.0341,-0.1858,0.0
202408,53057,"skagit, wa",699000.0,-0.0014,0.0004,299,0.0205,0.3939,40.0,-0.1398,0.0667,132,-0.2143,-0.0833,4,,,0.0066,0.0066,0.0066,104.0,-0.1475,0.2093,0.1691,-0.019,-0.0083,187.0,-0.0286,0.2593,371.0,-0.0012,0.0503,2005.0,0.0038,-0.0402,893357.0,-0.0063,-0.0426,492,0.0144,0.3572,0.6254,-0.0316,-0.0669,0.0
202408,53031,"jefferson, wa",799000.0,0.0073,0.1021,128,-0.0039,0.28,52.0,0.1818,0.1064,48,-0.04,0.1429,0,,,0.0,0.0,0.0,36.0,-0.3077,0.0588,0.1659,-0.0573,-0.0185,53.0,-0.0185,0.0192,386.0,0.0279,0.0059,2083.0,0.0343,0.0118,998230.0,0.0637,0.1091,182,-0.0162,0.1629,0.4141,-0.0062,-0.1059,0.0
202408,53007,"chelan, wa",649000.0,-0.0053,-0.0907,484,0.0431,0.7632,78.0,0.1429,0.3506,132,0.1186,0.2453,0,,,0.0,0.0,0.0,96.0,-0.2615,-0.0943,0.1431,-0.0414,-0.0806,111.0,-0.0513,0.0777,360.0,0.0094,-0.0477,1672.0,-0.0231,-0.2031,786950.0,0.0011,-0.1715,595,0.0285,0.572,0.2293,-0.0228,-0.1459,0.0
202408,53021,"franklin, wa",497925.0,-0.0024,0.0376,210,0.066,0.3291,47.0,0.2051,0.2051,88,-0.1698,-0.12,8,3.0,1.0,0.0218,0.0173,0.0092,68.0,0.0,-0.0811,0.1873,0.0197,-0.0572,68.0,-0.0556,0.0794,265.0,-0.0052,0.0183,2057.0,-0.0158,0.03,603606.0,0.0151,0.0551,277,0.0278,0.2422,0.3238,-0.0417,-0.0749,0.0
202408,53001,"adams, wa",335000.0,-0.0288,-0.0199,58,0.1485,0.5467,60.0,0.6216,0.2245,16,0.1429,0.1429,0,,,0.0,0.0,0.0,12.0,0.0,0.0,0.1101,0.0005,-0.0732,35.0,0.0294,1.1875,196.0,0.1234,-0.0972,1798.0,-0.0553,-0.0702,361817.0,-0.0136,-0.0726,92,0.0636,0.7196,0.6034,-0.0698,0.1768,0.0
202408,53047,"okanogan, wa",494570.0,-0.0118,-0.0373,193,-0.0178,0.3265,78.0,0.2787,0.0163,28,-0.44,-0.3913,0,,,0.0,0.0,0.0,56.0,0.5556,0.6471,0.2044,0.0807,0.0598,43.0,-0.2252,-0.165,290.0,-0.0082,0.0191,1736.0,-0.0195,-0.0326,696486.0,-0.0169,-0.1512,234,-0.0659,0.1818,0.2228,-0.0596,-0.1312,0.0
202408,53061,"snohomish, wa",825000.0,-0.0054,0.0319,1284,0.0722,0.7086,35.0,0.1475,0.1667,920,-0.0397,0.3731,28,-0.2222,1.0,0.0081,-0.0021,0.0022,608.0,0.1176,0.9869,0.1751,0.0164,0.042,1227.0,-0.0331,0.3461,418.0,-0.0032,0.0382,2050.0,-0.0092,-0.0158,936490.0,-0.0234,-0.0106,2504,0.0169,0.5062,0.9556,-0.1041,-0.2573,0.0
202408,53063,"spokane, wa",514995.0,-0.0191,-0.0191,1509,0.0013,0.2697,42.0,0.1507,0.1831,672,-0.0615,0.0275,20,-0.0909,-0.0909,0.0068,-0.0003,-0.0012,608.0,-0.2343,0.01,0.2076,-0.0448,-0.0201,802.0,-0.0389,-0.1079,229.0,-0.0199,0.0109,2294.0,-0.0082,-0.0216,626105.0,-0.0121,0.011,2307,-0.0137,0.1065,0.5315,-0.0223,-0.2249,0.0
202408,53009,"clallam, wa",680000.0,-0.0272,0.0466,247,0.081,0.436,51.0,0.1087,-0.0933,112,-0.0508,0.1667,4,,,0.0082,0.0082,0.0082,84.0,-0.2632,0.1351,0.1787,-0.0847,-0.0176,116.0,0.0357,0.0404,327.0,0.0054,0.009,2136.0,-0.02,0.0042,779953.0,-0.0088,-0.0222,357,0.0547,0.2705,0.4696,-0.0205,-0.1786,0.0
202408,53071,"walla walla, wa",509000.0,0.0221,-0.0596,164,-0.0708,0.5845,64.0,0.3196,0.3196,60,-0.2308,0.1538,4,,,0.0117,0.0117,0.0117,68.0,-0.1282,0.3077,0.2125,-0.0056,-0.0477,102.0,-0.0332,1.4578,254.0,0.0031,-0.0079,2144.0,-0.0033,-0.0383,596980.0,0.009,-0.0666,263,-0.0657,0.8264,0.622,0.0242,0.221,0.0
202408,53049,"pacific, wa",425000.0,0.0304,0.0,229,0.0066,0.487,70.0,0.2174,-0.0667,60,0.0714,0.5,0,,,0.0,0.0,0.0,84.0,0.4,1.2105,0.2414,0.0535,0.0823,51.0,0.186,-0.0286,294.0,0.0002,0.0065,1520.0,0.012,-0.0256,497205.0,0.0156,-0.0349,284,0.048,0.372,0.2227,0.0337,-0.1182,0.0
202408,53073,"whatcom, wa",687000.0,-0.015,0.0,646,0.0504,0.2305,40.0,0.1594,-0.0588,280,-0.1954,-0.0728,8,3.0,0.0,0.0063,0.0046,-0.0006,220.0,0.0784,0.5068,0.1727,0.0206,0.0413,338.0,0.0868,0.0921,390.0,-0.0114,0.097,1808.0,-0.0224,-0.0708,875578.0,-0.0217,-0.0014,990,0.0726,0.1863,0.5232,0.0175,-0.0663,0.0
202408,53065,"stevens, wa",514950.0,-0.0595,-0.0316,238,0.0818,0.187,65.0,0.2524,0.1944,80,0.6,0.1111,0,,,0.0,0.0,0.0,68.0,0.0303,-0.2766,0.1785,-0.0223,-0.0755,63.0,-0.0935,-0.3152,256.0,-0.0001,0.0586,2001.0,-0.0487,-0.0845,602747.0,-0.0359,-0.0284,299,0.0346,0.0205,0.2647,-0.0512,-0.1941,0.0
202408,53003,"asotin, wa",389900.0,-0.021,-0.0633,70,0.0294,-0.1667,56.0,0.099,0.1935,32,0.4545,0.6,0,,,0.0,0.0,0.0,24.0,0.0,-0.3684,0.1832,-0.0256,-0.1469,29.0,0.0175,0.4872,224.0,-0.0022,0.0269,1892.0,0.0013,-0.1249,558280.0,-0.0028,0.057,99,0.0259,-0.0435,0.4143,-0.0048,0.1821,0.0
202408,53027,"grays harbor, wa",418000.0,-0.0046,0.0259,480,0.0549,0.4076,59.0,0.0631,0.1401,144,-0.0137,0.2,4,,,0.0055,0.0055,0.0055,172.0,-0.0549,0.0617,0.2213,-0.0271,-0.0504,132.0,0.0353,-0.0186,291.0,-0.011,0.0126,1497.0,0.0037,-0.0112,477901.0,-0.0376,-0.0188,612,0.0525,0.2777,0.275,-0.0052,-0.1194,0.0
202407,53059,"skamania, wa",767500.0,0.0372,0.1004,63,-0.0234,0.4205,66.0,0.31,0.4086,14,-0.5,-0.125,2,-0.5,,0.0177,-0.0235,0.0177,16.0,-0.4286,0.3333,0.1698,-0.1085,-0.0336,23.0,0.1842,0.7308,329.0,-0.0317,0.0369,2180.0,0.0697,-0.0852,1038869.0,0.0095,0.2276,85,0.0,0.4655,0.36,0.0631,0.0645,0.0
202407,53035,"kitsap, wa",642500.0,0.028,-0.0115,610,0.0041,0.7718,43.0,0.1622,0.3438,404,0.0632,0.5781,12,-0.5714,0.0,0.0077,-0.011,-0.0048,286.0,0.3,0.9324,0.183,0.036,0.0248,513.0,-0.033,0.3667,311.0,0.0068,0.0056,2088.0,0.0086,-0.0115,884633.0,0.0083,-0.0464,1116,-0.0128,0.5429,0.8409,-0.0323,-0.2493,0.0
202407,53029,"island, wa",839500.0,-0.0406,0.1193,296,0.0764,0.4653,45.0,0.0854,0.0349,140,-0.0541,0.0606,0,,-1.0,0.0,0.0,-0.008,102.0,0.02,0.275,0.1847,0.0111,0.0224,126.0,-0.2156,-0.1463,399.0,-0.0309,0.0291,2139.0,0.0215,0.0584,1032733.0,-0.0054,0.0104,418,-0.0336,0.2066,0.424,-0.1578,-0.3037,0.0
202407,53043,"lincoln, wa",386225.0,-0.0517,-0.1869,58,-0.0086,0.0849,62.0,0.1971,0.245,14,-0.3,-0.3,0,,,0.0,0.0,0.0,22.0,0.1,0.375,0.2385,0.0599,0.0307,22.0,0.1579,0.0476,204.0,0.0433,0.0207,2119.0,-0.0043,-0.0707,483195.0,-0.0057,-0.0558,79,0.026,0.0533,0.3826,0.055,-0.0136,1.0
202407,53073,"whatcom, wa",697450.0,-0.0036,0.0569,615,0.2251,0.2325,35.0,-0.0417,-0.2159,348,0.0741,0.2794,2,-0.5,-0.5,0.0016,-0.0019,-0.0017,204.0,0.3421,0.3077,0.1521,0.0234,0.0119,311.0,0.0542,-0.0342,394.0,0.0165,0.1231,1850.0,-0.0088,-0.052,894968.0,-0.0599,0.0605,923,0.1581,0.1339,0.5057,-0.082,-0.1396,0.0
202407,53063,"spokane, wa",525000.0,0.0,-0.0094,1507,0.1073,0.3289,37.0,0.1774,0.1061,716,-0.1596,-0.0219,22,-0.2143,0.375,0.0071,-0.0018,0.0015,794.0,0.1958,0.2974,0.2524,0.0566,0.0373,835.0,-0.088,-0.0495,233.0,-0.0233,0.012,2313.0,0.0054,-0.0189,633787.0,-0.0158,0.0058,2339,0.0218,0.1855,0.5537,-0.1186,-0.2205,0.0
202407,53077,"yakima, wa",425725.0,-0.0191,0.041,342,0.0443,0.279,47.0,0.0053,0.0739,172,0.0,0.075,0,-1.0,-1.0,0.0,-0.0115,-0.0058,124.0,0.1481,0.4762,0.1788,0.0163,0.0496,185.0,-0.0464,-0.1435,232.0,0.016,0.0209,1901.0,-0.0092,0.0022,490918.0,0.006,-0.048,522,0.0087,0.091,0.5417,-0.0515,-0.2673,0.0
202407,53045,"mason, wa",516213.0,-0.0423,0.0073,254,0.1022,0.5844,45.0,0.0114,0.141,120,0.0,0.1538,8,1.0,1.0,0.017,0.0086,0.0056,126.0,0.0161,0.75,0.2516,-0.0233,0.0482,119.0,0.0487,0.3167,310.0,-0.004,-0.0162,1777.0,-0.0209,0.0051,621522.0,-0.0423,-0.0963,373,0.0875,0.492,0.4675,-0.0238,-0.095,0.0
202407,53033,"king, wa",849279.0,-0.0031,-0.0748,4274,0.1061,0.7028,36.0,0.2,0.0909,2856,-0.087,0.4542,46,-0.3947,0.6429,0.0049,-0.0029,0.0008,1522.0,0.0779,0.9217,0.1546,0.0104,0.0253,2654.0,-0.0615,0.2984,540.0,-0.0087,-0.0075,1770.0,0.005,-0.0878,1343586.0,-0.0062,-0.1066,6907,0.0262,0.5189,0.621,-0.1109,-0.1934,0.0
202407,53061,"snohomish, wa",829500.0,-0.0124,0.0369,1198,0.1626,0.6725,31.0,0.1731,0.0167,958,-0.1259,0.3232,36,-0.4375,1.25,0.0102,-0.0083,0.0036,544.0,0.0709,0.7895,0.1586,0.0114,0.0282,1269.0,-0.043,0.3704,420.0,-0.0019,0.0508,2069.0,0.0053,-0.0197,958896.0,0.0053,-0.0028,2463,0.0373,0.4924,1.0597,-0.2277,-0.2336,0.0
202407,53017,"douglas, wa",642450.0,0.0329,0.2076,128,0.0492,0.7297,59.0,0.5,0.2717,38,-0.2692,0.1875,4,,,0.0172,0.0172,0.0172,66.0,0.1786,3.125,0.2939,0.0234,0.2106,50.0,-0.0909,0.0204,315.0,0.0182,0.1552,2187.0,0.0256,-0.0381,835943.0,0.0551,0.2051,178,0.0056,0.4355,0.3906,-0.0602,-0.2715,0.0
202407,53067,"thurston, wa",592000.0,-0.005,0.0217,564,0.128,0.5667,37.0,0.0278,0.0882,374,-0.0556,0.2986,8,-0.5,1.0,0.0058,-0.0061,0.002,274.0,0.0379,0.6707,0.1949,0.0034,0.0472,439.0,-0.0948,0.092,294.0,-0.0224,0.0248,2117.0,0.018,0.0002,714567.0,-0.0113,-0.0024,1003,0.024,0.307,0.7784,-0.1916,-0.3383,0.0
202407,53069,"wahkiakum, wa",644750.0,0.025,0.3718,34,0.2593,0.2593,47.0,-0.0644,-0.0825,6,-0.5,0.5,2,,,0.0317,0.0317,0.0317,12.0,0.5,0.0,0.2139,0.0507,-0.0469,7.0,-0.1875,-0.0714,301.0,-0.0135,0.1506,1985.0,0.0166,0.1199,636805.0,-0.0234,0.1928,41,0.1389,0.2813,0.1912,-0.1051,-0.0681,0.0
202407,53047,"okanogan, wa",500500.0,-0.0137,-0.0089,197,0.0679,0.3838,61.0,0.1961,0.0517,50,-0.1071,0.0417,0,,,0.0,0.0,0.0,36.0,-0.3077,-0.1818,0.1237,-0.049,-0.0667,56.0,0.0882,0.11,292.0,-0.0024,0.074,1771.0,0.0246,-0.0642,708478.0,-0.0008,-0.1534,251,0.0481,0.3115,0.2824,0.0053,-0.0697,0.0
202407,53041,"lewis, wa",525000.0,0.0002,-0.0708,285,0.0616,0.6257,56.0,0.2528,0.2389,86,-0.2833,0.075,8,,,0.017,0.017,0.017,126.0,0.05,0.5,0.2731,0.0302,0.0216,97.0,-0.0253,0.0376,285.0,0.0128,0.0075,1884.0,-0.019,-0.0185,599873.0,0.0055,-0.023,378,0.0356,0.4211,0.3392,-0.0302,-0.1922,0.0
202407,53023,"garfield, wa",287425.0,0.1036,-0.1787,6,0.8333,-0.3125,35.0,-0.4153,-0.1154,0,-1.0,-1.0,0,,,0.0,0.0,0.0,0.0,,-1.0,0.0,0.0,-0.1905,3.0,0.0,0.0,135.0,0.1934,-0.2135,2331.0,-0.0465,0.0868,527125.0,0.5803,0.0225,9,0.2143,-0.2273,0.5455,-0.4545,0.1705,1.0
202407,53013,"columbia, wa",343363.0,0.0484,-0.083,18,-0.1,0.2,62.0,0.0207,0.4195,8,0.0,1.0,0,,,0.0,0.0,0.0,10.0,0.25,,0.2719,0.0557,0.2719,12.0,0.2778,1.3,176.0,-0.0343,0.0642,1928.0,0.0346,-0.1798,371361.0,0.0597,-0.1979,30,0.0345,0.5,0.6389,0.1889,0.3056,1.0
202407,53003,"asotin, wa",398250.0,-0.0226,-0.0617,68,0.0303,-0.1282,51.0,-0.0288,0.2949,22,-0.2143,-0.5,0,,,0.0,0.0,0.0,24.0,0.0,0.0,0.2088,0.0183,0.0549,29.0,-0.05,0.0556,224.0,-0.0298,0.047,1890.0,-0.1108,-0.1388,559857.0,-0.0229,0.0343,97,0.0052,-0.1065,0.4191,-0.0354,0.073,0.0
202407,53071,"walla walla, wa",498000.0,-0.0256,-0.0945,177,0.1101,0.9396,49.0,0.1023,-0.1261,78,-0.025,0.95,0,,,0.0,0.0,0.0,78.0,0.2188,0.625,0.2181,0.0223,-0.0428,106.0,0.0343,1.2935,253.0,0.0215,0.011,2151.0,-0.0023,-0.0223,591673.0,-0.0409,-0.0805,282,0.0911,1.0252,0.5977,-0.0438,0.0922,1.0
202407,53007,"chelan, wa",652475.0,-0.0114,-0.0664,464,0.0427,0.9095,68.0,0.208,0.365,118,0.0536,0.0536,0,-1.0,,0.0,-0.0057,0.0,130.0,0.0484,0.413,0.1844,0.007,-0.0357,117.0,0.0,0.2581,357.0,0.0047,-0.091,1712.0,-0.002,-0.151,786095.0,-0.0018,-0.1872,579,0.0423,0.7115,0.2522,-0.0108,-0.1306,0.0
202407,53075,"whitman, wa",458500.0,-0.014,-0.0497,128,0.0282,0.3564,72.0,0.2119,0.4896,34,-0.3462,-0.15,0,,,0.0,0.0,0.0,54.0,-0.1563,0.6875,0.2896,-0.0241,0.1128,27.0,0.0385,-0.2895,211.0,0.0042,-0.0135,2391.0,0.0186,0.0024,497235.0,-0.0105,-0.06,154,0.0099,0.1808,0.2118,0.0021,-0.1925,0.0
202407,53055,"san juan, wa",1436000.0,0.1046,-0.069,162,0.1739,0.1825,58.0,-0.0171,-0.0417,42,0.1667,0.3125,0,,,0.0,0.0,0.0,32.0,-0.1111,-0.2,0.1373,-0.055,-0.0462,22.0,-0.0652,-0.3281,654.0,0.0034,0.0215,2186.0,0.0349,-0.0367,2502987.0,0.0289,-0.1317,184,0.1258,0.0794,0.1327,-0.034,-0.1009,0.0
202407,53005,"benton, wa",539999.0,-0.018,-0.0458,615,0.0328,0.1886,47.0,0.0568,-0.0882,280,-0.0541,0.0938,12,0.0,0.5,0.011,-0.0012,0.0027,226.0,0.2841,0.2283,0.2104,0.0308,0.0201,198.0,0.0025,0.0128,264.0,0.0025,0.0086,2141.0,-0.0138,-0.0399,593275.0,-0.0215,-0.0313,812,0.0259,0.1414,0.3214,-0.0097,-0.0558,0.0
202407,53053,"pierce, wa",632500.0,-0.0039,-0.0039,1928,0.1187,0.8732,37.0,0.1061,0.0429,1212,-0.079,0.3527,52,-0.0714,0.3,0.0122,-0.0002,-0.0012,1042.0,0.1787,1.1529,0.2285,0.0272,0.069,1262.0,-0.0659,0.1996,319.0,0.0012,0.0124,2112.0,-0.0049,-0.0094,762071.0,0.0021,-0.0437,3187,0.0415,0.5396,0.6547,-0.1294,-0.3676,0.0
202407,53065,"stevens, wa",547500.0,0.095,-0.0045,220,0.0784,0.164,52.0,0.1196,0.1977,50,-0.4318,-0.4318,0,-1.0,,0.0,-0.0107,0.0,66.0,0.1786,-0.1316,0.2007,0.039,-0.0221,70.0,0.0373,-0.2102,256.0,0.0078,0.0069,2103.0,-0.0117,-0.0024,625175.0,0.0298,0.017,289,0.0664,0.0586,0.3159,-0.0125,-0.1497,0.0
202407,53051,"pend oreille, wa",549938.0,0.0092,0.0741,89,0.1346,0.3409,47.0,0.3676,0.0333,26,-0.2778,-0.1875,0,,,0.0,0.0,0.0,34.0,0.2143,0.0625,0.248,0.0127,-0.008,26.0,0.275,-0.1207,310.0,0.0504,0.1559,1876.0,-0.0797,-0.0911,739190.0,0.0332,0.2027,114,0.1515,0.2258,0.2881,0.0317,-0.1513,0.0
202407,53019,"ferry, wa",399000.0,-0.0025,0.1114,45,0.0227,0.6667,72.0,0.5889,0.9067,10,0.25,-0.1667,0,,,0.0,0.0,0.0,14.0,0.75,0.75,0.2108,0.0948,0.0441,9.0,-0.3462,0.2143,246.0,0.0002,-0.0979,1796.0,-0.0066,0.4531,562297.0,-0.0263,0.1482,54,-0.0357,0.6364,0.1889,-0.1066,-0.0704,0.0
202407,53057,"skagit, wa",699975.0,0.0,0.001,293,0.0034,0.465,47.0,0.1625,0.0941,168,-0.0455,0.4,0,,-1.0,0.0,0.0,-0.0087,122.0,0.3261,0.6944,0.1881,0.0286,0.053,193.0,0.0577,0.4366,372.0,-0.0194,0.0364,1998.0,0.0171,-0.0116,899022.0,-0.0103,-0.032,485,0.0168,0.4521,0.657,0.0337,-0.013,0.0
202407,53039,"klickitat, wa",656475.0,0.0101,0.0225,112,0.0931,0.4671,52.0,0.04,0.04,24,-0.5,0.5,2,-0.5,,0.0114,-0.0166,0.0114,40.0,0.1111,0.25,0.2442,0.0475,-0.0225,25.0,-0.1379,-0.2647,331.0,0.0568,0.1007,2046.0,0.023,0.0149,873043.0,0.0747,0.1973,137,0.0301,0.2804,0.2242,-0.0601,-0.2232,0.0
202407,53001,"adams, wa",344925.0,0.0452,-0.0472,51,0.1222,0.2949,37.0,0.0,-0.2745,14,-0.5,-0.125,0,,,0.0,0.0,0.0,12.0,0.5,2.0,0.1096,-0.0116,0.0541,34.0,0.2143,0.7,174.0,-0.0403,-0.1628,1903.0,0.033,-0.0349,366799.0,0.0193,-0.1007,87,0.1849,0.4417,0.6733,0.051,0.1604,0.0
202407,53027,"grays harbor, wa",419913.0,0.0046,0.0022,455,0.1044,0.3872,56.0,0.0472,0.2759,146,-0.131,-0.0641,0,,,0.0,0.0,0.0,182.0,0.3,0.3382,0.2484,0.0473,0.0408,128.0,0.0537,-0.0414,295.0,-0.0141,-0.0045,1492.0,0.0003,-0.0057,496594.0,0.0183,-0.0074,582,0.093,0.2505,0.2802,-0.0135,-0.1253,0.0
202407,53009,"clallam, wa",699000.0,0.0672,0.0754,229,0.0482,0.2837,46.0,0.2105,-0.098,118,-0.0167,0.2826,0,,,0.0,0.0,0.0,114.0,0.5833,0.7813,0.2634,0.0964,0.089,112.0,0.1313,0.12,325.0,0.0116,0.0125,2180.0,0.009,0.0401,786894.0,0.0122,-0.0006,339,0.0884,0.2133,0.4902,0.036,-0.0716,0.0
202407,53025,"grant, wa",459000.0,0.02,0.1477,277,0.126,0.2765,53.0,0.1053,-0.186,136,0.619,0.5455,0,,-1.0,0.0,0.0,-0.0084,94.0,0.3056,0.2368,0.1681,0.0113,-0.0054,155.0,0.0544,0.0616,255.0,0.0018,0.0169,1793.0,0.0219,0.0406,534046.0,0.0195,0.0517,432,0.1105,0.2169,0.5596,-0.038,-0.1132,0.0
202407,53031,"jefferson, wa",793221.0,0.0302,0.0513,129,0.062,0.3385,44.0,0.1892,0.0,50,-0.2647,-0.2188,0,,,0.0,0.0,0.0,52.0,0.4444,0.4444,0.2232,0.0863,0.0625,54.0,0.2,-0.2059,376.0,0.005,-0.0313,2014.0,-0.0022,-0.0606,938455.0,0.025,0.0485,185,0.0947,0.1563,0.4202,0.0483,-0.2881,0.0
202407,53021,"franklin, wa",499113.0,0.0188,-0.0018,197,0.1193,0.4593,39.0,0.2188,-0.3217,106,-0.1167,0.2045,2,-0.5,-0.75,0.0045,-0.0059,-0.0224,68.0,-0.1053,0.7,0.1677,-0.0247,0.033,72.0,-0.0526,-0.027,266.0,0.0032,0.0248,2090.0,-0.001,0.0173,594600.0,0.0545,0.0088,270,0.0569,0.2895,0.3655,-0.0663,-0.1827,0.0
202407,53037,"kittitas, wa",743749.0,0.0007,-0.0083,362,0.097,0.6995,58.0,0.2234,0.25,98,-0.2344,0.3611,0,,,0.0,0.0,0.0,132.0,0.2222,0.375,0.2273,0.0449,-0.0351,107.0,-0.0932,0.5507,430.0,-0.0004,0.0724,2033.0,-0.0031,-0.0783,1055333.0,0.0007,-0.0357,468,0.0482,0.6877,0.2956,-0.062,-0.0284,0.0
202407,53011,"clark, wa",670700.0,-0.0187,0.0241,1433,0.0518,0.4397,49.0,0.1023,0.3108,738,-0.0538,0.1903,200,-0.1379,4.5556,0.0681,-0.0086,0.0533,768.0,0.0847,0.8641,0.248,0.0181,0.0784,923.0,-0.0405,0.0324,314.0,-0.007,0.0357,2199.0,-0.0064,-0.0262,851955.0,-0.014,-0.0079,2353,0.0131,0.2668,0.6443,-0.062,-0.2542,0.0
202407,53015,"cowlitz, wa",538950.0,-0.0191,0.0285,290,0.1837,0.3551,45.0,0.0349,-0.0111,138,-0.0417,0.0147,36,-0.1,8.0,0.0662,-0.0092,0.0579,160.0,0.1429,0.7391,0.2568,0.0106,0.0811,164.0,0.0155,-0.0268,285.0,0.0218,0.0555,2010.0,-0.0427,-0.0056,638258.0,0.0007,0.0351,454,0.1225,0.181,0.5638,-0.0933,-0.2213,0.0
202407,53049,"pacific, wa",412450.0,0.0313,-0.0284,228,0.1548,0.413,58.0,0.0,-0.08,56,-0.2222,-0.0667,0,,,0.0,0.0,0.0,60.0,0.5,0.1538,0.1879,0.0369,-0.0069,43.0,0.3871,-0.1887,294.0,-0.0002,0.0131,1502.0,0.004,-0.0193,489586.0,-0.0083,0.0059,271,0.2207,0.2431,0.189,0.0317,-0.1402,0.0
202406,53063,"spokane, wa",525000.0,-0.0149,-0.0094,1361,0.1708,0.4236,31.0,0.1698,0.0333,852,-0.0296,0.0812,28,-0.1765,0.75,0.0089,-0.0029,0.0029,664.0,0.5587,0.4756,0.1958,0.0525,0.0283,915.0,0.0088,-0.0343,239.0,-0.0286,0.0317,2300.0,-0.0048,-0.0208,643952.0,-0.0187,0.0133,2289,0.1039,0.1997,0.6723,-0.1079,-0.3188,0.0
202406,53041,"lewis, wa",524900.0,0.05,-0.0456,268,0.1429,0.6543,45.0,0.0349,0.0,120,0.0,0.3043,0,-1.0,,0.0,-0.0047,0.0,120.0,0.25,0.8182,0.2429,0.0248,0.0465,99.0,-0.0748,0.2774,281.0,0.0097,-0.0199,1920.0,0.0068,0.0277,596613.0,0.0338,-0.0102,365,0.1044,0.5145,0.3694,-0.0869,-0.109,0.0
202406,53009,"clallam, wa",655000.0,-0.01,0.014,218,0.1913,0.3093,38.0,0.2258,-0.0256,120,0.0526,0.2245,0,,,0.0,0.0,0.0,72.0,0.1613,0.2414,0.1671,0.0105,0.0185,99.0,-0.1081,-0.066,322.0,-0.0108,0.0184,2160.0,0.0033,0.0393,777406.0,-0.0097,-0.0009,311,0.0874,0.1248,0.4541,-0.1524,-0.1825,0.0
202406,53005,"benton, wa",549900.0,0.0086,0.0027,595,0.0769,0.1806,44.0,0.0233,0.0,296,-0.0067,-0.0133,12,0.5,-0.3333,0.0122,0.0044,-0.0059,176.0,0.0864,-0.0638,0.1796,0.02,-0.0042,197.0,0.0591,0.0884,264.0,-0.008,0.0039,2171.0,0.0153,-0.004,606335.0,0.0099,0.0125,791,0.0769,0.1531,0.3311,-0.0056,-0.028,0.0
202406,53031,"jefferson, wa",770000.0,0.0069,0.0343,121,0.1635,0.5125,37.0,0.1385,0.1212,68,-0.0286,0.36,0,,,0.0,0.0,0.0,36.0,0.2,1.0,0.1369,-0.0229,0.0358,45.0,0.4516,-0.2241,374.0,0.0151,-0.043,2019.0,0.0024,-0.0268,915539.0,0.0542,0.0455,169,0.2519,0.2202,0.3719,0.0738,-0.3531,0.0
202406,53027,"grays harbor, wa",418000.0,0.0019,0.0061,412,0.0646,0.5119,53.0,0.1337,0.191,168,-0.0345,0.2174,0,-1.0,,0.0,-0.0026,0.0,140.0,0.1475,0.3208,0.2011,0.0177,0.001,121.0,0.0901,-0.0936,299.0,0.0214,0.0653,1491.0,-0.0003,-0.02,487660.0,0.0075,0.0449,532,0.0835,0.3217,0.2937,0.0069,-0.1962,0.0
202406,53025,"grant, wa",450000.0,0.0917,0.1251,246,0.0,0.2424,48.0,0.3287,-0.1593,84,-0.4,0.2353,0,-1.0,,0.0,-0.0113,0.0,72.0,0.3846,0.8,0.1569,0.0577,0.0576,147.0,-0.0265,-0.0696,254.0,0.0196,0.036,1754.0,0.006,0.0328,523829.0,0.0436,0.0554,389,-0.0139,0.102,0.5976,-0.0163,-0.2004,0.0
202406,53043,"lincoln, wa",407275.0,0.0708,-0.0939,58,-0.0085,0.0265,52.0,0.3506,0.04,20,-0.1667,0.0,0,,,0.0,0.0,0.0,20.0,0.25,1.0,0.1786,0.0221,0.0763,19.0,-0.0732,-0.0256,196.0,0.082,-0.0297,2128.0,0.04,-0.0191,485963.0,0.1227,-0.0395,77,-0.0253,0.0199,0.3276,-0.0228,-0.0175,0.0
202406,53021,"franklin, wa",489900.0,0.0283,-0.061,176,0.1246,0.2482,32.0,-0.1688,-0.3786,120,0.2,0.875,4,,0.0,0.0105,0.0105,-0.0052,76.0,0.52,0.7273,0.1924,0.0397,0.0197,76.0,-0.0256,0.2358,265.0,-0.0088,0.0288,2092.0,0.0481,0.0122,563844.0,-0.0309,-0.0268,255,0.1087,0.2439,0.4318,-0.0666,-0.0044,1.0
202406,53047,"okanogan, wa",507475.0,0.0227,0.0074,184,0.0308,0.368,51.0,0.2289,0.1397,56,-0.3333,0.0,0,,,0.0,0.0,0.0,52.0,0.2381,0.8571,0.1728,0.0269,0.0648,51.0,0.1333,-0.0286,293.0,0.0032,0.0806,1728.0,0.007,-0.0861,709063.0,-0.0509,-0.1683,239,0.0814,0.2781,0.2772,0.0251,-0.1132,0.0
202406,53071,"walla walla, wa",511094.0,0.0463,-0.0613,159,0.1042,0.7966,44.0,-0.0222,-0.0737,80,-0.0476,0.8182,0,,,0.0,0.0,0.0,64.0,0.28,0.6,0.1957,0.0353,-0.0311,102.0,0.1657,0.8889,248.0,0.0275,-0.0422,2156.0,-0.0439,-0.0469,616898.0,0.0244,-0.0425,258,0.1026,0.7855,0.6415,0.0339,0.0313,1.0
202406,53077,"yakima, wa",434000.0,0.0284,0.0674,327,0.0481,0.3002,47.0,0.0682,0.119,172,0.0118,-0.0115,8,1.0,0.0,0.0115,0.0056,-0.001,108.0,0.2,0.102,0.1626,0.023,0.0118,194.0,0.0718,-0.0871,228.0,-0.0053,0.0151,1919.0,0.0186,0.0147,487973.0,0.0363,-0.0354,517,0.0476,0.1276,0.5933,0.0131,-0.2517,0.0
202406,53011,"clark, wa",683510.0,0.0038,0.0286,1362,0.1214,0.5261,44.0,0.1733,0.4667,780,0.0986,0.0569,232,0.5065,1.7619,0.0767,0.022,0.0423,708.0,0.2826,1.2548,0.2299,0.0409,0.1021,962.0,0.0577,0.0982,317.0,-0.0024,0.0286,2213.0,0.0048,-0.0206,864041.0,-0.0064,0.0059,2322,0.0904,0.3145,0.7063,-0.0426,-0.2752,0.0
202406,53061,"snohomish, wa",839950.0,0.003,0.0297,1030,0.1873,0.4949,26.0,0.4054,-0.0877,1096,-0.0805,0.3734,64,1.1333,5.4,0.0186,0.009,0.0142,508.0,0.5488,1.1167,0.1472,0.0475,0.0461,1326.0,0.0429,0.5401,420.0,0.004,0.046,2058.0,-0.007,-0.0347,953834.0,-0.0032,-0.0103,2374,0.1011,0.5237,1.2874,-0.1783,0.0377,0.0
202406,53055,"san juan, wa",1300000.0,0.0614,-0.0189,138,0.1646,0.0824,59.0,0.2857,0.1642,36,-0.3333,0.2857,0,,,0.0,0.0,0.0,36.0,1.25,1.0,0.1923,0.1029,0.0906,23.0,-0.0417,-0.0612,651.0,0.0274,0.0097,2112.0,0.0488,-0.0312,2432674.0,0.0902,-0.1663,163,0.1359,0.0654,0.1667,-0.0359,-0.0255,0.0
202406,53015,"cowlitz, wa",549450.0,0.0232,-0.0356,245,0.0082,0.3102,43.0,0.2836,0.1026,144,-0.1325,0.1613,40,1.5,2.3333,0.0753,0.0442,0.0493,140.0,0.1864,0.8919,0.2463,0.0225,0.0854,161.0,0.0627,0.019,279.0,-0.0096,0.0142,2100.0,0.0245,-0.0093,637813.0,0.0306,0.009,404,0.0521,0.1727,0.6571,0.0337,-0.1878,0.0
202406,53039,"klickitat, wa",649900.0,0.0486,0.0029,102,0.3784,0.5111,50.0,-0.0783,-0.0385,48,0.8462,0.5,4,,,0.028,0.028,0.028,36.0,0.8,0.3846,0.1967,0.0412,0.0083,29.0,-0.1212,-0.1944,313.0,0.0074,0.0454,2000.0,-0.0225,-0.0727,812370.0,0.0738,0.0753,133,0.2146,0.285,0.2843,-0.1616,-0.249,0.0
202406,53057,"skagit, wa",699999.0,0.0145,0.105,292,0.0157,0.4785,40.0,0.4815,0.1429,176,-0.2414,0.5439,0,-1.0,,0.0,-0.0081,0.0,92.0,0.0,0.122,0.1594,0.0249,-0.0243,182.0,0.2727,0.4109,379.0,0.0202,0.0984,1964.0,0.0015,-0.0038,908405.0,0.0113,0.03,477,0.1003,0.4565,0.6233,0.1259,-0.0299,0.0
202406,53017,"douglas, wa",622000.0,-0.0764,0.1014,122,0.1845,0.6376,39.0,0.3805,0.0263,52,-0.2571,0.0833,0,,,0.0,0.0,0.0,56.0,0.75,1.8,0.2705,0.1392,0.1545,55.0,0.0,0.4474,310.0,0.0094,0.1034,2132.0,-0.0211,-0.0319,792307.0,-0.0637,0.1879,177,0.1167,0.5733,0.4508,-0.0832,-0.0592,0.0
202406,53049,"pacific, wa",399950.0,-0.0245,-0.0578,197,0.1939,0.3356,58.0,0.0222,-0.0574,72,0.0588,0.2857,0,,,0.0,0.0,0.0,40.0,-0.2308,0.0526,0.1509,-0.0407,-0.0081,31.0,-0.2051,-0.1948,294.0,-0.0119,0.018,1496.0,0.0064,-0.0227,493693.0,-0.0185,0.0111,222,0.1017,0.2131,0.1574,-0.079,-0.1037,0.0
202406,53059,"skamania, wa",740000.0,0.0526,0.0034,64,0.1228,0.9104,50.0,0.0638,0.3158,28,0.0769,1.8,4,,,0.0412,0.0412,0.0412,28.0,0.5556,1.8,0.2783,0.1092,0.0911,19.0,0.2258,0.8095,340.0,0.029,-0.0598,2038.0,0.0069,-0.1514,1029073.0,0.111,0.108,85,0.1806,0.9318,0.2969,0.0249,-0.0166,1.0
202406,53023,"garfield, wa",260450.0,0.0194,-0.3213,3,0.0,-0.5,59.0,0.4048,0.6738,4,,0.0,0,,,0.0,0.0,0.0,0.0,-1.0,-1.0,0.0,-0.1818,-0.1538,3.0,-0.25,0.2,113.0,-0.0161,-0.3471,2445.0,0.4554,-0.0269,333550.0,0.3106,-0.3859,7,0.0,-0.2222,1.0,-0.3333,0.5833,1.0
202406,53069,"wahkiakum, wa",629000.0,0.0,0.2097,27,0.125,0.1739,51.0,-0.342,0.9804,12,2.0,0.5,0,,,0.0,0.0,0.0,8.0,1.0,-0.5,0.1633,0.049,-0.2609,8.0,0.0,0.4545,305.0,-0.0355,0.112,1952.0,0.0044,-0.0775,652048.0,-0.0151,0.1472,36,0.1613,0.2,0.2963,-0.037,0.0572,0.0
202406,53075,"whitman, wa",465000.0,-0.0409,-0.0126,124,0.004,0.3626,59.0,0.3563,0.6054,52,0.04,0.0833,0,,,0.0,0.0,0.0,64.0,0.1429,1.1333,0.3137,0.0326,0.1312,26.0,0.04,-0.1034,210.0,-0.0163,-0.0225,2348.0,0.0082,0.0314,502487.0,-0.0011,-0.0615,152,0.0305,0.2459,0.2097,0.0072,-0.109,0.0
202406,53051,"pend oreille, wa",544900.0,-0.058,-0.0523,78,0.4182,0.322,34.0,-0.1169,-0.0423,36,0.125,0.125,0,,,0.0,0.0,0.0,28.0,0.75,0.4,0.2353,0.0907,0.0746,20.0,0.0526,-0.2453,295.0,-0.0735,0.1745,2039.0,-0.0166,-0.0818,715428.0,-0.0839,0.1007,99,0.3289,0.1579,0.2564,-0.089,-0.1927,0.0
202406,53073,"whatcom, wa",699995.0,0.0023,0.0732,502,0.067,-0.002,36.0,0.2203,-0.0649,324,-0.0122,0.0728,4,,0.0,0.0035,0.0035,-0.0002,152.0,0.3571,-0.038,0.1287,0.0381,-0.0163,295.0,0.0315,-0.0017,388.0,0.0054,0.1049,1866.0,-0.0262,-0.0284,951965.0,0.0036,0.1423,797,0.0542,-0.0056,0.5876,-0.0202,0.0002,0.0
202406,53013,"columbia, wa",327500.0,0.0015,-0.2681,20,0.0256,0.6667,61.0,-0.2924,0.6133,8,-0.2,0.3333,0,,,0.0,0.0,0.0,8.0,1.0,,0.2162,0.1213,0.2162,9.0,0.3846,0.6364,182.0,0.0523,0.2437,1863.0,-0.0202,-0.247,350430.0,-0.0227,-0.2575,29,0.16,0.7059,0.45,0.1167,-0.0083,1.0
202406,53007,"chelan, wa",660000.0,-0.1194,-0.0386,445,0.3735,1.1498,57.0,0.5168,0.2556,112,-0.4167,0.1915,4,,1.0,0.0057,0.0057,0.0005,124.0,0.1273,0.8788,0.1774,-0.007,0.0124,117.0,0.0541,0.3146,355.0,-0.1227,-0.0341,1715.0,-0.1572,-0.1516,787547.0,-0.1845,-0.1552,555,0.2773,0.8718,0.2629,-0.0797,-0.167,0.0
202406,53033,"king, wa",851950.0,0.0023,-0.0839,3864,0.1633,0.5905,30.0,0.2245,0.0169,3128,-0.007,0.3277,76,0.1875,1.1111,0.0078,0.0007,0.0026,1412.0,0.3397,0.6573,0.1443,0.0335,0.0214,2828.0,-0.0091,0.2937,545.0,-0.0167,-0.0045,1761.0,0.0132,-0.0923,1351920.0,-0.0227,-0.0836,6730,0.0895,0.4583,0.7319,-0.1274,-0.1679,0.0
202406,53019,"ferry, wa",400000.0,0.074,0.0025,44,0.1733,1.2564,45.0,-0.1589,0.4516,8,-0.6364,0.0,0,,,0.0,0.0,0.0,8.0,-0.3333,1.0,0.1159,-0.0762,0.0145,13.0,-0.037,2.25,246.0,0.0507,-0.0289,1808.0,0.0232,0.1556,577488.0,-0.0123,0.1788,56,0.1089,1.3333,0.2955,-0.0645,0.0903,0.0
202406,53045,"mason, wa",539000.0,0.0436,0.0807,230,0.0824,0.6197,44.0,0.375,0.2394,120,-0.0164,0.3636,4,,0.0,0.0084,0.0084,-0.0042,124.0,0.2653,0.8788,0.2749,0.0523,0.0675,113.0,0.1357,0.2841,311.0,-0.0081,-0.013,1815.0,0.0389,0.0412,649003.0,0.0138,-0.0746,343,0.0994,0.4816,0.4913,0.0231,-0.1284,0.0
202406,53003,"asotin, wa",407450.0,-0.0945,-0.0909,66,0.1681,0.2336,52.0,-0.0957,0.1685,28,0.0769,0.2727,0,,,0.0,0.0,0.0,24.0,1.0,-0.0769,0.1905,0.0838,-0.0688,30.0,-0.0323,0.1538,231.0,-0.0556,0.0858,2125.0,0.0083,-0.0492,572963.0,-0.0327,-0.0129,96,0.0847,0.2387,0.4545,-0.0941,-0.0314,0.0
202406,53001,"adams, wa",330000.0,0.0,-0.1009,45,-0.0526,0.25,37.0,-0.2449,-0.3621,28,0.75,1.8,0,,,0.0,0.0,0.0,8.0,0.0,-0.5,0.1212,0.0226,-0.0933,28.0,0.2727,0.1915,182.0,-0.0554,-0.2034,1842.0,0.0722,-0.0299,359858.0,0.043,-0.139,73,0.0355,0.2066,0.6222,0.1591,-0.0306,1.0
202406,53035,"kitsap, wa",624990.0,-0.0182,-0.0377,607,0.0927,0.9393,37.0,0.4231,0.1746,380,-0.1556,0.0556,28,0.2727,2.5,0.0187,0.0041,0.0105,220.0,0.0092,0.6418,0.147,0.0115,0.0154,530.0,0.0271,0.3486,309.0,-0.01,0.0129,2070.0,-0.0084,-0.0235,877312.0,-0.0045,-0.0454,1130,0.0521,0.6006,0.8731,-0.0557,-0.3824,0.0
202406,53037,"kittitas, wa",743250.0,0.0088,-0.0465,330,0.0662,0.8283,47.0,0.3926,0.2703,128,-0.1688,0.3061,0,,,0.0,0.0,0.0,108.0,0.0189,0.8,0.1824,-0.0146,0.0074,118.0,0.2967,0.6738,430.0,-0.0085,0.0765,2040.0,-0.0183,-0.1009,1054552.0,0.0254,-0.0735,446,0.1067,0.7734,0.3576,0.0636,-0.033,0.0
202406,53029,"island, wa",875000.0,0.0961,0.0979,275,-0.0334,0.4249,41.0,0.3443,0.1081,148,-0.119,0.0571,0,,,0.0,0.0,0.0,100.0,-0.0909,0.3514,0.1736,-0.0189,0.0259,160.0,0.2121,0.1307,412.0,0.0299,0.0326,2094.0,0.003,0.0299,1038341.0,0.0666,-0.0179,432,0.046,0.2915,0.5818,0.1178,-0.1513,0.0
202406,53053,"pierce, wa",635000.0,0.012,0.0,1723,0.1217,0.7892,33.0,0.1892,0.1379,1316,0.0092,0.2486,56,-0.125,0.3333,0.0125,-0.0035,-0.0013,884.0,0.4212,0.9644,0.2013,0.0532,0.0587,1351.0,0.0349,0.1893,319.0,-0.0055,0.0151,2123.0,0.0136,-0.0193,760470.0,0.0063,-0.0335,3060,0.0828,0.4578,0.7841,-0.0658,-0.3955,0.0
202406,53067,"thurston, wa",595000.0,0.0358,0.0774,500,0.0235,0.5337,36.0,0.3091,0.2,396,-0.0876,-0.0616,16,0.3333,0.6,0.0119,0.003,0.0038,264.0,0.2336,1.1639,0.1914,0.0389,0.0917,485.0,0.0887,0.2095,301.0,-0.0036,0.0456,2079.0,0.0246,-0.0023,722759.0,0.0327,0.0395,979,0.0327,0.3466,0.97,0.058,-0.2601,0.0
202406,53065,"stevens, wa",500000.0,-0.0361,-0.0652,204,0.1895,0.186,46.0,0.1084,0.2778,88,0.0732,0.0732,4,,,0.0107,0.0107,0.0107,56.0,0.1667,-0.1515,0.1617,0.0101,-0.0333,67.0,0.072,-0.2164,254.0,-0.0242,-0.0382,2128.0,0.0115,0.0462,607056.0,-0.0094,-0.0228,271,0.1631,0.0545,0.3284,-0.036,-0.1687,0.0
202405,53005,"benton, wa",545200.0,0.0097,-0.017,553,0.0812,0.2037,43.0,-0.1134,0.0,298,0.0276,0.1288,8,-0.6,-0.6923,0.0078,-0.0125,-0.0192,162.0,0.0253,-0.0122,0.1596,0.0048,-0.0152,186.0,-0.0287,-0.0262,266.0,-0.0072,0.0133,2138.0,0.0232,-0.041,600410.0,0.0165,-0.0159,735,0.0485,0.13,0.3367,-0.0381,-0.0795,0.0
202405,53053,"pierce, wa",627500.0,0.004,0.0,1536,0.271,0.8928,28.0,-0.1048,-0.0431,1304,0.0619,0.3279,64,0.2308,0.7778,0.016,0.0017,0.0028,622.0,0.3581,1.0733,0.1481,0.0235,0.0415,1306.0,0.0128,0.2559,321.0,-0.0073,0.0354,2094.0,0.022,-0.0254,755683.0,-0.0016,-0.0107,2826,0.1315,0.5177,0.8499,-0.2167,-0.431,0.0
202405,53009,"clallam, wa",661625.0,0.0419,0.0544,183,0.2664,0.2119,31.0,-0.1268,-0.1268,114,-0.0952,-0.0952,0,-1.0,,0.0,-0.0049,0.0,62.0,0.2917,0.069,0.1565,0.0296,0.0067,111.0,0.0326,0.0278,325.0,0.0146,0.0358,2153.0,0.0023,0.0562,785047.0,0.0071,0.0434,286,0.1486,0.1172,0.6066,-0.1374,-0.1087,0.0
202405,53067,"thurston, wa",574450.0,0.0267,0.008,489,0.2606,0.7292,28.0,-0.2029,-0.0678,434,0.1302,0.233,12,-0.6,0.5,0.0089,-0.0169,0.0008,214.0,0.5286,1.0189,0.1526,0.0338,0.0424,446.0,0.0826,0.2479,302.0,0.0184,0.0622,2029.0,0.0155,-0.0476,699839.0,0.0133,-0.0395,948,0.191,0.4755,0.912,-0.15,-0.3517,0.0
202405,53057,"skagit, wa",690000.0,0.0535,0.0547,288,0.4447,0.6152,27.0,-0.1,-0.2703,232,0.45,0.4872,6,-0.25,,0.0081,-0.0076,0.0081,92.0,0.6429,0.3529,0.1346,0.0152,-0.0172,143.0,0.1486,0.0214,372.0,0.0328,0.0822,1961.0,-0.0183,-0.0014,898296.0,-0.0294,0.0965,434,0.3359,0.3762,0.4974,-0.1282,-0.2891,0.0
202405,53055,"san juan, wa",1224750.0,0.0412,-0.0542,119,0.2742,0.134,46.0,-0.2155,0.1098,54,0.1739,-0.0357,0,,,0.0,0.0,0.0,16.0,0.3333,0.1429,0.0894,0.0146,0.0178,24.0,0.0909,-0.1429,634.0,0.0578,-0.0053,2014.0,0.0469,-0.0153,2231484.0,0.1809,-0.2372,144,0.2478,0.0954,0.2025,-0.034,-0.0654,0.0
202405,53027,"grays harbor, wa",417200.0,-0.0055,0.0176,387,0.2585,0.6125,47.0,0.0275,0.0506,174,0.1447,0.381,2,,,0.0026,0.0026,0.0026,122.0,0.4186,0.2449,0.1834,0.033,-0.0139,111.0,0.0673,-0.0939,293.0,0.0092,0.0322,1492.0,-0.0037,0.0095,484032.0,-0.0058,0.0829,491,0.1946,0.3489,0.2868,-0.0514,-0.2236,0.0
202405,53007,"chelan, wa",749500.0,0.0374,0.1075,324,0.3758,0.8202,37.0,0.2016,-0.0915,192,0.2632,0.7143,0,,,0.0,0.0,0.0,110.0,0.8333,0.8333,0.1844,0.0599,0.0314,111.0,0.2198,0.2,405.0,-0.0052,0.1193,2035.0,0.0218,0.0641,965778.0,0.0404,0.0901,435,0.3308,0.6063,0.3426,-0.0438,-0.1771,1.0
202405,53041,"lewis, wa",499925.0,-0.0015,-0.1183,235,0.1696,0.6514,43.0,-0.0227,-0.2522,120,0.1765,0.3953,2,-0.5,0.0,0.0047,-0.0053,-0.0011,96.0,0.0,0.8462,0.2181,-0.0152,0.0624,107.0,-0.0317,0.1204,279.0,-0.0188,-0.0296,1907.0,0.0144,-0.0165,577103.0,-0.0051,-0.0589,331,0.0593,0.3916,0.4563,-0.0948,-0.2162,1.0
202405,53073,"whatcom, wa",698375.0,-0.0347,0.0392,471,0.2431,0.0318,30.0,-0.0781,-0.2027,328,0.0719,-0.1183,0,-1.0,-1.0,0.0,-0.0021,-0.0055,112.0,0.4359,0.0182,0.0907,0.0121,-0.0104,286.0,0.0875,0.0233,386.0,0.0018,0.1022,1916.0,0.0014,-0.0369,948588.0,-0.0263,0.0985,756,0.1767,0.0265,0.6079,-0.087,-0.0051,0.0
202405,53003,"asotin, wa",449975.0,0.0758,-0.0185,57,0.018,0.1188,58.0,0.122,0.4465,26,0.3,0.0,0,-1.0,-1.0,0.0,-0.0171,-0.0179,12.0,0.2,-0.1429,0.1067,0.0158,-0.0345,31.0,-0.0159,0.1071,244.0,0.0716,0.1306,2108.0,0.0693,0.0122,592315.0,0.0556,0.0594,89,0.0172,0.1346,0.5487,-0.0189,-0.0058,0.0
202405,53045,"mason, wa",516475.0,0.0345,0.0285,213,0.2687,0.7562,32.0,0.0323,-0.0376,122,0.0167,0.0,0,-1.0,,0.0,-0.0048,0.0,98.0,0.5806,1.8824,0.2227,0.0562,0.1115,100.0,0.1056,0.1371,313.0,0.0284,-0.0161,1747.0,0.013,0.0511,640164.0,-0.0232,-0.0988,312,0.2,0.4964,0.4682,-0.0691,-0.2549,0.0
202405,53025,"grant, wa",412213.0,0.0243,0.0325,246,0.1576,0.2713,36.0,-0.1875,-0.2704,140,0.1667,0.4583,6,2.0,,0.0113,0.0071,0.0113,52.0,0.04,0.1818,0.0991,-0.0145,0.0043,151.0,0.1185,-0.0592,250.0,0.0328,0.0101,1744.0,0.0003,0.0651,501940.0,-0.0027,0.0328,395,0.1353,0.1207,0.6138,-0.0215,-0.2156,0.0
202405,53037,"kittitas, wa",736750.0,-0.0258,-0.0787,310,0.4005,1.2841,34.0,0.0887,0.015,154,0.0845,0.375,0,-1.0,,0.0,-0.009,0.0,106.0,0.8276,1.4091,0.1971,0.0688,0.0544,91.0,0.0581,0.3188,433.0,0.0128,0.0861,2078.0,-0.0149,-0.083,1028430.0,-0.0348,-0.0942,403,0.3042,0.9469,0.294,-0.0951,-0.2152,0.0
202405,53061,"snohomish, wa",837475.0,0.0584,0.0468,868,0.458,0.4804,19.0,-0.1957,-0.3148,1192,0.234,0.4789,30,-0.1667,0.875,0.0096,-0.0037,0.0026,328.0,0.9759,0.9759,0.0997,0.041,0.0209,1272.0,0.0291,0.4976,419.0,0.0121,0.0366,2073.0,0.0666,-0.018,956939.0,0.0357,0.0005,2156,0.1692,0.4993,1.4657,-0.6108,0.0169,0.0
202405,53013,"columbia, wa",327000.0,-0.0437,-0.1267,20,0.1818,1.2941,86.0,-0.5022,0.6765,10,4.0,1.5,0,,,0.0,0.0,0.0,4.0,1.0,,0.0949,0.0377,0.0949,7.0,-0.0714,-0.2778,173.0,-0.0497,0.1153,1902.0,0.2757,-0.1943,358569.0,-0.022,-0.1946,25,0.0638,0.4286,0.3333,-0.0909,-0.7255,1.0
202405,53029,"island, wa",798250.0,-0.0139,-0.0013,285,0.2844,0.5983,31.0,0.1619,-0.0963,168,-0.0345,0.0633,0,-1.0,-1.0,0.0,-0.0039,-0.0087,110.0,0.4474,0.4474,0.1925,0.0493,0.0262,132.0,0.0518,0.0435,400.0,0.0124,0.062,2087.0,0.0307,0.0315,973484.0,0.0157,-0.0662,413,0.1902,0.3519,0.464,-0.1026,-0.2467,0.0
202405,53017,"douglas, wa",673425.0,-0.0704,0.1592,103,0.4714,0.9252,28.0,-0.343,-0.4115,70,0.5217,1.0588,0,,,0.0,0.0,0.0,32.0,0.3333,0.7778,0.1313,-0.0093,-0.0167,55.0,0.1224,0.4667,307.0,-0.0014,0.1051,2178.0,-0.0352,0.0215,846201.0,-0.0336,0.3831,159,0.3432,0.7809,0.534,-0.166,-0.167,1.0
202405,53077,"yakima, wa",422000.0,0.0108,0.0169,312,0.0417,0.3305,44.0,-0.0112,0.1069,170,0.0241,0.0897,4,1.0,0.0,0.0059,0.0028,-0.0008,90.0,0.0976,0.2162,0.1395,0.0166,0.0054,181.0,-0.0423,-0.0055,230.0,-0.0171,0.0166,1884.0,0.0145,-0.0119,470886.0,0.0151,-0.0767,494,0.0102,0.182,0.5801,-0.0509,-0.196,0.0
202405,53019,"ferry, wa",372450.0,0.0276,-0.0642,38,0.1905,1.7778,54.0,-0.1832,0.3375,22,0.8333,1.75,0,,,0.0,0.0,0.0,12.0,,2.0,0.1922,0.1922,0.084,14.0,0.5882,0.9286,234.0,0.1484,-0.076,1767.0,-0.0264,-0.0183,584654.0,0.1246,0.2378,51,0.2625,1.4634,0.36,0.0902,-0.1585,1.0
202405,53015,"cowlitz, wa",536975.0,0.0438,-0.0579,243,0.296,0.3425,34.0,-0.3649,-0.2209,166,0.2576,0.1528,16,-0.3846,-0.1111,0.0311,-0.0208,-0.0062,118.0,0.1346,1.1852,0.2237,0.0086,0.114,152.0,-0.0846,0.0033,281.0,0.0025,0.0392,2049.0,0.0803,-0.0455,618860.0,0.05,-0.0311,384,0.0956,0.1619,0.6235,-0.2592,-0.2108,0.0
202405,53071,"walla walla, wa",488500.0,-0.036,-0.1288,144,0.166,0.5484,45.0,0.0227,0.0778,84,0.1351,0.1667,0,,,0.0,0.0,0.0,50.0,0.25,0.3158,0.1604,0.0282,-0.0075,88.0,-0.125,0.6204,241.0,-0.0047,-0.0631,2255.0,-0.0127,0.0253,602183.0,-0.0054,-0.061,234,0.0612,0.5973,0.6076,-0.2021,0.027,1.0
202405,53051,"pend oreille, wa",578475.0,-0.0594,0.1716,55,0.1224,0.1957,39.0,0.0769,0.2833,32,0.6,0.0667,0,,,0.0,0.0,0.0,16.0,0.1429,0.6,0.1446,0.004,0.0398,19.0,-0.0952,-0.1739,318.0,-0.0666,0.4251,2073.0,-0.0977,-0.083,780919.0,-0.2821,0.2006,75,0.0567,0.0876,0.3455,-0.0831,-0.1545,0.0
202405,53065,"stevens, wa",518725.0,0.0083,0.0129,172,0.3398,0.3831,42.0,-0.0879,0.328,82,0.1389,-0.2407,0,-1.0,,0.0,-0.0074,0.0,48.0,0.4118,0.0909,0.1516,0.0184,0.0186,63.0,0.1161,-0.2604,260.0,-0.0288,0.0019,2104.0,-0.0238,0.0075,612837.0,0.0065,-0.0095,233,0.2629,0.1229,0.3644,-0.0731,-0.317,0.0
202405,53021,"franklin, wa",476425.0,-0.0421,-0.0666,157,0.0399,0.1139,39.0,-0.287,-0.172,100,0.2821,-0.0196,0,-1.0,-1.0,0.0,-0.0183,-0.0286,50.0,0.3889,0.4706,0.1527,0.039,0.0376,78.0,-0.0429,0.2787,267.0,-0.0252,0.014,1996.0,0.0057,-0.016,581833.0,-0.0202,0.0405,230,-0.0086,0.1471,0.4984,-0.0431,0.0642,0.0
202405,53047,"okanogan, wa",496225.0,0.0291,-0.0381,179,0.3029,0.5063,42.0,-0.0621,-0.0829,84,0.4483,0.1351,0,,,0.0,0.0,0.0,42.0,0.9091,1.1,0.1459,0.0618,0.0542,45.0,0.0714,0.6364,292.0,0.0579,0.1292,1716.0,0.0239,-0.0784,747099.0,0.0019,-0.1113,221,0.2486,0.5137,0.2521,-0.0545,0.02,0.0
202405,53069,"wahkiakum, wa",629000.0,0.0485,0.1284,24,0.0667,0.5,77.0,-0.2549,0.3767,4,-0.3333,-0.6667,0,,,0.0,0.0,0.0,4.0,-0.3333,0.0,0.1143,-0.0286,-0.0047,8.0,0.2308,1.6667,316.0,0.0935,0.1845,1944.0,-0.107,-0.0895,662052.0,0.0553,0.106,31,0.0877,0.5122,0.3333,0.0444,0.1458,0.0
202405,53011,"clark, wa",680950.0,0.02,0.0171,1215,0.186,0.6204,38.0,-0.0506,0.087,710,-0.0431,-0.0559,154,-0.4615,0.2833,0.0547,-0.0536,0.0026,552.0,0.0222,0.9714,0.189,-0.0029,0.0673,910.0,0.0341,0.1146,317.0,0.0101,0.027,2203.0,0.0048,-0.0276,869620.0,0.0227,-0.0048,2130,0.1176,0.3712,0.7489,-0.11,-0.3399,0.0
202405,53075,"whitman, wa",484825.0,0.0266,0.0586,124,0.133,0.6039,44.0,0.1447,0.2985,50,-0.2424,-0.1667,0,,,0.0,0.0,0.0,56.0,0.75,1.1538,0.2811,0.1189,0.125,25.0,-0.0741,-0.2857,213.0,-0.0094,0.001,2329.0,-0.0012,0.0009,503021.0,-0.0153,-0.0556,148,0.0688,0.3229,0.2024,-0.0453,-0.2521,0.0
202405,53031,"jefferson, wa",764700.0,0.0789,0.0369,104,0.3595,0.3248,33.0,-0.3868,0.3265,70,1.1875,-0.125,0,,-1.0,0.0,0.0,-0.0189,30.0,0.25,0.5,0.1598,-0.0167,0.0615,31.0,-0.0313,-0.4095,368.0,0.0541,-0.0032,2014.0,0.0076,-0.0093,868470.0,0.1006,-0.0003,135,0.2558,0.0305,0.2981,-0.1202,-0.3707,0.0
202405,53063,"spokane, wa",532950.0,0.02,0.0152,1163,0.2341,0.4343,27.0,-0.1167,-0.0862,878,0.0023,0.1314,34,0.3077,0.7,0.0118,0.002,0.0038,426.0,0.2909,0.2171,0.1432,0.0183,0.0078,907.0,0.0455,-0.0659,246.0,0.0056,0.0579,2311.0,0.0286,0.0058,656226.0,0.0096,0.0531,2074,0.1468,0.1652,0.7802,-0.1407,-0.4178,0.0
202405,53039,"klickitat, wa",619750.0,0.0382,-0.0936,74,0.0647,0.3097,54.0,0.0534,-0.0313,26,-0.1333,-0.2353,0,-1.0,,0.0,-0.0168,0.0,20.0,-0.1667,0.6667,0.1555,-0.0472,0.0621,33.0,0.2941,0.2692,311.0,0.0236,0.0229,2046.0,0.0371,-0.0969,756542.0,0.0888,-0.0688,110,0.1406,0.3273,0.4459,0.079,-0.0142,0.0
202405,53023,"garfield, wa",255500.0,-0.2076,-0.3132,3,-0.1429,-0.3333,42.0,-0.3538,0.3548,0,-1.0,-1.0,0,,,0.0,0.0,0.0,2.0,,,0.1818,0.1818,0.1818,4.0,-0.2,0.3333,115.0,-0.2708,-0.2221,1680.0,-0.4537,-0.3731,254500.0,-0.5648,-0.5825,7,-0.1765,-0.0667,1.3333,-0.0952,0.6667,1.0
202405,53001,"adams, wa",330000.0,-0.0658,-0.1287,48,0.0556,0.2025,49.0,-0.0926,-0.4571,16,0.1429,0.3333,0,,,0.0,0.0,0.0,8.0,-0.4286,-0.3333,0.0986,-0.0639,-0.0374,22.0,-0.1373,-0.102,192.0,-0.0124,-0.173,1718.0,0.0167,-0.1078,345008.0,-0.0285,-0.1883,71,-0.014,0.0846,0.4632,-0.1035,-0.1571,1.0
202405,53035,"kitsap, wa",636550.0,0.0029,-0.0206,556,0.3532,1.0018,26.0,-0.2409,-0.2624,450,-0.026,0.5411,22,0.1,0.5714,0.0146,-0.0011,-0.0005,218.0,0.4342,1.3191,0.1355,0.0262,0.0396,516.0,0.1014,0.2404,312.0,0.0065,0.002,2088.0,0.0097,-0.0135,881265.0,0.0468,-0.0793,1074,0.2218,0.5759,0.9289,-0.2124,-0.5702,0.0
202405,53059,"skamania, wa",703000.0,-0.0269,-0.0429,57,0.3256,1.28,47.0,-0.2389,0.3239,26,0.3,0.1818,0,-1.0,,0.0,-0.025,0.0,18.0,1.25,3.5,0.1691,0.0691,0.1048,16.0,0.0,-0.1143,331.0,-0.0168,-0.0292,2024.0,-0.003,-0.106,926277.0,-0.0129,0.0108,72,0.2308,0.6744,0.2719,-0.0885,-0.4281,0.0
202405,53049,"pacific, wa",410000.0,-0.0168,-0.0558,165,0.162,0.2992,56.0,0.0181,0.0321,68,0.619,0.5455,0,,,0.0,0.0,0.0,52.0,0.2381,0.1818,0.1917,-0.0005,-0.0178,39.0,-0.0824,-0.1236,298.0,-0.0272,0.0453,1487.0,0.0024,-0.0324,502997.0,-0.0116,0.0523,202,0.0921,0.1647,0.2364,-0.0629,-0.114,0.0
202405,53033,"king, wa",849975.0,0.0,-0.0904,3322,0.3051,0.5481,25.0,-0.125,-0.1552,3150,0.0335,0.3792,64,-0.2,2.2,0.007,-0.002,0.0039,1054.0,0.55,0.5014,0.1108,0.0295,0.0068,2854.0,0.0285,0.2894,554.0,-0.0057,0.0181,1738.0,0.0049,-0.1155,1383257.0,-0.0095,-0.0737,6177,0.1626,0.4104,0.8593,-0.2311,-0.1724,0.0
202405,53043,"lincoln, wa",380363.0,-0.0772,-0.1519,59,0.1584,0.2062,39.0,-0.2596,-0.1444,24,0.0909,0.2,0,,,0.0,0.0,0.0,16.0,1.6667,0.0,0.1564,0.0857,-0.0236,21.0,0.4643,0.0,181.0,-0.0323,-0.1609,2046.0,0.0387,0.0395,432871.0,-0.0211,-0.1396,79,0.2441,0.1449,0.3504,0.0732,-0.0723,1.0
202404,53033,"king, wa",850000.0,0.0006,-0.0811,2545,0.1542,0.3139,28.0,-0.0345,-0.0667,3048,0.2637,0.4626,80,0.1111,3.0,0.009,-0.0018,0.0055,680.0,0.1972,0.2593,0.0813,-0.0008,-0.0073,2775.0,0.1429,0.4058,558.0,0.0038,0.0218,1730.0,0.0114,-0.1131,1396532.0,0.0036,-0.0553,5313,0.1411,0.354,1.0904,-0.0108,0.0713,0.0
202404,53057,"skagit, wa",654975.0,-0.0224,-0.0184,199,0.2675,0.2284,30.0,-0.1667,-0.3182,160,0.1765,0.2903,8,1.0,1.0,0.0157,0.0063,0.0072,56.0,0.4,0.2727,0.1194,0.025,0.0149,125.0,0.0826,-0.0423,360.0,-0.0048,0.0765,1998.0,-0.0578,-0.0827,925487.0,-0.0141,0.1009,325,0.193,0.1,0.6256,-0.1069,-0.1768,0.0
202404,53055,"san juan, wa",1176250.0,-0.0198,-0.059,93,0.2568,0.069,58.0,-0.4957,0.6111,46,1.3,0.15,0,,,0.0,0.0,0.0,12.0,-0.25,0.5,0.0748,-0.0574,0.0181,22.0,0.6923,0.0476,599.0,0.0506,-0.061,1924.0,-0.0334,-0.0256,1889726.0,0.2281,-0.3504,115,0.369,0.036,0.2366,0.0609,-0.0048,0.0
202404,53019,"ferry, wa",362450.0,-0.0335,-0.0201,32,0.125,2.15,66.0,-0.385,-0.4883,12,0.5,2.0,0,,,0.0,0.0,0.0,0.0,,-1.0,0.0,0.0,-0.1212,9.0,-0.0556,0.0625,204.0,0.1218,-0.2105,1815.0,0.0443,0.0868,519882.0,0.0695,0.3469,40,0.1111,1.2222,0.2698,-0.0516,-0.5302,1.0
202404,53077,"yakima, wa",417500.0,0.006,0.0464,300,0.0891,0.343,45.0,-0.2937,0.0349,166,0.2206,0.0641,2,,-0.5,0.0031,0.0031,-0.0039,82.0,0.2059,-0.0238,0.1229,0.0036,-0.0377,189.0,0.2434,0.05,234.0,-0.0067,0.054,1857.0,0.0383,-0.0125,463872.0,0.001,-0.0829,489,0.1334,0.2002,0.6311,0.0783,-0.1761,0.0
202404,53003,"asotin, wa",418276.0,0.033,0.0483,56,-0.0089,0.2614,51.0,-0.2882,0.3487,20,-0.2857,-0.4444,2,,,0.0171,0.0171,0.0171,10.0,-0.1667,0.25,0.0909,0.0177,0.0049,32.0,0.0161,0.0862,228.0,-0.0042,0.1099,1971.0,0.0282,-0.0223,561091.0,0.0252,0.1789,87,0.0,0.1918,0.5676,0.014,-0.0915,0.0
202404,53029,"island, wa",809500.0,0.0582,0.1362,222,0.4966,0.4966,26.0,-0.3895,-0.1667,174,0.5,0.3182,2,-0.5,,0.0039,-0.0068,0.0039,76.0,0.7273,1.1111,0.1432,0.0418,0.0534,126.0,0.1306,0.0287,395.0,-0.0187,0.1008,2025.0,0.007,-0.0339,958463.0,-0.0174,-0.0405,347,0.3398,0.29,0.5666,-0.1834,-0.2577,0.0
202404,53001,"adams, wa",353225.0,-0.0179,-0.0823,45,0.125,0.125,54.0,-0.194,-0.5462,14,-0.125,0.1667,0,,-1.0,0.0,0.0,-0.0548,14.0,0.75,2.5,0.1625,0.0649,0.099,26.0,0.0625,0.1087,195.0,-0.018,-0.1884,1690.0,-0.0311,-0.1036,355146.0,-0.0608,-0.1132,72,0.1349,0.1349,0.5667,-0.0333,-0.0083,0.0
202404,53023,"garfield, wa",322450.0,0.3015,0.0931,4,-0.125,0.1667,65.0,0.215,0.6667,2,-0.5,,0,,,0.0,0.0,0.0,0.0,,,0.0,0.0,0.0,5.0,0.25,1.5,158.0,0.1968,0.2757,3075.0,0.6125,0.15,584753.0,0.2666,0.1328,9,0.0625,0.2143,1.4286,0.4286,0.7619,0.0
202404,53041,"lewis, wa",500700.0,-0.0552,0.0034,201,-0.0074,0.3828,44.0,-0.3529,-0.2787,102,0.1087,0.5938,4,,,0.01,0.01,0.01,96.0,0.4118,1.0,0.2333,0.053,0.0672,111.0,0.4167,0.151,284.0,-0.0171,0.0409,1880.0,-0.0329,-0.0312,580044.0,-0.0187,-0.0192,312,0.0947,0.3109,0.5511,0.165,-0.1109,0.0
202404,53021,"franklin, wa",497350.0,0.001,-0.0616,151,-0.0594,0.2754,54.0,0.0189,0.0693,78,-0.1875,-0.025,6,0.5,,0.0183,0.0068,0.0183,36.0,-0.1,0.2857,0.1137,-0.0117,-0.0015,82.0,-0.0298,0.4818,274.0,0.0108,0.0452,1985.0,0.0241,-0.0494,593843.0,0.0352,0.0663,232,-0.0453,0.3647,0.5415,0.0165,0.0754,0.0
202404,53025,"grant, wa",402450.0,0.0093,0.0594,213,0.1806,0.2801,44.0,-0.2414,-0.2479,120,0.3043,0.3043,2,-0.5,-0.75,0.0042,-0.0058,-0.0161,50.0,0.25,0.5625,0.1137,0.0242,0.0356,135.0,0.1345,-0.0426,242.0,0.0194,-0.001,1743.0,0.0223,0.1032,503302.0,0.0573,0.096,348,0.1246,0.1319,0.6353,-0.0258,-0.2141,0.0
202404,53035,"kitsap, wa",634733.0,0.0579,0.0457,411,0.0918,0.4766,34.0,-0.1438,-0.0867,462,0.3588,0.75,20,-0.375,0.0,0.0157,-0.0118,-0.0064,152.0,0.4074,0.6522,0.1092,0.0175,-0.0021,469.0,0.1771,0.446,310.0,0.0443,0.0169,2068.0,0.0019,-0.0419,841890.0,0.0605,-0.1051,879,0.1127,0.4601,1.1413,0.0828,-0.0242,1.0
202404,53009,"clallam, wa",635000.0,0.0645,0.0601,145,0.156,0.1289,36.0,-0.1744,0.1452,126,0.2115,0.26,2,,,0.0049,0.0049,0.0049,48.0,0.2,0.7143,0.1269,0.0053,0.0462,108.0,0.1813,-0.0046,320.0,0.0137,0.0189,2148.0,0.074,0.1118,779497.0,0.0832,0.0739,249,0.1636,0.0462,0.7439,0.0159,-0.0998,0.0
202404,53053,"pierce, wa",625000.0,-0.0157,0.0,1209,0.1989,0.7166,31.0,-0.0882,-0.1622,1228,0.3465,0.5274,52,-0.381,-0.0714,0.0143,-0.012,-0.0081,458.0,0.2312,1.1204,0.1245,0.0033,0.0373,1289.0,0.1417,0.3275,323.0,0.0115,0.0441,2049.0,-0.0339,-0.0575,756875.0,-0.0087,-0.0211,2498,0.1557,0.484,1.0666,-0.0534,-0.3126,0.0
202404,53075,"whitman, wa",472250.0,0.0494,0.0069,109,0.1596,0.7302,38.0,-0.05,-0.1556,66,0.5,0.65,0,,,0.0,0.0,0.0,32.0,0.0,0.1429,0.1622,-0.0455,0.0004,27.0,0.35,-0.2895,215.0,0.022,-0.0316,2331.0,-0.009,0.0279,510822.0,0.0438,-0.0429,138,0.2105,0.4227,0.2477,0.0349,-0.3555,0.0
202404,53045,"mason, wa",499250.0,0.0679,-0.0427,168,0.3294,0.5952,31.0,-0.3111,-0.4259,120,0.5,0.6667,2,-0.8333,-0.75,0.0048,-0.0342,-0.0241,62.0,0.9375,0.7222,0.1665,0.0549,0.012,90.0,0.25,0.2329,305.0,0.0534,-0.0044,1725.0,-0.0812,-0.0377,655370.0,0.016,-0.1787,260,0.3472,0.4607,0.5373,-0.0341,-0.1579,0.0
202404,53043,"lincoln, wa",412162.0,0.0991,0.0053,51,0.0521,0.2625,52.0,0.0,-0.0545,22,0.375,0.375,0,,,0.0,0.0,0.0,6.0,0.5,-0.25,0.0707,0.0187,-0.0332,14.0,0.1667,-0.3,187.0,0.0821,-0.1031,1970.0,0.0197,0.0244,442185.0,0.0148,-0.0922,64,0.0583,0.0583,0.2772,0.0272,-0.2228,0.0
202404,53071,"walla walla, wa",506750.0,-0.0064,-0.1482,124,0.1651,0.8712,44.0,-0.2072,0.0115,74,0.2333,0.5417,0,,,0.0,0.0,0.0,40.0,0.4286,1.5,0.1322,0.0253,0.0466,100.0,0.1364,0.7544,243.0,-0.0202,-0.0348,2284.0,0.0018,0.0288,605441.0,0.0093,-0.0844,221,0.1425,0.7362,0.8097,-0.0205,-0.0539,1.0
202404,53013,"columbia, wa",341950.0,0.0686,-0.3328,17,-0.0294,1.3571,172.0,0.1886,0.0044,2,-0.5,,0,,,0.0,0.0,0.0,2.0,-0.5,-0.5,0.0571,-0.0967,-0.1782,7.0,0.0,-0.3636,182.0,0.1428,-0.0611,1491.0,-0.3015,-0.3732,366651.0,0.0229,-0.3737,24,-0.06,0.3824,0.4242,0.0125,-1.1472,1.0
202404,53007,"chelan, wa",722475.0,0.0324,0.0656,236,0.3935,0.3692,31.0,-0.2955,-0.3737,152,0.52,0.6522,0,,,0.0,0.0,0.0,60.0,0.875,1.5,0.1245,0.0361,0.0535,91.0,0.2639,0.0706,407.0,0.0429,0.1966,1992.0,0.0125,0.0372,928268.0,0.0608,0.0488,327,0.3548,0.3327,0.3864,-0.0396,-0.1078,0.0
202404,53061,"snohomish, wa",791248.0,0.021,-0.0535,595,0.1486,0.1667,23.0,-0.0417,-0.1786,966,0.0977,0.5189,36,-0.1,2.0,0.0133,-0.0034,0.0072,166.0,0.2206,0.0921,0.0587,0.005,-0.0129,1236.0,0.0895,0.5779,414.0,0.0136,0.0349,1943.0,-0.0046,-0.1353,923929.0,0.0235,-0.0424,1844,0.1169,0.4284,2.0765,-0.1127,0.5412,0.0
202404,53059,"skamania, wa",722450.0,0.1306,0.0516,43,0.2286,1.2632,62.0,-0.0644,0.8712,20,0.6667,0.25,2,,,0.025,0.025,0.025,8.0,0.0,1.0,0.1,-0.0481,0.0184,16.0,0.2917,-0.0882,336.0,-0.0007,0.0065,2030.0,0.003,0.0027,938339.0,0.0008,0.0847,59,0.2447,0.625,0.3605,0.0176,-0.5343,0.0
202404,53015,"cowlitz, wa",514450.0,0.0718,-0.0895,188,-0.0625,0.1574,53.0,-0.1758,-0.1134,132,0.32,0.32,26,-0.2778,5.5,0.0519,-0.0303,0.0418,104.0,0.1818,1.6,0.2151,0.0142,0.1151,166.0,0.1906,0.1993,281.0,0.0073,0.0132,1897.0,0.0412,-0.1342,589371.0,0.0559,-0.079,351,0.037,0.1722,0.8827,0.1877,0.0308,0.0
202404,53031,"jefferson, wa",708750.0,0.0125,0.0125,77,0.125,0.4167,53.0,0.06,-0.0185,32,0.1429,-0.3333,0,,,0.0,0.0,0.0,24.0,0.5,0.2,0.1765,0.0543,0.0404,32.0,-0.0857,-0.3043,349.0,-0.0068,-0.05,1999.0,-0.0008,0.0794,789118.0,-0.0121,0.0133,108,0.075,0.075,0.4183,-0.0964,-0.4336,0.0
202404,53039,"klickitat, wa",596950.0,0.0384,-0.1411,70,0.39,0.4479,52.0,-0.5072,-0.3563,30,0.0714,0.875,2,-0.5,,0.0168,-0.0163,0.0168,24.0,0.2,2.0,0.2027,0.014,0.1027,26.0,-0.0192,0.1591,304.0,0.0348,-0.015,1973.0,0.0106,0.0488,694826.0,0.069,-0.0923,96,0.2308,0.3913,0.3669,-0.1531,-0.0914,1.0
202404,53005,"benton, wa",539950.0,0.0285,-0.0225,511,0.0803,0.2617,49.0,-0.049,-0.1182,290,0.3182,0.1154,20,1.5,1.5,0.0203,0.011,0.01,158.0,0.0676,0.463,0.1548,-0.0174,0.0149,192.0,0.1134,0.1265,268.0,0.0092,0.031,2090.0,0.0159,-0.0503,590637.0,0.0045,-0.0162,701,0.0877,0.2098,0.3748,0.0111,-0.045,0.0
202404,53069,"wahkiakum, wa",599900.0,-0.0402,0.134,23,0.1842,0.7308,103.0,0.051,0.2047,6,0.5,0.5,0,,,0.0,0.0,0.0,6.0,,-0.25,0.1429,0.1429,-0.1905,7.0,0.0833,-0.0714,289.0,-0.0604,0.096,2176.0,-0.0108,-0.0563,627361.0,0.0042,-0.0369,29,0.0962,0.425,0.2889,-0.0269,-0.2496,0.0
202404,53063,"spokane, wa",522500.0,0.0166,0.005,942,0.176,0.3772,30.0,-0.1892,0.0345,876,0.4797,0.2235,26,-0.2778,0.0833,0.0098,-0.0067,-0.0018,330.0,0.2891,0.3306,0.1249,0.0029,0.0047,868.0,0.1598,0.0389,244.0,0.0173,0.0445,2247.0,0.0203,0.0175,650002.0,0.0571,0.0703,1808,0.1733,0.191,0.9209,-0.0129,-0.2998,0.0
202404,53051,"pend oreille, wa",614999.0,0.038,0.5974,49,0.1667,0.5313,36.0,-0.5938,-0.1686,20,0.25,-0.1667,0,,,0.0,0.0,0.0,14.0,0.75,0.75,0.1407,0.0547,0.0394,21.0,0.9091,-0.0455,341.0,0.0723,0.8455,2298.0,0.1604,0.1104,1087713.0,0.008,0.9507,71,0.3824,0.3056,0.4286,0.1667,-0.2589,1.0
202404,53073,"whatcom, wa",723500.0,-0.0021,0.1131,379,0.2744,0.0093,32.0,-0.2727,-0.2727,306,0.2966,0.1591,2,-0.5,-0.75,0.0021,-0.0032,-0.0068,78.0,0.1471,-0.1522,0.0786,-0.0082,-0.0177,263.0,0.0779,-0.0075,385.0,0.0114,0.0946,1914.0,-0.0044,0.0266,974252.0,-0.0101,0.1499,643,0.1876,0.0086,0.6948,-0.1267,-0.0118,0.0
202404,53065,"stevens, wa",514450.0,0.0291,0.0607,128,0.2075,0.3763,46.0,-0.3933,0.2297,72,0.3846,0.3846,2,-0.5,,0.0074,-0.0125,0.0074,34.0,0.2143,0.7,0.1333,-0.0096,0.0385,56.0,0.4359,-0.0968,268.0,0.0792,0.049,2155.0,-0.0614,0.0311,608878.0,-0.055,0.0042,185,0.2724,0.1981,0.4375,0.0696,-0.2292,0.0
202404,53037,"kittitas, wa",756250.0,0.0084,-0.0304,221,0.3987,1.0654,31.0,-0.4561,-0.38,142,0.3654,0.9722,4,,,0.009,0.009,0.009,58.0,1.9,0.6111,0.1282,0.0621,-0.022,86.0,0.3871,0.5636,428.0,-0.011,0.0427,2109.0,-0.0122,-0.0572,1065487.0,-0.013,-0.105,309,0.411,0.8841,0.3891,-0.0033,-0.1249,1.0
202404,53067,"thurston, wa",559495.0,0.0059,0.0081,388,0.0885,0.6146,35.0,-0.1154,0.0615,384,0.3333,0.5484,30,1.5,1.5,0.0257,0.0135,0.0121,140.0,0.25,1.3333,0.1188,0.0103,0.0502,412.0,0.1092,0.1825,297.0,0.0127,0.0718,1998.0,0.0257,-0.0726,690645.0,-0.0559,-0.0495,796,0.101,0.3868,1.0619,0.0198,-0.3881,0.0
202404,53049,"pacific, wa",417000.0,-0.0414,-0.0414,142,0.1833,0.1545,55.0,-0.1629,0.2701,42,-0.25,-0.25,0,,,0.0,0.0,0.0,42.0,0.3125,0.5,0.1921,0.0486,0.0698,43.0,0.0625,0.1184,306.0,-0.0563,0.0742,1483.0,-0.0094,-0.0288,508899.0,-0.0154,0.0832,185,0.146,0.1182,0.2993,-0.034,-0.0096,0.0
202404,53047,"okanogan, wa",482175.0,0.027,-0.0816,137,0.1709,0.6506,44.0,-0.4943,-0.4537,58,0.1154,0.8125,0,,,0.0,0.0,0.0,22.0,0.375,0.375,0.084,-0.0058,-0.0294,42.0,0.1667,0.5,276.0,0.0553,0.0712,1676.0,0.0161,-0.0984,745714.0,0.0019,-0.1928,177,0.1569,0.5664,0.3066,-0.0011,-0.0308,1.0
202404,53011,"clark, wa",667578.0,0.013,0.0194,1024,0.1545,0.5851,40.0,-0.1413,0.026,742,0.0848,0.3063,286,0.0214,2.9722,0.1083,-0.0117,0.0736,540.0,0.2617,2.2143,0.1919,0.0064,0.1055,880.0,0.0584,0.1348,314.0,0.0112,0.0237,2192.0,-0.0009,-0.0148,850304.0,0.0078,-0.0091,1906,0.1111,0.3457,0.8589,-0.078,-0.3408,0.0
202404,53017,"douglas, wa",724450.0,0.0814,0.2281,70,0.1475,0.0938,43.0,-0.3857,-0.3385,46,-0.0417,0.9167,0,,,0.0,0.0,0.0,24.0,1.0,0.2,0.1406,0.0632,0.0017,49.0,0.0652,0.225,307.0,0.0215,0.0693,2258.0,0.0224,0.0669,875598.0,0.071,0.4728,118,0.1028,0.1569,0.7,-0.0541,0.075,1.0
202404,53027,"grays harbor, wa",419500.0,0.0308,0.0294,308,0.1737,0.4171,46.0,-0.1415,0.0111,152,0.1515,0.1176,0,,,0.0,0.0,0.0,86.0,0.1944,0.3438,0.1504,0.0156,0.0131,104.0,-0.037,-0.0877,290.0,0.0389,0.0213,1497.0,0.0007,0.0088,486859.0,0.0367,0.0804,411,0.1108,0.2417,0.3382,-0.074,-0.1871,0.0
202403,53053,"pierce, wa",635000.0,0.0,0.0326,1008,0.0275,0.2973,34.0,-0.2184,-0.15,912,0.1149,0.0962,84,0.1053,1.1,0.0263,-0.0003,0.01,372.0,0.2568,0.3191,0.1212,0.0154,0.0067,1129.0,0.1047,0.2272,319.0,-0.0055,0.0641,2121.0,0.0035,-0.0358,763480.0,-0.0118,0.0275,2161,0.0857,0.2727,1.12,0.0782,-0.064,0.0
202403,53011,"clark, wa",659000.0,0.0111,0.0147,887,0.0201,0.4002,46.0,-0.2698,0.0055,684,0.2714,0.2527,280,0.5217,1.8571,0.1199,0.0359,0.0681,428.0,0.209,1.3261,0.1855,0.0166,0.0887,831.0,0.1423,0.1821,311.0,0.0011,0.0196,2194.0,0.006,0.0186,843724.0,0.0211,0.0142,1715,0.0783,0.2875,0.9369,0.1002,-0.1728,0.0
202403,53043,"lincoln, wa",375000.0,-0.0066,-0.0506,48,0.1163,0.5738,52.0,0.0097,-0.4734,16,0.1429,1.0,0,,,0.0,0.0,0.0,4.0,-0.5,-0.3333,0.0519,-0.0562,-0.0382,12.0,-0.0769,-0.3684,173.0,0.0,-0.0571,1932.0,0.0,-0.001,435745.0,-0.0124,-0.0115,60,0.0714,0.2,0.25,-0.0523,-0.373,1.0
202403,53049,"pacific, wa",435000.0,0.0241,0.0134,120,0.086,0.3043,66.0,-0.0865,0.056,56,2.1111,0.3333,0,,,0.0,0.0,0.0,32.0,0.7778,0.7778,0.1435,0.0266,0.0432,40.0,0.2308,0.039,324.0,0.0027,0.1534,1497.0,0.0396,-0.057,516866.0,0.0016,0.0812,161,0.1338,0.2337,0.3333,0.0392,-0.0851,0.0
202403,53003,"asotin, wa",404900.0,-0.0523,-0.0122,56,0.0182,0.5342,72.0,-0.4783,-0.2727,28,0.1667,0.5556,0,,,0.0,0.0,0.0,12.0,1.0,0.0,0.0732,0.0046,-0.0684,31.0,0.3778,-0.0313,229.0,0.0147,0.1026,1917.0,-0.1188,-0.1229,547318.0,-0.0655,0.1366,87,0.1154,0.3282,0.5536,0.1445,-0.3231,0.0
202403,53057,"skagit, wa",670000.0,-0.0279,0.0786,157,0.163,0.1214,36.0,-0.5,-0.3271,136,0.5814,0.3333,4,,,0.0094,0.0094,0.0094,40.0,0.0,0.0,0.0943,-0.0345,-0.0194,115.0,0.2707,0.055,361.0,0.0139,0.0708,2120.0,-0.0567,0.0477,938754.0,-0.0181,0.1978,272,0.2062,0.1148,0.7325,0.0621,-0.0461,0.0
202403,53013,"columbia, wa",320000.0,0.0087,-0.2205,17,-0.15,0.7895,145.0,0.2816,-0.0052,4,1.0,1.0,0,,,0.0,0.0,0.0,4.0,1.0,1.0,0.1538,0.095,0.0538,7.0,-0.1765,0.0769,159.0,0.1127,-0.0596,2134.0,0.0019,-0.1032,358429.0,0.0425,-0.3321,25,-0.1667,0.5625,0.4118,-0.0132,-0.2724,1.0
202403,53041,"lewis, wa",529950.0,-0.032,0.062,202,0.0745,0.3979,68.0,-0.3524,0.0968,92,0.4839,0.122,0,-1.0,,0.0,-0.019,0.0,68.0,0.2593,0.3077,0.1804,0.0082,0.0129,78.0,0.0986,-0.1568,289.0,0.0466,0.0775,1944.0,-0.0132,0.0428,591090.0,-0.0365,0.0114,285,0.1068,0.2128,0.3861,0.0085,-0.254,0.0
202403,53061,"snohomish, wa",775000.0,0.0438,-0.0369,518,0.1813,0.0137,24.0,-0.1864,-0.1273,880,0.2291,0.358,40,-0.1304,2.3333,0.0166,-0.0052,0.0104,136.0,0.7895,0.1525,0.0537,0.0197,-0.0085,1134.0,0.1691,0.545,408.0,0.0247,0.0453,1952.0,0.0006,-0.0847,902756.0,0.0213,-0.0186,1651,0.1722,0.3358,2.1892,-0.0229,0.7528,0.0
202403,53077,"yakima, wa",415000.0,0.0129,0.0782,275,0.0204,0.2881,63.0,-0.2174,0.3923,136,0.5455,0.0625,0,-1.0,-1.0,0.0,-0.004,-0.0038,68.0,0.36,0.3077,0.1193,0.0232,0.0183,152.0,-0.0065,-0.1364,235.0,0.0087,0.0794,1789.0,0.0068,-0.0311,463425.0,-0.0203,-0.0487,431,0.0141,0.1137,0.5527,-0.015,-0.2716,0.0
202403,53019,"ferry, wa",375000.0,0.0,-0.036,28,0.1667,0.931,107.0,-0.2947,-0.3217,8,0.0,,0,,,0.0,0.0,0.0,0.0,-1.0,,0.0,-0.037,0.0,9.0,0.6364,0.6364,182.0,-0.0505,-0.2487,1738.0,0.1206,-0.0471,486109.0,-0.0045,0.0383,36,0.2203,0.8462,0.3214,0.0923,-0.0579,0.0
202403,53071,"walla walla, wa",510000.0,0.0527,-0.014,106,-0.0407,0.4228,56.0,-0.3584,-0.0348,60,0.5,0.25,0,,,0.0,0.0,0.0,28.0,0.4,0.1667,0.1069,0.0085,-0.0313,88.0,0.76,0.8333,248.0,0.0139,0.0064,2280.0,0.0266,0.0807,599847.0,0.0753,-0.0469,193,0.1988,0.582,0.8302,0.3777,0.1859,0.0
202403,53035,"kitsap, wa",600000.0,0.0194,0.0042,376,0.0358,0.4162,40.0,-0.0698,-0.1209,340,0.3492,0.2143,32,0.4545,0.4545,0.0275,0.0058,0.0006,108.0,-0.129,0.102,0.0917,-0.034,-0.0269,398.0,0.1195,0.3492,297.0,0.0275,0.0066,2064.0,-0.0031,-0.0122,793851.0,0.078,-0.0623,790,0.1064,0.4095,1.0585,0.0792,-0.0526,0.0
202403,53045,"mason, wa",467500.0,0.0,-0.064,126,0.12,0.1887,45.0,-0.3309,-0.207,80,0.1429,0.1111,12,-0.1429,,0.039,-0.0175,0.039,32.0,0.0667,0.1429,0.1116,-0.0105,-0.0142,72.0,0.0588,0.1077,289.0,-0.0157,-0.0362,1877.0,0.0617,0.0529,645029.0,0.0218,-0.1284,193,0.0693,0.1287,0.5714,-0.033,-0.0418,0.0
202403,53015,"cowlitz, wa",480000.0,-0.004,-0.1523,200,-0.0148,0.108,64.0,-0.2,-0.0554,100,0.1364,-0.0385,36,-0.3333,2.0,0.0822,-0.0431,0.0544,88.0,0.0,0.2222,0.2009,-0.0006,0.0297,139.0,-0.0671,0.0296,279.0,0.0148,0.0169,1822.0,0.0,-0.1602,558148.0,-0.002,-0.1019,338,-0.0231,0.0747,0.695,-0.039,-0.0529,1.0
202403,53027,"grays harbor, wa",406950.0,0.0175,-0.0111,262,0.0871,0.2358,53.0,-0.416,-0.032,132,0.65,0.2,0,,,0.0,0.0,0.0,72.0,0.0588,0.2,0.1348,-0.0175,-0.0102,108.0,-0.0809,-0.0182,279.0,-0.018,-0.0024,1496.0,0.0017,0.0402,469631.0,0.0121,0.069,370,0.0379,0.1315,0.4122,-0.0753,-0.1067,0.0
202403,53031,"jefferson, wa",699995.0,0.0076,-0.0261,68,0.0382,0.3204,50.0,-0.3631,-0.4819,28,-0.125,0.2727,0,,,0.0,0.0,0.0,16.0,1.0,-0.1111,0.1221,0.0642,-0.0364,35.0,0.0145,-0.1026,352.0,-0.0165,-0.0167,2000.0,0.0076,-0.0308,798767.0,0.0112,-0.0013,100,0.0101,0.1111,0.5147,-0.012,-0.2426,0.0
202403,53007,"chelan, wa",699800.0,0.095,0.0227,169,0.2803,0.0596,44.0,-0.5533,-0.5204,100,0.8519,0.0417,0,-1.0,,0.0,-0.0078,0.0,32.0,0.6,-0.0588,0.0883,0.0115,-0.024,72.0,0.0435,0.2857,390.0,0.0624,0.167,1967.0,0.0176,-0.1039,875078.0,0.0677,-0.081,241,0.208,0.1699,0.426,-0.0967,0.0749,0.0
202403,53059,"skamania, wa",639000.0,0.0664,-0.0409,35,0.1864,1.0,66.0,-0.3774,-0.1565,12,0.0,0.0,0,,,0.0,0.0,0.0,8.0,-0.3333,,0.1481,-0.0725,0.1481,12.0,0.1429,0.0435,336.0,0.0934,0.017,2024.0,-0.0064,-0.0276,937581.0,-0.0146,0.1258,47,0.1605,0.5932,0.3429,-0.0131,-0.3143,0.0
202403,53025,"grant, wa",398750.0,-0.0018,0.0778,180,0.0056,0.1502,58.0,-0.2292,-0.072,92,0.4375,0.2432,4,,0.0,0.01,0.01,-0.0009,40.0,0.1111,0.5385,0.0895,-0.0104,0.0137,119.0,0.2461,-0.0165,237.0,0.0183,-0.0191,1705.0,-0.009,0.0996,476015.0,0.0255,0.0433,309,0.1115,0.1135,0.6611,0.1276,-0.1121,0.0
202403,53075,"whitman, wa",450000.0,-0.0341,-0.0494,94,0.2288,0.4135,40.0,-0.0857,-0.36,44,0.375,0.1,0,,,0.0,0.0,0.0,32.0,3.0,0.7778,0.2078,0.1496,0.0739,20.0,0.0,-0.3548,211.0,0.0037,-0.0487,2353.0,-0.0084,0.1016,489366.0,-0.0846,-0.0687,114,0.1753,0.1692,0.2128,-0.0487,-0.2534,0.0
202403,53065,"stevens, wa",499900.0,0.0659,0.0814,106,-0.0047,0.2184,75.0,-0.0033,0.3889,52,1.1667,0.04,4,,,0.0199,0.0199,0.0199,28.0,1.0,1.8,0.1429,0.051,0.0872,39.0,0.0541,-0.1236,248.0,0.0601,0.0254,2296.0,0.0224,0.0659,644335.0,0.0504,0.0741,145,0.0394,0.0821,0.3679,0.0205,-0.1436,0.0
202403,53005,"benton, wa",525000.0,0.0088,-0.0604,473,-0.0464,0.187,51.0,-0.2817,-0.113,220,0.0092,-0.0517,8,-0.5,0.0,0.0093,-0.0099,-0.0014,148.0,0.1935,0.1385,0.1721,0.025,0.0121,172.0,0.2419,0.0456,265.0,0.0091,0.0088,2057.0,0.0046,-0.0732,587980.0,0.0169,-0.0073,644,0.0174,0.1408,0.3636,0.0844,-0.0492,0.0
202403,53033,"king, wa",849500.0,0.0071,-0.0587,2205,0.1713,0.2062,29.0,-0.0333,0.0,2412,0.1858,0.1697,72,0.0,1.0,0.0108,-0.0013,0.0045,568.0,0.4129,0.0143,0.0821,0.0146,-0.0146,2428.0,0.1138,0.3545,556.0,-0.0105,0.0387,1710.0,0.027,-0.1208,1391493.0,-0.0193,-0.036,4656,0.1472,0.2912,1.1011,-0.0569,0.1206,0.0
202403,53037,"kittitas, wa",749950.0,0.0642,-0.0164,158,0.1575,0.6989,57.0,-0.3091,-0.0656,104,1.3636,1.0,0,,,0.0,0.0,0.0,20.0,-0.2308,0.0,0.0661,-0.0407,-0.0314,62.0,0.0081,0.0164,433.0,-0.0141,0.0594,2135.0,0.0258,-0.0372,1079497.0,-0.0065,-0.1035,219,0.1033,0.4084,0.3924,-0.0581,-0.2635,1.0
202403,53051,"pend oreille, wa",592500.0,0.0847,0.3622,42,0.0633,0.5,88.0,-0.0085,0.4667,16,0.6,0.1429,0,,,0.0,0.0,0.0,8.0,0.0,,0.086,-0.0557,0.086,11.0,0.0,-0.2143,318.0,0.2953,0.5916,1980.0,-0.1884,-0.0635,1079098.0,0.0014,1.1951,51,0.0408,0.275,0.2619,-0.0166,-0.2381,0.0
202403,53069,"wahkiakum, wa",625000.0,0.0311,0.2792,19,0.1875,0.4074,98.0,-0.0151,-0.1289,4,0.0,-0.6,0,,,0.0,0.0,0.0,0.0,-1.0,,0.0,-0.0769,0.0,6.0,-0.25,1.0,307.0,-0.0046,0.1075,2200.0,-0.0095,0.1653,624732.0,-0.0016,0.0311,26,0.0612,0.5758,0.3158,-0.1842,0.0936,0.0
202403,53029,"island, wa",765000.0,0.0685,0.1031,148,0.0571,0.117,43.0,-0.3879,0.1316,116,0.4146,-0.0169,4,0.0,1.0,0.0107,-0.0015,0.0052,44.0,0.6923,0.2941,0.1014,0.0198,-0.0019,111.0,0.2472,0.0137,403.0,0.0324,0.1401,2011.0,0.0095,-0.0154,975416.0,0.047,0.065,259,0.1435,0.0747,0.75,0.1143,-0.0764,0.0
202403,53009,"clallam, wa",596500.0,0.0162,0.0456,125,-0.0157,0.1211,43.0,-0.4469,-0.341,104,0.8571,0.4857,0,,,0.0,0.0,0.0,40.0,0.25,0.3333,0.1216,0.003,-0.0006,91.0,0.0769,0.052,316.0,0.0141,0.0246,2000.0,-0.0366,0.059,719621.0,-0.012,0.0327,214,0.0388,0.0781,0.728,0.0626,-0.0478,0.0
202403,53021,"franklin, wa",496850.0,0.0455,-0.069,160,-0.0751,0.5385,53.0,-0.1654,-0.2119,96,0.7143,0.3714,4,,,0.0115,0.0115,0.0115,40.0,-0.0476,0.25,0.1254,-0.0052,-0.0157,84.0,0.344,0.4359,271.0,0.0326,0.0578,1938.0,-0.0003,-0.0888,573636.0,0.0452,0.0489,243,0.0385,0.5093,0.525,0.1637,-0.0375,0.0
202403,53067,"thurston, wa",556200.0,-0.0242,0.0382,356,0.0595,0.3485,39.0,-0.0127,-0.2,288,0.0827,0.0588,12,-0.5,5.0,0.0122,-0.0136,0.0097,112.0,0.1667,0.4737,0.1084,0.0081,0.0188,371.0,0.0661,0.2346,293.0,0.0069,0.0689,1948.0,-0.0159,-0.0839,731502.0,-0.021,0.0497,723,0.0555,0.2596,1.0421,0.0064,-0.0961,0.0
202403,53017,"douglas, wa",669900.0,0.0476,0.1255,61,0.1193,-0.0161,70.0,-0.2045,-0.3427,48,0.8462,0.6,0,,,0.0,0.0,0.0,12.0,0.5,-0.25,0.0774,0.0079,-0.039,46.0,0.0575,0.4603,301.0,0.0086,0.0698,2208.0,0.056,-0.0312,817519.0,0.0326,0.3599,107,0.0918,0.1889,0.7541,-0.0441,0.246,0.0
202403,53055,"san juan, wa",1200000.0,-0.1111,0.0215,74,0.0278,0.287,115.0,-0.1255,-0.1815,20,0.0,-0.3333,0,,,0.0,0.0,0.0,16.0,3.0,0.1429,0.1322,0.0975,0.0108,13.0,0.0,-0.3659,570.0,-0.0713,-0.0616,1990.0,-0.0524,0.0776,1538705.0,-0.1429,-0.1004,84,-0.0233,0.0839,0.1757,-0.0049,-0.1808,0.0
202403,53001,"adams, wa",359650.0,-0.0142,0.012,40,0.039,-0.0698,67.0,-0.3333,-0.597,16,0.1429,0.3333,0,,,0.0,0.0,0.0,8.0,1.0,1.0,0.0976,0.0433,0.0411,24.0,0.2973,0.2973,198.0,-0.0102,-0.1288,1744.0,0.0019,-0.0047,378124.0,-0.0558,-0.0179,63,0.0957,0.008,0.6,0.1195,0.1698,0.0
202403,53063,"spokane, wa",513991.0,-0.0049,0.0282,801,0.0491,0.3692,37.0,-0.0067,0.0137,592,0.17,0.0725,36,-0.1429,0.3846,0.0166,-0.0053,0.0025,256.0,0.2075,0.5422,0.122,0.0153,0.0368,748.0,0.1024,-0.0073,240.0,-0.0045,0.0387,2202.0,-0.0051,0.0145,614908.0,-0.0035,0.0399,1541,0.0631,0.1517,0.9338,0.0452,-0.3542,0.0
202403,53023,"garfield, wa",247750.0,0.0819,0.1261,4,-0.2,0.3333,54.0,-0.1157,2.6897,4,1.0,1.0,0,,,0.0,0.0,0.0,0.0,-1.0,,0.0,-0.1818,0.0,4.0,0.6,0.3333,132.0,0.0824,0.0767,1907.0,0.0786,-0.2665,461680.0,-0.0192,0.7549,8,0.1429,0.3333,1.0,0.5,0.0,1.0
202403,53039,"klickitat, wa",574900.0,-0.0118,-0.1492,50,-0.0385,0.0989,105.0,-0.1883,-0.1399,28,0.75,0.5556,4,,1.0,0.0331,0.0331,0.0036,20.0,0.25,2.3333,0.1887,0.0106,0.1042,26.0,0.2683,0.5758,294.0,0.0283,-0.0545,1952.0,0.0072,-0.0032,649964.0,-0.0828,-0.1204,78,0.0833,0.2683,0.52,0.1258,0.1574,1.0
202403,53047,"okanogan, wa",469500.0,-0.0562,-0.0608,117,0.1878,0.4444,88.0,-0.3542,-0.3849,52,1.3636,1.1667,0,,,0.0,0.0,0.0,16.0,0.0,1.0,0.0899,0.0004,0.0302,36.0,0.2632,0.2203,261.0,-0.0371,0.002,1650.0,-0.0393,-0.0487,744323.0,-0.0437,-0.1568,153,0.2,0.3846,0.3077,0.0184,-0.0565,1.0
202403,53073,"whatcom, wa",725000.0,0.0395,0.1675,297,0.0051,-0.2132,44.0,-0.3952,-0.0486,236,0.4048,-0.0167,4,0.0,1.0,0.0053,-0.0008,0.003,68.0,0.0303,-0.0286,0.0867,-0.0117,0.0101,244.0,0.1482,0.0167,381.0,0.0271,0.0972,1922.0,-0.0194,0.0266,984179.0,0.0196,0.2047,541,0.0608,-0.1309,0.8215,0.1024,0.1858,0.0
202402,53037,"kittitas, wa",704725.0,0.0162,0.0228,137,-0.1107,0.5,83.0,-0.1057,-0.0294,44,0.4667,0.0,0,,,0.0,0.0,0.0,26.0,-0.1875,0.8571,0.1068,-0.0223,0.0364,62.0,0.1827,0.0885,439.0,0.0861,0.1808,2081.0,-0.0252,-0.0056,1086600.0,-0.0103,0.0565,199,-0.0341,0.3412,0.4505,0.1118,-0.1703,0.0
202402,53067,"thurston, wa",569998.0,0.0211,0.0605,336,-0.0233,0.1294,40.0,-0.4337,-0.4296,266,0.2202,0.4301,24,0.2,3.0,0.0258,0.0031,0.0182,96.0,-0.2381,0.0213,0.1004,-0.0432,-0.0253,348.0,0.2104,0.1717,291.0,0.0201,0.0486,1980.0,-0.0297,-0.026,747227.0,0.0048,0.0911,685,0.0925,0.1542,1.0357,0.2,0.0374,0.0
202402,53057,"skagit, wa",689225.0,-0.0078,0.1356,135,-0.0785,-0.1536,72.0,-0.0495,-0.0495,86,0.303,0.1316,0,,-1.0,0.0,0.0,-0.0104,40.0,0.25,0.0526,0.1288,0.0162,0.0218,91.0,0.183,-0.2642,357.0,-0.0156,0.0718,2248.0,0.0089,0.1423,956107.0,0.0506,0.2624,226,0.0135,-0.2102,0.6704,0.1482,-0.1008,0.0
202402,53055,"san juan, wa",1350000.0,0.0315,0.4458,72,0.036,0.2414,132.0,-0.0641,-0.1502,20,2.3333,1.5,0,,,0.0,0.0,0.0,4.0,-0.5,-0.3333,0.0347,-0.0537,-0.037,13.0,0.1818,-0.3659,614.0,-0.0006,0.1063,2100.0,-0.0384,0.2003,1795186.0,-0.1202,0.0669,86,0.0683,0.1026,0.1806,0.0223,-0.1729,1.0
202402,53073,"whatcom, wa",697475.0,-0.0018,0.1644,296,-0.0664,-0.1915,73.0,-0.1541,-0.0364,168,0.2537,-0.2,4,1.0,0.0,0.0061,0.0031,0.0009,66.0,0.1786,0.1,0.0985,0.0145,0.0205,213.0,0.0143,0.0192,371.0,-0.0024,0.0876,1960.0,-0.0033,0.0786,965286.0,0.0155,0.2072,510,-0.0304,-0.1146,0.7191,0.0572,0.1487,0.0
202402,53021,"franklin, wa",475213.0,-0.0481,-0.1104,173,-0.0416,0.6321,64.0,-0.2209,-0.352,56,0.0,0.12,0,,-1.0,0.0,0.0,-0.0182,42.0,0.5,0.4,0.1306,0.0415,-0.0123,63.0,0.2755,0.1161,263.0,0.0173,0.0268,1939.0,-0.0554,-0.0751,548808.0,-0.0256,0.0042,234,0.0174,0.4444,0.3613,0.0898,-0.167,1.0
202402,53069,"wahkiakum, wa",606175.0,-0.0203,0.2968,16,-0.1111,1.0,100.0,0.3584,-0.4033,4,1.0,1.0,0,,,0.0,0.0,0.0,2.0,,,0.0769,0.0769,0.0769,8.0,0.1429,-0.2,309.0,0.0046,0.1541,2221.0,-0.0641,0.1046,625761.0,-0.0925,-0.0229,25,-0.0392,0.4,0.5,0.1111,-0.75,1.0
202402,53071,"walla walla, wa",484450.0,0.0688,-0.0292,111,0.0625,0.5899,87.0,0.0328,0.0881,40,0.25,0.25,0,,,0.0,0.0,0.0,20.0,-0.0909,-0.0909,0.0983,-0.0154,-0.0649,50.0,-0.1071,0.1236,244.0,0.0265,0.005,2221.0,0.0073,0.0765,557843.0,0.0393,-0.1038,161,0.0126,0.4185,0.4525,-0.086,-0.1878,0.0
202402,53011,"clark, wa",651750.0,-0.0106,0.0146,870,-0.0398,0.2987,63.0,-0.1127,0.2857,538,0.098,0.3866,184,0.1795,0.5593,0.084,0.0076,0.0157,354.0,0.4874,0.883,0.1689,0.0447,0.0641,728.0,0.2166,0.0312,310.0,0.0005,0.0423,2181.0,-0.0059,0.0284,826262.0,0.0038,-0.0001,1591,0.06,0.1764,0.8367,0.1763,-0.2171,0.0
202402,53027,"grays harbor, wa",399935.0,0.0001,-0.0001,241,-0.1123,0.1005,91.0,0.0055,0.1902,80,-0.0698,-0.0698,0,-1.0,-1.0,0.0,-0.0089,-0.0098,68.0,-0.1053,0.3077,0.1523,-0.0239,0.0273,118.0,0.478,0.0682,284.0,0.0185,0.0264,1494.0,0.0,0.0226,464034.0,0.0021,0.101,357,0.023,0.0803,0.4876,0.1947,-0.0147,0.0
202402,53041,"lewis, wa",547450.0,-0.0001,0.1288,188,-0.0784,0.209,105.0,0.1141,0.1798,62,0.55,-0.1842,6,2.0,,0.019,0.0126,0.019,54.0,0.0385,0.125,0.1721,0.0007,0.0174,71.0,0.1639,-0.314,276.0,-0.0068,0.0348,1970.0,-0.002,0.0759,613455.0,-0.006,0.0621,258,-0.0228,0.0019,0.3777,0.0786,-0.2879,0.0
202402,53053,"pierce, wa",635000.0,0.0128,0.0601,981,-0.0258,0.1328,44.0,-0.275,-0.2689,818,0.3109,0.2984,76,-0.05,2.1667,0.0266,-0.0047,0.0163,296.0,0.0,-0.0133,0.1059,-0.0105,-0.0236,1022.0,0.1182,0.1932,321.0,0.017,0.0964,2114.0,0.0039,0.0036,772612.0,0.0057,0.0911,1991,0.0362,0.1623,1.0418,0.1341,0.0528,0.0
202402,53025,"grant, wa",399450.0,0.0177,0.1317,179,0.0499,0.1153,75.0,-0.0823,0.0985,64,-0.0303,0.2308,0,-1.0,-1.0,0.0,-0.0056,-0.006,36.0,0.8,0.5,0.0999,0.0326,0.0206,96.0,0.067,-0.0948,233.0,-0.025,-0.0169,1721.0,0.0188,0.1158,464175.0,0.0074,0.0732,278,0.0734,0.053,0.5335,0.0086,-0.1238,0.0
202402,53017,"douglas, wa",639450.0,-0.0158,0.0788,55,-0.121,-0.1417,88.0,-0.0222,-0.1498,26,0.0833,0.8571,0,,,0.0,0.0,0.0,8.0,-0.4286,-0.4286,0.0695,-0.0453,-0.0683,44.0,0.1154,1.0714,298.0,-0.0031,0.0825,2091.0,0.0101,-0.0819,791718.0,-0.0065,0.3483,98,-0.0101,0.2025,0.7982,0.1691,0.4675,1.0
202402,53051,"pend oreille, wa",546238.0,0.0246,0.5496,40,0.0533,0.4906,89.0,0.0597,0.2369,10,0.6667,-0.1667,0,,,0.0,0.0,0.0,8.0,0.3333,1.0,0.1417,0.0412,0.0655,11.0,-0.2414,-0.2414,245.0,-0.114,0.1564,2440.0,0.0023,0.3892,1077562.0,-0.0093,1.477,49,-0.0577,0.225,0.2785,-0.1082,-0.2687,1.0
202402,53075,"whitman, wa",465875.0,-0.0153,0.1226,77,0.0552,0.224,44.0,-0.2708,-0.4776,32,0.0667,-0.0588,0,,-1.0,0.0,0.0,-0.0152,8.0,-0.3333,-0.6364,0.0582,-0.0405,-0.105,20.0,0.2121,-0.3651,210.0,-0.014,-0.0347,2373.0,-0.0128,0.1504,534598.0,-0.0353,0.0791,97,0.1023,0.0157,0.2614,0.0339,-0.2426,0.0
202402,53077,"yakima, wa",409725.0,-0.0126,0.079,270,-0.1076,0.1493,81.0,0.122,0.3306,88,-0.0222,-0.3231,2,0.0,-0.6667,0.004,0.0001,-0.0076,50.0,-0.2424,-0.1071,0.0961,-0.0263,-0.013,153.0,0.1418,0.0588,233.0,0.0296,0.0965,1777.0,-0.0454,-0.0649,473014.0,-0.0226,0.0918,425,-0.0207,0.1273,0.5677,0.124,-0.0485,0.0
202402,53039,"klickitat, wa",581750.0,0.0225,-0.0781,52,-0.1034,0.2093,129.0,0.2262,0.0685,16,1.0,0.3333,0,-1.0,-1.0,0.0,-0.0196,-0.0235,16.0,1.0,1.0,0.1781,0.0868,0.0747,21.0,-0.0465,-0.1277,285.0,-0.0199,-0.0458,1938.0,0.0403,-0.0315,708642.0,0.0527,0.0449,72,-0.1,0.0746,0.3942,0.0235,-0.1523,0.0
202402,53003,"asotin, wa",427250.0,0.0095,0.0429,55,-0.0435,0.3253,138.0,0.0,0.4759,24,1.4,1.0,0,,,0.0,0.0,0.0,6.0,0.0,0.0,0.0686,-0.0024,-0.0109,23.0,0.4516,0.1538,226.0,0.0349,0.1184,2176.0,0.0533,0.024,585678.0,0.0123,0.2567,78,0.0909,0.2893,0.4091,0.1395,-0.0608,1.0
202402,53045,"mason, wa",467488.0,0.0082,-0.0135,113,-0.0891,0.1084,67.0,-0.066,-0.2569,70,0.8421,0.5217,14,,6.0,0.0565,0.0565,0.0479,30.0,-0.3182,0.25,0.1221,-0.0725,0.0136,68.0,0.0543,-0.0073,294.0,0.0153,0.0105,1768.0,0.0126,0.0178,631246.0,0.0645,-0.0996,181,-0.0599,0.0556,0.6044,0.0822,-0.0704,0.0
202402,53009,"clallam, wa",586988.0,-0.02,-0.0179,127,-0.083,-0.0039,78.0,-0.1385,-0.022,56,0.12,-0.125,0,,,0.0,0.0,0.0,32.0,0.6,0.0,0.1185,0.0419,-0.0053,85.0,0.6095,0.0242,312.0,-0.0179,0.0117,2076.0,-0.026,0.0394,728330.0,-0.0451,0.0195,206,0.1165,-0.0237,0.6654,0.2863,0.0183,0.0
202402,53001,"adams, wa",364825.0,-0.0597,0.0434,39,-0.0833,-0.0941,101.0,-0.0822,-0.4538,14,0.1667,0.1667,0,-1.0,,0.0,-0.0294,0.0,4.0,1.0,1.0,0.0542,0.026,0.0295,19.0,0.3214,-0.075,200.0,-0.1083,-0.1547,1741.0,-0.0019,-0.0418,400461.0,-0.0834,0.0319,58,0.036,-0.08,0.4805,0.1472,0.0099,0.0
202402,53019,"ferry, wa",375000.0,0.0,-0.0091,24,-0.1111,0.5,151.0,-0.0195,0.0962,8,1.0,0.3333,0,,,0.0,0.0,0.0,2.0,,0.0,0.037,0.037,-0.037,6.0,0.375,0.5714,191.0,-0.0613,-0.1992,1551.0,0.0602,-0.1469,488282.0,-0.0121,0.1359,30,-0.0484,0.5526,0.2292,0.081,0.0104,0.0
202402,53049,"pacific, wa",424750.0,-0.0006,-0.0168,111,-0.0714,0.3313,72.0,0.0547,-0.4173,18,-0.4706,-0.5714,0,,-1.0,0.0,0.0,-0.0121,18.0,-0.1818,3.5,0.1169,-0.0104,0.0877,33.0,0.0,-0.058,324.0,0.0211,0.2408,1440.0,-0.0303,-0.1084,516029.0,-0.0243,0.1329,142,-0.0502,0.2085,0.2941,0.021,-0.1215,0.0
202402,53007,"chelan, wa",639098.0,-0.0076,-0.087,132,-0.1511,-0.0671,99.0,-0.0199,-0.1225,54,2.0,0.2857,2,,,0.0078,0.0078,0.0078,20.0,-0.4444,-0.1667,0.0768,-0.068,-0.0348,69.0,0.2,0.5506,367.0,0.0133,0.0734,1933.0,-0.0153,-0.1447,819627.0,-0.0261,-0.1814,200,-0.059,0.1176,0.5227,0.153,0.2082,0.0
202402,53043,"lincoln, wa",377500.0,0.0,-0.0195,43,0.0886,0.2647,52.0,-0.5084,-0.4976,14,0.0,1.3333,0,,,0.0,0.0,0.0,8.0,3.0,0.0,0.1082,0.0754,-0.0241,13.0,0.4444,-0.2353,173.0,-0.11,-0.029,1932.0,0.0,0.0,441196.0,-0.0122,0.061,56,0.1789,0.098,0.3023,0.0745,-0.1977,1.0
202402,53029,"island, wa",715975.0,0.0106,0.0881,140,0.0294,0.0526,70.0,-0.0035,0.0407,82,0.4138,-0.1087,4,,,0.0121,0.0121,0.0121,26.0,-0.2778,-0.5185,0.0815,-0.0494,-0.0832,89.0,0.0171,-0.1401,390.0,0.0452,0.1383,1992.0,-0.0087,0.0324,931637.0,0.0594,0.1179,227,0.0067,-0.0443,0.6357,-0.0077,-0.1425,0.0
202402,53061,"snohomish, wa",742473.0,0.014,-0.0451,439,-0.032,-0.1608,30.0,-0.4408,-0.407,716,0.4039,0.5498,46,-0.303,4.75,0.0218,-0.0135,0.017,76.0,-0.2083,-0.4412,0.0341,-0.0173,-0.0466,970.0,0.1207,0.351,398.0,0.0045,0.0396,1951.0,0.0035,-0.072,883967.0,0.0329,-0.015,1409,0.0691,0.1391,2.2121,0.3015,0.8379,0.0
202402,53065,"stevens, wa",469000.0,0.0457,0.0671,107,-0.0093,0.1966,75.0,0.0238,-0.0414,24,-0.0769,-0.2941,0,,,0.0,0.0,0.0,14.0,-0.4167,0.1667,0.0919,-0.0578,0.022,37.0,0.1212,-0.1494,234.0,0.0498,-0.0281,2246.0,0.0162,0.096,613433.0,0.071,0.0921,140,-0.0071,0.0608,0.3474,0.0404,-0.1413,0.0
202402,53035,"kitsap, wa",588598.0,-0.0182,0.0605,363,-0.0136,0.3058,43.0,-0.2217,-0.3653,252,0.2115,0.5181,22,0.0,1.75,0.0217,-0.0019,0.0107,124.0,0.0164,0.4419,0.1257,-0.0144,0.0083,356.0,0.199,0.2301,289.0,0.0008,0.0051,2070.0,-0.0289,-0.0019,736442.0,-0.0162,0.0127,714,0.0745,0.2593,0.9793,0.1736,-0.0602,0.0
202402,53023,"garfield, wa",229000.0,-0.033,0.2385,5,0.1111,,61.0,-0.2577,-0.6639,2,,0.0,0,,,0.0,0.0,0.0,2.0,0.0,,0.1818,0.028,0.1818,3.0,-0.2857,-0.4444,122.0,-0.0856,0.2403,1768.0,-0.2712,-0.2379,470707.0,-0.0176,1.5457,7,-0.125,0.4,0.5,-0.2778,,1.0
202402,53005,"benton, wa",520413.0,-0.004,-0.0805,496,-0.0207,0.1712,71.0,-0.0749,-0.0779,218,0.4342,0.0481,16,0.1429,3.0,0.0193,0.0012,0.0143,124.0,0.3478,0.2653,0.1471,0.0253,0.0176,139.0,0.1306,0.0297,263.0,0.0074,-0.0002,2048.0,-0.0213,-0.063,578200.0,-0.0172,-0.0191,633,0.0,0.1334,0.2792,0.0374,-0.0384,0.0
202402,53059,"skamania, wa",599225.0,-0.0011,-0.0709,30,-0.1449,0.5946,106.0,0.2326,0.1277,12,2.0,0.5,0,,,0.0,0.0,0.0,12.0,1.0,,0.2206,0.0852,0.2206,11.0,0.9091,-0.0455,308.0,0.0288,-0.0992,2037.0,-0.0569,-0.0727,951442.0,-0.0111,0.1964,41,0.0385,0.3729,0.3559,0.1965,-0.2387,0.0
202402,53031,"jefferson, wa",694720.0,0.008,-0.0249,66,-0.0076,0.1391,79.0,0.068,-0.0872,32,0.3333,0.2308,0,-1.0,,0.0,-0.0313,0.0,8.0,-0.6667,-0.5556,0.0579,-0.1364,-0.11,35.0,0.0299,0.0952,358.0,0.0025,-0.0157,1985.0,0.0393,-0.0641,789945.0,0.0081,0.0235,99,-0.005,0.0939,0.5267,0.0191,-0.0211,0.0
202402,53033,"king, wa",843499.0,0.0382,-0.0012,1883,0.0156,0.09,30.0,-0.5,-0.2,2034,0.2792,0.4654,72,0.0909,5.0,0.0121,-0.0019,0.0096,402.0,0.1356,-0.1447,0.0676,-0.0049,-0.0293,2180.0,0.4119,0.2482,561.0,0.0316,0.0605,1665.0,-0.0027,-0.1015,1418933.0,0.0248,0.0386,4059,0.1937,0.1752,1.158,0.325,0.1467,0.0
202402,53063,"spokane, wa",516498.0,0.0332,0.065,764,-0.045,0.2952,37.0,-0.1486,-0.0325,506,0.2341,0.1659,42,1.1,0.75,0.0218,0.0105,0.0077,212.0,0.2771,0.2045,0.1068,0.0124,0.003,679.0,0.1998,-0.0216,241.0,0.0396,0.0384,2213.0,-0.0176,0.0387,617046.0,0.0036,0.0613,1450,0.0619,0.1315,0.8887,0.1814,-0.2878,0.0
202402,53047,"okanogan, wa",497475.0,0.04,0.0535,99,-0.1283,0.2236,136.0,-0.0037,-0.0199,22,0.5714,0.5714,0,,,0.0,0.0,0.0,16.0,0.3333,1.0,0.0895,0.0158,0.026,29.0,0.0,0.14,271.0,-0.0465,0.1249,1717.0,0.0257,0.0142,778331.0,0.0478,-0.0641,128,-0.0989,0.2028,0.2893,0.0371,-0.0212,0.0
202402,53015,"cowlitz, wa",481950.0,0.0054,-0.1423,203,-0.0752,-0.0333,80.0,0.0738,0.1073,88,0.0732,0.1,54,12.5,26.0,0.1253,0.116,0.1205,88.0,0.0233,0.6923,0.2015,-0.0033,0.0765,149.0,0.2065,0.1203,275.0,0.0131,0.0055,1822.0,-0.0285,-0.1332,559264.0,0.042,-0.087,346,0.0206,0.0132,0.734,0.1713,0.1007,1.0
202402,53013,"columbia, wa",317250.0,-0.0268,-0.2138,20,-0.2157,0.6667,113.0,0.6341,-0.0384,2,-0.6667,-0.5,0,,,0.0,0.0,0.0,2.0,-0.6667,0.0,0.0588,-0.08,-0.0321,9.0,1.125,0.5455,143.0,-0.0964,-0.1662,2130.0,-0.0416,-0.0461,343820.0,-0.0459,-0.305,30,0.0,0.7647,0.425,0.2681,-0.0333,1.0
202401,53067,"thurston, wa",558199.0,-0.0173,0.0177,344,-0.1202,-0.0899,70.0,0.2026,0.0182,218,0.2111,0.0381,20,0.6667,9.0,0.0227,0.0094,0.0199,126.0,0.75,-0.137,0.1435,0.0609,-0.0375,288.0,-0.0352,0.3658,285.0,0.0184,0.0382,2040.0,-0.0377,-0.008,743630.0,-0.0144,0.0891,627,-0.0939,0.0654,0.8358,0.0736,0.2789,0.0
202401,53015,"cowlitz, wa",479350.0,-0.0003,-0.0506,220,-0.0498,-0.0223,75.0,0.155,0.0205,82,0.4643,-0.1087,4,,0.0,0.0093,0.0093,0.0002,86.0,0.7917,0.2286,0.2048,0.0747,0.0249,124.0,-0.0276,0.2167,271.0,-0.0008,0.016,1876.0,-0.0191,-0.0825,536738.0,-0.0186,-0.0734,339,-0.0397,0.0335,0.5626,0.0129,0.1105,0.0
202401,53043,"lincoln, wa",377500.0,-0.0958,0.0523,40,-0.0814,0.0533,105.0,0.1511,0.027,14,,2.5,0,,,0.0,0.0,0.0,2.0,-0.5,-0.5,0.0328,-0.0288,-0.042,9.0,-0.1,-0.3793,194.0,-0.0196,0.0285,1932.0,-0.0173,-0.001,446659.0,-0.0297,0.1079,48,-0.1038,-0.0952,0.2278,-0.0047,-0.1588,1.0
202401,53047,"okanogan, wa",478338.0,-0.0337,0.007,113,-0.1812,0.2841,136.0,0.1878,0.1333,14,-0.125,-0.3,0,,,0.0,0.0,0.0,12.0,0.0,-0.25,0.0736,0.0118,-0.0492,29.0,0.14,0.4615,285.0,0.0537,0.2151,1674.0,-0.0401,-0.0225,742804.0,0.0392,-0.0707,142,-0.1265,0.3163,0.2522,0.0711,0.0306,0.0
202401,53057,"skagit, wa",694613.0,0.0216,0.1591,147,-0.1951,-0.2187,76.0,0.0306,0.0594,66,0.2692,-0.1316,0,,,0.0,0.0,0.0,32.0,0.6,-0.4286,0.1126,0.0547,-0.0457,77.0,-0.0783,-0.1207,362.0,0.0054,0.0934,2228.0,0.0809,0.1525,910080.0,0.0278,0.2473,223,-0.1604,-0.1909,0.5222,0.0661,0.0582,0.0
202401,53007,"chelan, wa",643973.0,-0.0077,-0.0794,156,-0.2377,0.0264,101.0,0.2256,0.005,18,-0.5,-0.4375,0,,,0.0,0.0,0.0,36.0,0.2857,0.6364,0.1448,0.0554,0.0433,58.0,-0.1667,0.5972,363.0,-0.0031,0.0908,1963.0,-0.0143,-0.1041,841600.0,-0.0223,-0.1336,212,-0.2347,0.1491,0.3698,0.0315,0.1322,0.0
202401,53071,"walla walla, wa",453250.0,-0.0655,-0.1042,104,-0.1261,0.3165,84.0,0.1879,0.1713,32,0.1429,0.0667,0,,,0.0,0.0,0.0,22.0,-0.2143,0.0,0.1137,-0.0307,-0.0342,56.0,0.037,0.5775,238.0,-0.0193,-0.0527,2205.0,0.0002,0.0796,536730.0,-0.0219,-0.1475,159,-0.0647,0.3947,0.5385,0.0847,0.0891,1.0
202401,53039,"klickitat, wa",568975.0,0.0364,-0.1068,58,-0.0645,0.1837,105.0,0.0606,-0.0094,8,-0.3333,-0.3333,2,,,0.0196,0.0196,0.0196,8.0,0.0,0.0,0.0913,0.0071,-0.0128,22.0,0.0238,0.075,291.0,-0.0026,0.0447,1863.0,0.0396,-0.1056,673197.0,0.0704,-0.0066,80,-0.0361,0.1852,0.3707,0.032,-0.0375,1.0
202401,53037,"kittitas, wa",693474.0,-0.0022,-0.0561,154,-0.2005,0.4619,92.0,0.0853,0.0279,30,-0.1667,0.0714,0,,-1.0,0.0,0.0,-0.0117,32.0,0.1429,1.0,0.1291,0.0332,0.0338,52.0,0.0,0.5072,404.0,-0.0292,0.1223,2135.0,0.0,-0.0376,1097903.0,0.0193,0.0509,206,-0.1578,0.4626,0.3388,0.0679,0.0102,0.0
202401,53053,"pierce, wa",627000.0,0.0122,0.0539,1007,-0.1925,-0.0419,60.0,0.0714,-0.1608,624,0.2581,0.1429,80,1.2222,1.8571,0.0313,0.0167,0.019,296.0,-0.1685,-0.3593,0.1163,-0.0209,-0.0917,914.0,0.1039,0.4281,316.0,0.0165,0.0741,2105.0,-0.0013,0.0188,768263.0,0.0234,0.0962,1921,-0.0742,0.1364,0.9076,0.2437,0.2987,0.0
202401,53027,"grays harbor, wa",399900.0,-0.0126,0.0,272,-0.101,0.1578,90.0,0.1211,-0.019,86,0.6538,0.1026,4,,1.0,0.0089,0.0089,0.004,76.0,0.4615,0.2258,0.1763,0.0519,0.0197,80.0,0.0325,0.0392,279.0,-0.0256,-0.0091,1494.0,0.001,0.04,463067.0,-0.0289,0.0962,349,-0.0805,0.1134,0.2928,0.0379,-0.0334,0.0
202401,53045,"mason, wa",463663.0,-0.0192,-0.0239,124,-0.2281,-0.0463,72.0,0.0286,-0.2258,38,0.0556,0.0,0,,,0.0,0.0,0.0,44.0,-0.0833,0.0476,0.1946,0.0049,0.0111,65.0,0.217,0.075,290.0,-0.0076,0.0362,1746.0,-0.0124,-0.0034,592976.0,-0.0032,-0.0748,192,-0.09,0.0159,0.5223,0.191,0.0589,0.0
202401,53073,"whatcom, wa",698750.0,0.0142,0.1455,317,-0.2048,-0.1352,86.0,0.2113,0.0955,134,0.3958,-0.0429,2,,0.0,0.003,0.003,0.0003,56.0,-0.2632,-0.3913,0.084,-0.0226,-0.0498,210.0,0.0475,0.177,372.0,0.0224,0.0858,1967.0,-0.0013,0.0515,950586.0,0.0191,0.1528,526,-0.1189,-0.0384,0.6619,0.1594,0.1756,0.0
202401,53031,"jefferson, wa",689225.0,0.0211,-0.0411,66,-0.1646,0.0909,74.0,-0.087,-0.02,24,1.0,0.2,4,,,0.0313,0.0313,0.0313,24.0,0.5,2.0,0.1943,0.0758,0.1182,34.0,-0.0147,0.3137,357.0,-0.0038,-0.0276,1910.0,-0.0235,-0.1106,783606.0,-0.0247,0.0041,100,-0.1116,0.157,0.5076,0.0772,0.0861,0.0
202401,53049,"pacific, wa",425000.0,-0.0339,-0.033,119,-0.0083,0.3371,69.0,-0.1845,-0.4145,34,0.2143,1.125,0,,,0.0,0.0,0.0,22.0,4.5,0.0,0.1273,0.1038,-0.029,33.0,0.3,-0.1096,317.0,0.0284,0.1416,1485.0,-0.0505,-0.0742,528906.0,0.0026,0.1302,150,0.024,0.1912,0.2731,0.0648,-0.137,1.0
202401,53033,"king, wa",812475.0,-0.0152,-0.0092,1854,-0.1799,-0.0539,60.0,0.0169,-0.0625,1590,1.0703,0.1919,66,0.5,4.5,0.014,0.0029,0.0113,354.0,0.0536,-0.3938,0.0724,-0.0006,-0.0544,1544.0,-0.0259,0.2124,544.0,0.0237,0.0594,1670.0,-0.0285,-0.0889,1384574.0,0.0389,0.0771,3400,-0.1134,0.0546,0.833,0.1317,0.1829,0.0
202401,53075,"whitman, wa",473125.0,0.0777,0.1414,73,-0.0584,0.0507,60.0,-0.1045,-0.2182,30,0.875,0.0,0,,-1.0,0.0,0.0,-0.0154,12.0,2.0,-0.4,0.0987,0.061,-0.0512,17.0,0.1,-0.4677,213.0,0.0406,-0.0149,2403.0,0.0224,0.1712,554175.0,0.0986,0.1526,88,-0.0638,-0.1287,0.2276,0.0328,-0.2217,0.0
202401,53011,"clark, wa",658741.0,-0.0094,0.0737,906,-0.0863,0.1829,71.0,0.0143,0.1545,490,0.7254,0.0515,156,1.6,2.5455,0.0764,0.0478,0.0509,238.0,-0.162,-0.2013,0.1243,-0.0106,-0.042,598.0,-0.0786,0.1105,310.0,0.0096,0.0634,2194.0,-0.005,0.0364,823109.0,-0.0065,0.0346,1501,-0.0884,0.1516,0.6604,0.0055,-0.0431,0.0
202401,53023,"garfield, wa",236825.0,0.0301,0.1556,5,-0.3571,0.2857,82.0,-0.0412,-0.5098,0,,-1.0,0,,,0.0,0.0,0.0,2.0,-0.5,,0.1538,-0.1538,0.1538,4.0,0.1667,0.4,133.0,0.0228,-0.0001,2426.0,0.0,0.4667,479130.0,0.0767,0.7592,8,-0.2,0.4545,0.7778,0.3492,0.0635,1.0
202401,53009,"clallam, wa",598963.0,0.0239,0.03,139,-0.1451,-0.0578,90.0,0.0556,-0.0296,50,0.5625,0.087,0,,,0.0,0.0,0.0,20.0,-0.1667,-0.4737,0.0767,-0.0139,-0.0743,53.0,0.05,-0.1026,317.0,0.0317,0.0453,2132.0,0.0012,0.0733,762766.0,0.0339,0.0839,185,-0.1338,-0.1,0.3791,0.0704,-0.0189,0.0
202401,53005,"benton, wa",522500.0,-0.0037,-0.076,507,-0.089,0.1793,77.0,0.1287,-0.0525,152,0.1176,-0.0617,14,0.75,1.3333,0.0181,0.0086,0.0099,92.0,0.3529,-0.3134,0.1219,0.0415,-0.0679,123.0,0.0124,0.201,261.0,0.0041,0.0011,2092.0,-0.0169,-0.0423,588312.0,-0.0041,-0.0016,633,-0.065,0.1799,0.2419,0.0242,0.0044,0.0
202401,53069,"wahkiakum, wa",618725.0,0.0443,0.3984,18,0.0,0.2,73.0,0.465,-0.299,2,-0.5,,0,,,0.0,0.0,0.0,0.0,-1.0,-1.0,0.0,-0.1176,-0.0667,7.0,0.0,-0.1765,307.0,-0.0377,0.2381,2373.0,0.0584,0.4117,689570.0,0.0123,0.3348,26,0.02,0.0408,0.3889,0.0,-0.1778,0.0
202401,53021,"franklin, wa",499225.0,0.0088,-0.0445,181,-0.0744,0.4498,82.0,0.1812,0.1014,56,0.5556,0.1667,0,-1.0,,0.0,-0.0256,0.0,28.0,0.4,-0.3,0.0891,0.0216,-0.0928,49.0,0.0889,0.1395,258.0,0.0244,0.0052,2052.0,-0.0004,-0.0042,563229.0,0.0026,0.0607,230,-0.0726,0.3731,0.2715,0.0407,-0.0739,0.0
202401,53055,"san juan, wa",1308750.0,-0.0306,0.2524,70,-0.142,0.0859,141.0,0.0684,0.102,6,-0.5,-0.25,0,,,0.0,0.0,0.0,8.0,1.0,-0.2,0.0885,0.0507,-0.0234,11.0,-0.3529,-0.3889,615.0,0.0783,0.1005,2184.0,-0.0626,0.0875,2040511.0,0.0176,0.1558,81,-0.1526,-0.0301,0.1583,-0.0516,-0.123,0.0
202401,53077,"yakima, wa",414950.0,-0.0001,0.1215,302,-0.0621,0.2743,72.0,0.1038,-0.0401,90,0.0227,-0.0217,2,,,0.0039,0.0039,0.0039,66.0,0.5,0.2222,0.1224,0.0498,-0.0004,134.0,-0.0429,0.2072,227.0,-0.0112,0.0732,1861.0,-0.0117,-0.0407,483950.0,-0.0187,0.1278,434,-0.0586,0.2489,0.4437,0.0089,-0.0246,0.0
202401,53051,"pend oreille, wa",533113.0,0.0936,0.7711,38,-0.3182,0.3158,84.0,-0.0147,-0.2404,6,-0.25,0.5,0,,,0.0,0.0,0.0,6.0,0.5,2.0,0.1005,0.0316,0.054,15.0,0.8125,0.381,277.0,0.1173,0.3649,2434.0,0.2231,0.3564,1087726.0,0.2837,1.5423,52,-0.1613,0.3,0.3867,0.2412,0.0182,1.0
202401,53041,"lewis, wa",547500.0,0.0633,0.218,204,-0.0933,0.1792,94.0,0.2401,0.0189,40,0.4286,-0.3333,2,,,0.0064,0.0064,0.0064,52.0,0.4444,-0.1613,0.1714,0.0736,-0.0506,61.0,-0.0317,-0.0615,278.0,0.021,0.0388,1974.0,0.0346,0.1224,617136.0,0.039,0.1031,264,-0.0819,0.0866,0.299,0.019,-0.0767,0.0
202401,53019,"ferry, wa",375000.0,0.0446,0.0075,27,0.0385,0.7419,154.0,0.1324,0.3134,4,,,0,,,0.0,0.0,0.0,0.0,-1.0,-1.0,0.0,-0.1143,-0.0667,4.0,-0.2,-0.3333,204.0,-0.1464,-0.1833,1463.0,0.0757,-0.0687,494251.0,0.0015,0.1607,31,0.0,0.4419,0.1481,-0.0442,-0.2389,0.0
202401,53029,"island, wa",708500.0,0.0419,0.1101,136,-0.1605,-0.1226,71.0,0.0846,-0.1778,58,0.2083,-0.275,0,,,0.0,0.0,0.0,36.0,0.0,-0.1818,0.1309,0.0101,-0.0079,88.0,0.0417,0.1076,373.0,0.0029,0.0676,2010.0,0.0305,0.0862,879363.0,0.006,0.0456,225,-0.0854,-0.0385,0.6434,0.1249,0.1337,0.0
202401,53003,"asotin, wa",423250.0,0.0205,0.0596,58,-0.0574,0.1735,138.0,0.1129,0.6727,10,1.5,-0.375,0,,,0.0,0.0,0.0,6.0,-0.5,-0.5714,0.071,-0.1005,-0.0764,16.0,0.1923,-0.3261,218.0,0.0471,0.0988,2066.0,0.0051,-0.0473,578551.0,0.0389,0.2685,72,-0.0338,0.0,0.2696,0.0565,-0.1998,0.0
202401,53061,"snohomish, wa",732250.0,0.01,0.0,453,-0.3239,-0.3203,53.0,0.0343,-0.1822,510,0.3859,0.2624,66,0.8333,7.25,0.0353,0.0147,0.0305,96.0,-0.3846,-0.5714,0.0514,-0.0288,-0.0883,866.0,0.0341,0.5895,396.0,0.0271,0.0341,1944.0,-0.0149,-0.0414,855802.0,0.0142,-0.0175,1318,-0.1205,0.092,1.9106,0.6613,1.0936,0.0
202401,53059,"skamania, wa",599900.0,-0.0309,-0.1448,35,-0.1154,0.5682,86.0,0.2199,-0.2164,4,-0.5,0.0,0,,,0.0,0.0,0.0,6.0,,0.5,0.1354,0.1354,0.0457,6.0,-0.3889,-0.5417,299.0,0.0069,-0.0968,2160.0,0.0,-0.0069,962086.0,0.0008,0.1506,39,-0.1702,0.1471,0.1594,-0.0713,-0.386,1.0
202401,53025,"grant, wa",392495.0,-0.0394,0.0338,171,-0.1073,0.1329,82.0,-0.0682,-0.003,66,0.8333,0.1379,2,,-0.5,0.0056,0.0056,-0.0077,20.0,-0.2857,-0.2308,0.0672,-0.0205,-0.0241,90.0,-0.0272,0.0347,239.0,-0.0058,0.0141,1689.0,-0.0221,0.0608,460763.0,-0.0514,-0.0327,259,-0.0848,0.0769,0.5249,0.0433,-0.0498,0.0
202401,53065,"stevens, wa",448500.0,-0.0753,0.0788,108,-0.1602,0.2216,74.0,-0.0577,-0.2222,26,0.0833,0.0833,0,,,0.0,0.0,0.0,24.0,0.0,1.0,0.1497,0.022,0.0687,33.0,-0.0294,-0.0833,223.0,-0.0245,-0.0421,2210.0,-0.0689,0.06,572780.0,-0.0628,0.0329,141,-0.1219,0.1285,0.307,0.0414,-0.1021,0.0
202401,53001,"adams, wa",388000.0,0.0,0.1452,42,-0.0455,0.037,110.0,0.0139,-0.3262,12,2.0,2.0,2,,,0.0294,0.0294,0.0294,2.0,-0.5,-0.5,0.0282,-0.0315,-0.0391,14.0,-0.2222,-0.0667,225.0,-0.0112,-0.0003,1744.0,-0.0423,0.0525,436898.0,-0.0034,0.1936,56,-0.119,0.0,0.3333,-0.0758,-0.037,1.0
202401,53035,"kitsap, wa",599495.0,0.0008,0.09,368,-0.173,0.076,55.0,-0.0307,-0.2559,208,0.1818,0.1304,22,0.8333,0.1,0.0237,0.0108,-0.0015,122.0,-0.0161,-0.1286,0.1401,0.0124,-0.0357,297.0,0.0154,0.2725,289.0,-0.0066,-0.0018,2132.0,-0.0168,0.0508,748569.0,-0.0589,0.0654,665,-0.1069,0.1467,0.8057,0.1495,0.1244,0.0
202401,53017,"douglas, wa",649724.0,0.1203,0.1414,62,-0.2051,-0.0949,90.0,0.1538,-0.0217,24,0.5,0.3333,0,,,0.0,0.0,0.0,14.0,0.75,-0.2222,0.1148,0.0452,-0.073,39.0,0.5,1.2286,299.0,0.0153,0.0774,2070.0,0.0299,-0.0753,796904.0,0.0851,0.3839,99,-0.0294,0.1716,0.629,0.2957,0.3736,0.0
202401,53013,"columbia, wa",325975.0,-0.048,-0.2202,26,0.02,0.8889,69.0,-0.1481,-0.2247,6,0.5,0.5,0,,,0.0,0.0,0.0,6.0,0.5,,0.1388,0.0555,0.1388,4.0,1.0,0.3333,159.0,0.0708,-0.1996,2223.0,-0.0016,0.0099,360355.0,-0.0528,-0.287,30,0.1538,0.7647,0.1569,0.0769,-0.0654,1.0
202401,53063,"spokane, wa",499900.0,0.0151,0.111,800,-0.1783,0.1897,44.0,-0.1745,-0.0691,410,0.6532,0.0149,20,0.6667,-0.2857,0.0114,0.0037,-0.0057,166.0,-0.1354,-0.1942,0.0944,-0.0142,-0.0336,566.0,0.0338,0.0044,232.0,0.0319,0.0399,2253.0,-0.004,0.0734,614825.0,0.0243,0.1219,1365,-0.102,0.1062,0.7073,0.1451,-0.1305,0.0
202312,53047,"okanogan, wa",495000.0,-0.0014,0.0421,138,-0.1293,0.3269,115.0,0.0879,0.0802,16,-0.3846,0.3333,0,,,0.0,0.0,0.0,12.0,-0.3333,0.5,0.0619,-0.0262,0.0074,25.0,-0.1525,0.25,270.0,-0.0419,0.1632,1744.0,0.0181,-0.0034,714774.0,-0.0371,0.0237,162,-0.1383,0.3065,0.1812,-0.005,-0.0111,0.0
202312,53059,"skamania, wa",619000.0,-0.0678,-0.1029,39,0.0263,0.625,71.0,-0.1506,-0.3649,8,0.0,1.0,0,,,0.0,0.0,0.0,0.0,-1.0,-1.0,0.0,-0.1031,-0.1818,9.0,-0.0526,0.0,297.0,-0.09,-0.1281,2160.0,-0.0055,0.032,961361.0,-0.0625,0.1653,47,-0.0105,0.4688,0.2308,-0.0192,-0.1442,1.0
202312,53061,"snohomish, wa",724995.0,-0.0219,-0.032,670,-0.2796,-0.22,51.0,0.2143,-0.1207,368,-0.3285,0.3333,36,-0.2174,0.8,0.0206,0.0006,0.0103,156.0,-0.5916,-0.4868,0.0802,-0.0817,-0.0962,837.0,-0.0456,0.4211,386.0,-0.0006,0.0103,1974.0,-0.0429,-0.0271,843816.0,-0.0143,-0.02,1498,-0.1715,0.0345,1.2493,0.3062,0.5636,0.0
202312,53021,"franklin, wa",494850.0,0.0,-0.0574,195,-0.0758,0.2829,69.0,0.2897,0.1129,36,-0.3077,0.125,8,,,0.0256,0.0256,0.0256,20.0,-0.6774,-0.4444,0.0675,-0.117,-0.0976,45.0,-0.1176,0.4063,252.0,-0.0022,-0.0267,2053.0,0.001,-0.0044,561769.0,-0.0121,0.0533,248,-0.0534,0.3626,0.2308,-0.0109,0.0202,0.0
202312,53077,"yakima, wa",415000.0,-0.0054,0.0793,322,-0.0487,0.1709,65.0,0.2745,-0.0152,88,-0.2903,0.2941,0,-1.0,-1.0,0.0,-0.0031,-0.0085,44.0,-0.5926,-0.2667,0.0726,-0.1008,-0.0556,140.0,-0.1304,0.3084,229.0,0.013,0.0685,1883.0,0.0011,-0.0188,493159.0,-0.0173,0.1385,461,-0.0724,0.2068,0.4348,-0.0408,0.0457,0.0
202312,53003,"asotin, wa",414750.0,0.0086,0.0395,61,-0.1159,0.1091,124.0,0.1455,1.1379,4,-0.6667,-0.8,0,,,0.0,0.0,0.0,12.0,-0.1429,2.0,0.1714,0.0259,0.1255,13.0,-0.2973,-0.381,208.0,0.0,0.0503,2055.0,-0.0153,-0.0336,556874.0,0.0195,0.2051,74,-0.1294,-0.0133,0.2131,-0.055,-0.1687,1.0
202312,53043,"lincoln, wa",417500.0,0.0603,0.2372,43,-0.265,-0.0227,91.0,0.2552,-0.0109,0,-1.0,-1.0,0,,,0.0,0.0,0.0,4.0,-0.7143,0.0,0.0615,-0.1159,-0.0086,10.0,-0.1304,-0.2308,198.0,-0.052,0.1669,1966.0,-0.0984,0.0134,460313.0,-0.0106,0.1917,53,-0.2263,-0.0702,0.2326,0.036,-0.0629,1.0
202312,53001,"adams, wa",388000.0,0.063,0.1452,44,-0.1373,0.0732,108.0,0.2067,-0.1756,4,-0.3333,0.0,0,,,0.0,0.0,0.0,4.0,0.0,-0.5,0.0597,0.0041,-0.0597,18.0,0.0909,0.0588,227.0,0.0376,0.0025,1821.0,0.0058,0.1525,438371.0,0.0522,0.2215,63,-0.0597,0.0862,0.4091,0.0856,-0.0055,0.0
202312,53041,"lewis, wa",514900.0,0.0147,0.035,225,-0.0741,0.1598,76.0,0.2773,-0.038,28,-0.6216,-0.3636,0,,,0.0,0.0,0.0,36.0,-0.4706,-0.1,0.0978,-0.0726,-0.0351,63.0,-0.2317,-0.1818,272.0,-0.0008,0.0096,1908.0,-0.0101,0.0647,593963.0,0.0098,0.0669,287,-0.1169,0.0436,0.28,-0.0574,-0.1169,0.0
202312,53063,"spokane, wa",492450.0,-0.0115,0.0945,973,-0.167,0.1597,53.0,0.191,0.0,248,-0.479,-0.0313,12,0.2,0.5,0.0077,0.003,0.0025,192.0,-0.5862,-0.1724,0.1086,-0.0965,-0.0288,547.0,-0.1262,-0.0807,225.0,0.0041,0.0197,2262.0,-0.0022,0.064,600213.0,0.0025,0.1097,1520,-0.1494,0.0607,0.5622,0.0262,-0.147,0.0
202312,53015,"cowlitz, wa",479500.0,-0.0098,-0.0154,231,-0.1183,-0.0833,65.0,0.1518,-0.1042,56,-0.44,0.1667,0,-1.0,,0.0,-0.0156,0.0,48.0,-0.5385,-0.3333,0.1301,-0.0673,-0.0386,127.0,-0.1806,0.3656,271.0,0.005,0.0453,1912.0,-0.028,-0.0553,546903.0,0.0032,-0.0355,353,-0.1473,0.0232,0.5498,-0.0418,0.1807,0.0
202312,53045,"mason, wa",472725.0,-0.0021,-0.0048,160,-0.0986,0.0458,70.0,0.1915,-0.0667,36,-0.4,0.125,0,-1.0,,0.0,-0.0139,0.0,48.0,-0.2258,0.0909,0.1897,-0.0152,0.028,53.0,-0.1719,-0.1017,292.0,-0.0119,0.0645,1768.0,0.0336,0.002,594883.0,-0.0106,0.01,211,-0.1405,-0.0047,0.3313,-0.0293,-0.0544,0.0
202312,53057,"skagit, wa",679900.0,-0.0517,0.1055,182,-0.1455,-0.1875,74.0,0.176,0.0138,52,-0.2121,-0.0714,0,,,0.0,0.0,0.0,20.0,-0.5,-0.6429,0.058,-0.0453,-0.0902,83.0,-0.1487,-0.1531,360.0,-0.0177,0.0919,2061.0,-0.0308,0.0618,885496.0,-0.0756,0.1779,265,-0.1465,-0.177,0.456,-0.0017,0.0185,0.0
202312,53055,"san juan, wa",1350000.0,-0.0493,0.1563,81,-0.0899,0.0519,132.0,0.0913,0.1004,12,1.0,0.5,0,,,0.0,0.0,0.0,4.0,-0.7778,-0.5,0.0377,-0.1229,-0.0363,17.0,-0.1282,-0.1053,570.0,0.0375,0.0047,2330.0,-0.048,0.1157,2005158.0,0.0747,0.0489,95,-0.1163,-0.0104,0.2099,-0.0092,-0.0369,0.0
202312,53031,"jefferson, wa",674990.0,-0.0216,0.0113,79,-0.1551,0.1127,81.0,0.0489,0.1103,12,-0.6471,0.0,0,,,0.0,0.0,0.0,16.0,-0.3846,3.0,0.1185,-0.0413,0.0831,34.0,-0.1807,-0.0556,358.0,-0.0066,-0.0281,1956.0,-0.0064,-0.044,803478.0,0.005,0.0487,112,-0.1642,0.0667,0.4304,-0.0135,-0.0767,0.0
202312,53019,"ferry, wa",359000.0,-0.0262,-0.0271,26,-0.1333,0.2381,136.0,0.3333,0.5906,0,-1.0,,0,,,0.0,0.0,0.0,4.0,,,0.1143,0.1143,0.1143,5.0,-0.4118,-0.2857,239.0,-0.0052,0.0078,1360.0,-0.0496,-0.1105,493531.0,0.0262,0.2351,31,-0.1948,0.1071,0.1923,-0.091,-0.141,0.0
202312,53053,"pierce, wa",619450.0,-0.0008,0.0598,1247,-0.1074,-0.0235,56.0,0.1915,-0.1111,496,-0.3053,0.4419,36,-0.5135,1.25,0.0147,-0.0104,0.0086,356.0,-0.3688,-0.1835,0.1372,-0.0494,-0.0492,828.0,-0.0586,0.2817,311.0,-0.0061,0.059,2108.0,0.0076,0.0221,750715.0,-0.0133,0.0963,2075,-0.0905,0.079,0.664,0.0344,0.1581,0.0
202312,53005,"benton, wa",524450.0,-0.0197,-0.0674,556,-0.0488,0.2061,68.0,0.124,-0.0286,136,-0.1282,0.1333,8,-0.2,0.0,0.0095,-0.0018,-0.0048,68.0,-0.5526,-0.1905,0.0804,-0.0943,-0.0398,121.0,-0.1004,0.0,260.0,0.0136,-0.0025,2128.0,-0.0265,-0.0314,590729.0,-0.0107,0.0002,677,-0.0591,0.1774,0.2176,-0.0125,-0.0448,0.0
202312,53025,"grant, wa",408610.0,-0.0022,0.0504,191,-0.0969,0.2166,88.0,0.0831,0.2662,36,-0.3333,0.0,0,,,0.0,0.0,0.0,28.0,-0.3,0.75,0.0878,-0.0205,0.0314,92.0,-0.1786,0.0455,240.0,-0.0062,0.027,1727.0,0.0009,0.028,485706.0,-0.0177,-0.0107,283,-0.1225,0.1411,0.4817,-0.0479,-0.0788,0.0
202312,53013,"columbia, wa",342400.0,0.12,-0.1265,25,0.1905,0.6667,81.0,0.2558,0.2462,4,0.0,0.0,0,,,0.0,0.0,0.0,4.0,1.0,0.0,0.0833,0.0227,-0.0906,2.0,-0.7143,-0.3333,148.0,-0.0475,-0.1759,2226.0,0.0544,-0.0031,380461.0,0.0424,-0.2375,26,-0.0545,0.4444,0.08,-0.2533,-0.12,1.0
202312,53035,"kitsap, wa",599000.0,-0.0016,0.0893,445,-0.0787,0.1153,57.0,0.0962,-0.1024,176,-0.033,0.76,12,0.0,0.5,0.0129,0.001,0.0008,124.0,-0.4206,-0.0882,0.1277,-0.0818,-0.0406,292.0,-0.1657,0.2863,291.0,-0.0111,0.0146,2168.0,0.0119,0.0743,795393.0,-0.0348,0.1361,744,-0.1042,0.1885,0.6562,-0.0685,0.0873,1.0
202312,53009,"clallam, wa",585000.0,-0.0468,0.0174,162,-0.0636,-0.0241,86.0,0.1325,0.0688,32,-0.3846,0.1429,0,,,0.0,0.0,0.0,24.0,-0.4,-0.25,0.0906,-0.0367,-0.0374,50.0,-0.3506,-0.1379,308.0,-0.0339,0.0043,2129.0,-0.0065,0.1043,737733.0,-0.0392,0.0688,213,-0.1359,-0.0533,0.3086,-0.1364,-0.0408,0.0
202312,53071,"walla walla, wa",485000.0,-0.0415,0.0041,119,-0.0846,0.2268,71.0,0.119,0.1016,28,-0.44,0.4,0,,,0.0,0.0,0.0,28.0,-0.4615,0.1667,0.1443,-0.08,-0.0247,54.0,-0.0182,1.0,243.0,-0.0186,-0.0193,2205.0,-0.009,0.0775,548772.0,-0.0629,-0.0814,170,-0.086,0.3492,0.4538,0.0307,0.1754,0.0
202312,53033,"king, wa",825000.0,-0.0225,0.0185,2260,-0.2379,-0.0673,59.0,0.2553,0.0172,768,-0.4146,0.1429,44,0.0476,2.6667,0.0111,0.0035,0.0084,336.0,-0.6471,-0.4207,0.073,-0.081,-0.0579,1585.0,-0.1673,0.1758,532.0,-0.0131,0.0521,1719.0,-0.0225,-0.066,1332678.0,-0.0186,0.0332,3835,-0.2097,0.0202,0.7013,0.0594,0.145,0.0
202312,53065,"stevens, wa",485000.0,-0.0041,0.1412,128,-0.089,0.0323,78.0,0.0612,-0.2121,24,-0.1429,0.5,0,-1.0,,0.0,-0.0096,0.0,24.0,-0.3684,1.0,0.1277,-0.0452,0.054,34.0,-0.2184,0.0303,228.0,-0.0114,-0.0136,2374.0,0.09,0.1867,611150.0,0.02,0.0667,160,-0.1281,0.0127,0.2656,-0.044,-0.0005,0.0
202312,53029,"island, wa",680000.0,-0.0188,0.0462,162,-0.2039,-0.0795,65.0,0.1207,-0.1333,48,-0.4,0.3333,0,,,0.0,0.0,0.0,36.0,-0.5385,-0.1,0.1208,-0.0781,-0.0236,84.0,-0.1724,0.12,372.0,0.0049,0.0679,1950.0,0.0183,0.0244,874132.0,-0.0127,0.0153,246,-0.1974,-0.0277,0.5185,0.0197,0.0924,0.0
202312,53049,"pacific, wa",439900.0,0.0183,0.0474,120,0.0042,0.1009,84.0,-0.134,-0.0289,28,0.0,0.4,0,,,0.0,0.0,0.0,4.0,-0.7143,-0.75,0.0235,-0.0522,-0.0723,25.0,-0.2647,-0.3421,308.0,0.0683,0.1173,1564.0,0.0176,-0.0032,527548.0,0.0091,0.1544,146,-0.0489,-0.0068,0.2083,-0.0762,-0.1403,0.0
202312,53075,"whitman, wa",439000.0,0.0092,0.1479,77,-0.1492,0.0,67.0,-0.0111,0.0308,16,-0.3846,-0.2,0,,,0.0,0.0,0.0,4.0,-0.75,-0.6667,0.0377,-0.0759,-0.0782,15.0,-0.1667,-0.4,205.0,0.0712,-0.0304,2351.0,-0.0126,0.1145,504458.0,0.0333,0.065,94,-0.1416,-0.0693,0.1948,-0.0041,-0.1299,0.0
202312,53017,"douglas, wa",579950.0,0.023,0.1049,78,-0.0064,-0.0127,78.0,0.047,0.013,16,-0.4667,0.3333,0,,,0.0,0.0,0.0,8.0,-0.4286,-0.6,0.0696,-0.0344,-0.1059,26.0,-0.3333,0.1304,295.0,0.0737,0.0401,2010.0,-0.0296,-0.0238,734438.0,-0.0153,0.2789,102,-0.1392,0.0,0.3333,-0.1635,0.0422,0.0
202312,53007,"chelan, wa",649000.0,-0.0364,-0.0442,204,-0.1188,0.2071,82.0,0.0218,0.0186,36,-0.3333,0.8,0,,,0.0,0.0,0.0,28.0,-0.4815,1.3333,0.0895,-0.0598,0.0344,69.0,-0.0612,0.7692,364.0,0.0185,0.1107,1992.0,0.0019,-0.0444,860836.0,-0.0282,-0.0523,277,-0.0918,0.3447,0.3382,0.0207,0.1075,1.0
202312,53067,"thurston, wa",568000.0,-0.0122,0.0422,391,-0.1734,-0.15,58.0,0.1373,-0.0252,180,-0.1,0.3636,12,0.5,2.0,0.0133,0.0044,0.007,72.0,-0.5862,-0.28,0.0826,-0.0872,-0.0491,298.0,-0.0673,0.4826,280.0,-0.0029,0.0173,2120.0,-0.0313,0.06,754473.0,0.0106,0.2019,692,-0.1235,0.0469,0.7621,0.0867,0.3252,0.0
202312,53039,"klickitat, wa",549000.0,-0.0406,-0.1541,62,-0.1329,-0.0159,99.0,0.2941,-0.0388,12,-0.1429,2.0,0,,,0.0,0.0,0.0,8.0,0.0,1.0,0.0842,0.0062,0.0465,21.0,0.1351,-0.087,292.0,-0.052,-0.0393,1792.0,-0.0371,-0.1093,628897.0,-0.0596,-0.0912,83,-0.0829,-0.0349,0.3387,0.08,-0.0264,1.0
202312,53023,"garfield, wa",229900.0,-0.2758,0.2702,7,0.0769,0.4,85.0,0.0625,-0.4056,0,,,0,,,0.0,0.0,0.0,4.0,,,0.3077,0.3077,0.3077,3.0,-0.4545,0.5,130.0,0.0484,-0.0223,2426.0,-0.1957,0.6965,444986.0,-0.12,0.8798,10,-0.1667,0.4286,0.4286,-0.4176,0.0286,0.0
202312,53027,"grays harbor, wa",405000.0,-0.0109,0.015,302,-0.0999,0.2327,81.0,0.1103,-0.064,52,-0.4348,0.0833,0,,-1.0,0.0,0.0,-0.0092,52.0,-0.3158,-0.0714,0.1244,-0.0153,-0.0132,77.0,-0.1676,-0.125,286.0,-0.0169,0.0645,1492.0,0.0057,0.0361,476830.0,-0.0117,0.1598,379,-0.1082,0.1347,0.255,-0.0207,-0.1042,0.0
202312,53073,"whatcom, wa",688944.0,-0.0137,0.1148,398,-0.1894,-0.1348,71.0,0.2679,0.0923,96,-0.2836,-0.2258,0,-1.0,-1.0,0.0,-0.0064,-0.0048,76.0,-0.2963,0.0,0.1066,-0.0187,0.0063,200.0,-0.1597,0.1976,364.0,0.0037,0.0608,1969.0,-0.0038,0.0407,932752.0,0.0092,0.1395,597,-0.1805,-0.0463,0.5025,0.0178,0.1395,0.0
202312,53037,"kittitas, wa",695000.0,-0.0733,-0.0138,192,-0.1523,0.5484,85.0,0.018,0.1184,36,-0.1818,1.25,0,-1.0,,0.0,-0.0063,0.0,28.0,-0.3913,1.3333,0.0959,-0.0496,0.0382,52.0,-0.1405,0.4857,416.0,-0.0057,0.2582,2135.0,0.0072,-0.0584,1077083.0,-0.0029,0.0333,244,-0.1454,0.5346,0.2708,0.0037,-0.0114,1.0
202312,53051,"pend oreille, wa",487500.0,0.0317,0.4444,55,-0.0833,0.2222,85.0,0.0,-0.0811,8,-0.2,,0,,,0.0,0.0,0.0,4.0,-0.6,,0.069,-0.0507,0.069,8.0,-0.4483,-0.3846,248.0,-0.0736,0.2478,1990.0,0.0572,0.063,847318.0,0.1066,0.9173,62,-0.1733,0.0877,0.1455,-0.0962,-0.1434,0.0
202312,53011,"clark, wa",665000.0,0.024,0.0992,991,-0.1068,0.0702,70.0,0.2281,0.1864,284,-0.297,-0.1235,60,-0.25,0.1538,0.0286,-0.0088,0.0016,284.0,-0.3661,0.775,0.1349,-0.0709,0.0465,649.0,0.022,0.1569,307.0,0.0017,0.0544,2205.0,-0.0053,0.0505,828468.0,0.0048,0.0791,1646,-0.0529,0.1069,0.6549,0.0826,0.0491,0.0
202312,53069,"wahkiakum, wa",592500.0,-0.0223,0.2616,18,-0.027,-0.1,50.0,0.25,-0.5327,4,-0.5,0.0,0,,,0.0,0.0,0.0,4.0,0.0,,0.1176,0.0034,0.1176,7.0,-0.2222,0.0,320.0,0.0392,0.3585,2242.0,0.0191,0.1557,681208.0,0.0152,0.2802,25,-0.0741,-0.1071,0.3889,-0.0976,0.0389,0.0
202311,53009,"clallam, wa",613750.0,-0.0254,0.0674,173,-0.0468,-0.1151,76.0,0.2428,0.208,52,-0.35,-0.0714,0,-1.0,,0.0,-0.0135,0.0,40.0,-0.3548,-0.4595,0.1272,-0.0558,-0.0822,77.0,0.0132,-0.0253,318.0,0.0021,0.0561,2143.0,-0.0118,0.1369,767810.0,-0.0083,0.1533,247,-0.0371,-0.1004,0.4451,0.0264,0.041,0.0
202311,53051,"pend oreille, wa",472500.0,0.0194,0.0434,60,-0.1608,0.2245,85.0,0.0828,0.0059,10,-0.5,0.25,0,,,0.0,0.0,0.0,10.0,-0.5455,-0.2857,0.1197,-0.0999,-0.0595,15.0,-0.0645,-0.0645,268.0,0.0491,0.315,1882.0,0.0,-0.0268,765703.0,0.0157,0.432,75,-0.1329,0.1628,0.2417,0.0249,-0.0747,0.0
202311,53043,"lincoln, wa",393750.0,0.05,0.1372,59,-0.0331,0.2316,73.0,0.1983,0.1069,10,0.0,4.0,0,,,0.0,0.0,0.0,14.0,-0.125,0.1667,0.1775,-0.0214,0.0042,12.0,0.0455,-0.2069,209.0,0.109,0.2298,2181.0,0.0041,0.0715,465231.0,0.0504,0.1945,69,-0.0486,0.096,0.1966,0.0148,-0.1087,1.0
202311,53015,"cowlitz, wa",484250.0,-0.0217,0.0249,262,0.0058,-0.0643,56.0,0.0874,-0.1111,100,-0.1379,0.1628,8,-0.5556,1.0,0.0156,-0.0161,0.0079,104.0,-0.1875,0.0196,0.1973,-0.0475,-0.0275,155.0,-0.0221,0.3901,270.0,-0.0056,0.0476,1967.0,-0.0176,0.015,545157.0,-0.0419,-0.0116,414,0.0012,0.067,0.5916,-0.0168,0.1934,0.0
202311,53057,"skagit, wa",716988.0,-0.0235,0.1251,213,-0.0819,-0.187,63.0,0.25,0.1161,66,-0.431,-0.1538,0,,,0.0,0.0,0.0,40.0,-0.5745,-0.6078,0.1033,-0.0891,-0.1188,98.0,-0.0845,-0.1372,367.0,0.0092,0.1011,2127.0,-0.0129,0.089,957923.0,-0.0144,0.2585,311,-0.0827,-0.1687,0.4577,-0.0013,0.0264,0.0
202311,53077,"yakima, wa",417250.0,-0.0216,0.0782,339,-0.0356,0.0545,51.0,0.1461,0.02,124,-0.2346,0.24,2,,,0.0031,0.0031,0.0031,108.0,-0.1692,0.125,0.1734,-0.0138,0.0091,161.0,-0.0955,0.0158,226.0,-0.0096,0.0557,1881.0,-0.0105,-0.0309,501843.0,-0.0008,0.1452,497,-0.0596,0.0226,0.4756,-0.0315,-0.0181,0.0
202311,53063,"spokane, wa",498173.0,-0.0035,0.1071,1168,-0.0701,0.089,45.0,0.2192,0.0723,476,-0.159,0.0348,10,-0.5,-0.1667,0.0046,-0.0034,-0.0007,464.0,-0.2241,-0.0902,0.2051,-0.0353,-0.0216,626.0,-0.0685,-0.1232,224.0,0.001,0.0245,2267.0,-0.0103,0.052,598743.0,-0.0135,0.0866,1787,-0.0731,0.0053,0.536,0.0009,-0.1298,0.0
202311,53053,"pierce, wa",619950.0,-0.0257,0.0694,1397,0.191,-0.0836,47.0,0.0682,-0.0408,714,-0.0192,0.2439,74,0.4231,4.2857,0.0251,0.0091,0.0202,564.0,-0.007,-0.2824,0.1866,-0.0193,-0.0862,880.0,0.0603,0.1197,313.0,-0.0067,0.0654,2092.0,-0.0123,0.0265,760797.0,-0.048,0.1205,2282,0.1393,-0.0113,0.6296,-0.0776,0.1143,0.0
202311,53029,"island, wa",693000.0,-0.0664,0.0268,204,0.0201,-0.0956,58.0,0.0741,0.0594,80,-0.2308,0.1765,0,-1.0,,0.0,-0.0047,0.0,78.0,-0.1522,0.0263,0.1989,-0.0021,-0.0061,102.0,-0.1057,0.3097,370.0,-0.0285,0.0646,1915.0,-0.0333,0.0132,885347.0,-0.0561,0.0205,307,-0.0285,0.0268,0.4988,-0.0702,0.1543,0.0
202311,53067,"thurston, wa",575000.0,-0.0124,0.0716,473,0.1593,-0.0652,51.0,0.1461,0.0515,200,-0.3103,-0.0099,8,,,0.0089,0.0089,0.0089,174.0,-0.044,-0.3203,0.1698,0.0046,-0.0929,320.0,0.0942,0.3067,281.0,-0.0145,-0.001,2189.0,-0.0047,0.0923,746524.0,0.0183,0.189,790,0.1343,0.0492,0.6755,-0.0402,0.1923,0.0
202311,53055,"san juan, wa",1420000.0,-0.1683,0.1821,89,-0.1317,-0.1275,121.0,0.0593,0.2111,6,-0.5,-0.25,0,,,0.0,0.0,0.0,18.0,1.25,0.8,0.1607,0.1044,0.0802,20.0,-0.3036,-0.0714,549.0,-0.1454,-0.0471,2447.0,0.0296,0.1647,1865731.0,-0.3272,-0.0499,108,-0.1731,-0.1152,0.2191,-0.0541,0.0132,0.0
202311,53041,"lewis, wa",507450.0,-0.0099,0.041,243,0.0705,-0.0357,60.0,0.1174,-0.0775,74,-0.26,0.2759,0,,,0.0,0.0,0.0,68.0,-0.2093,-0.4035,0.1704,-0.0401,-0.1162,82.0,-0.0238,-0.0734,272.0,-0.0195,0.0125,1928.0,0.0029,0.0743,588189.0,-0.025,0.0685,325,0.0501,-0.0427,0.3374,-0.0326,-0.0137,0.0
202311,53031,"jefferson, wa",689900.0,-0.0137,0.0221,94,-0.0106,0.1688,77.0,-0.0466,0.0623,34,-0.2609,0.2143,0,,,0.0,0.0,0.0,26.0,-0.2353,0.625,0.1599,-0.0011,0.0782,42.0,-0.0879,-0.3252,361.0,-0.0681,-0.0056,1969.0,-0.0335,-0.0303,799474.0,-0.0386,0.0627,134,-0.0563,-0.0394,0.4439,-0.0376,-0.3249,0.0
202311,53019,"ferry, wa",368675.0,0.1612,0.1836,30,-0.1892,0.2766,102.0,0.3247,0.3333,4,-0.5,-0.3333,0,,,0.0,0.0,0.0,0.0,-1.0,-1.0,0.0,-0.1966,-0.05,9.0,-0.32,0.0625,240.0,-0.0019,0.067,1431.0,0.0767,-0.0825,480911.0,0.0127,0.2705,39,-0.23,0.2419,0.2833,-0.0545,-0.0571,0.0
202311,53003,"asotin, wa",411225.0,0.0224,0.0162,69,-0.1481,0.2432,108.0,0.2514,0.9862,12,-0.3333,-0.3333,0,,,0.0,0.0,0.0,14.0,-0.5,-0.2222,0.1455,-0.0892,-0.0357,19.0,0.1212,-0.2128,208.0,-0.0001,-0.017,2087.0,0.0273,-0.0327,546246.0,0.0171,0.0754,85,-0.1414,0.0968,0.2681,0.0644,-0.1553,0.0
202311,53011,"clark, wa",649425.0,-0.0137,0.0967,1110,0.0137,0.024,57.0,0.2258,0.1068,404,-0.229,-0.0982,80,0.1429,0.8182,0.0374,0.0068,0.0155,448.0,-0.0427,-0.104,0.2057,0.0053,-0.0226,635.0,-0.0723,-0.035,307.0,-0.0054,0.0523,2217.0,-0.0086,0.0663,824498.0,-0.0181,0.097,1738,-0.0217,-0.0014,0.5723,-0.0531,-0.035,0.0
202311,53017,"douglas, wa",566925.0,-0.0558,0.1243,79,-0.0427,-0.2071,75.0,0.3733,0.4826,30,-0.2105,0.6667,0,,,0.0,0.0,0.0,14.0,-0.4167,-0.5333,0.104,-0.054,-0.0774,39.0,0.1143,0.3684,274.0,-0.0397,-0.0482,2071.0,-0.0645,0.0513,745882.0,-0.0018,0.2768,119,0.026,-0.0706,0.4968,0.07,0.2089,0.0
202311,53073,"whatcom, wa",698500.0,-0.0007,0.1079,491,-0.0041,-0.0924,56.0,0.12,-0.0261,134,-0.437,-0.1829,6,,2.0,0.0064,0.0064,0.0043,108.0,-0.3165,-0.3494,0.1253,-0.0395,-0.0541,238.0,-0.0246,0.0892,362.0,0.0041,0.0404,1977.0,-0.0095,0.0351,924235.0,0.0096,0.1184,729,-0.0135,-0.0433,0.4847,-0.0102,0.0808,0.0
202311,53065,"stevens, wa",487000.0,-0.0151,0.1138,141,-0.2129,-0.0175,74.0,-0.0233,-0.1276,28,-0.3636,0.2727,2,,,0.0096,0.0096,0.0096,38.0,-0.2692,0.1875,0.1729,0.0046,0.0316,44.0,-0.3308,-0.0745,231.0,-0.0245,-0.0429,2178.0,0.0156,0.1473,599190.0,0.0029,0.0017,184,-0.2417,-0.0291,0.3096,-0.0545,-0.0191,0.0
202311,53045,"mason, wa",473712.0,-0.0525,-0.0032,178,0.1094,-0.0533,59.0,0.0444,-0.0369,60,-0.3617,0.0714,4,-0.3333,1.0,0.0139,-0.0016,0.0066,62.0,-0.2439,-0.2051,0.2049,-0.0021,-0.0346,64.0,-0.0857,-0.1899,295.0,-0.027,0.0616,1711.0,-0.0209,-0.0521,601230.0,-0.0732,-0.018,246,0.0674,-0.0788,0.3606,-0.0769,-0.0608,0.0
202311,53023,"garfield, wa",317475.0,0.0375,0.463,7,-0.3158,0.625,80.0,0.2598,-0.3347,0,-1.0,,0,,,0.0,0.0,0.0,0.0,-1.0,-1.0,0.0,-0.3603,-0.2857,6.0,0.5714,0.8333,124.0,-0.1437,-0.1828,3016.0,0.3546,0.4058,505689.0,0.114,0.8663,12,-0.0769,0.7143,0.8462,0.4777,0.0962,0.0
202311,53001,"adams, wa",365000.0,-0.0267,0.0977,51,0.0408,0.02,90.0,0.4039,-0.1005,6,-0.8,-0.25,0,,,0.0,0.0,0.0,4.0,-0.6,-0.5,0.0556,-0.0596,-0.0467,17.0,-0.1316,-0.2326,219.0,-0.0432,0.0922,1811.0,-0.0308,0.0681,416631.0,-0.0237,0.1735,67,-0.0074,-0.0629,0.3235,-0.0642,-0.1065,0.0
202311,53037,"kittitas, wa",749988.0,0.0285,0.0858,227,0.1705,0.495,84.0,0.1597,0.4522,44,-0.4359,0.2941,2,,,0.0063,0.0063,0.0063,46.0,-0.2069,-0.1786,0.1455,0.0052,-0.0927,61.0,-0.1037,0.2474,419.0,0.0784,0.241,2120.0,0.0546,-0.064,1080209.0,0.0921,0.0589,286,0.0835,0.4456,0.2671,-0.0817,-0.053,0.0
202311,53035,"kitsap, wa",599945.0,-0.0585,0.0126,483,0.2727,0.0042,52.0,0.1818,0.0,182,-0.1875,-0.1333,12,2.0,0.5,0.0119,0.0075,0.004,214.0,0.1505,-0.0531,0.2095,0.0245,-0.008,350.0,0.0249,0.1076,294.0,-0.064,0.0003,2143.0,0.0001,0.0383,824068.0,-0.119,0.0688,831,0.1632,0.0414,0.7246,-0.1752,0.0677,0.0
202311,53069,"wahkiakum, wa",606000.0,-0.0098,0.3179,19,0.2333,-0.119,40.0,-0.4839,-0.5531,8,-0.2,0.3333,0,,,0.0,0.0,0.0,4.0,,1.0,0.1143,0.1143,0.0617,9.0,0.0,0.5,307.0,0.0523,0.3164,2200.0,0.0033,0.1603,671026.0,-0.0029,0.2839,27,0.1739,-0.0182,0.4865,-0.1135,0.2008,0.0
202311,53005,"benton, wa",534975.0,0.0001,-0.042,585,-0.0043,0.1339,61.0,0.1204,0.1204,156,-0.4046,-0.0602,10,-0.2857,,0.0112,-0.0024,0.0112,152.0,-0.3968,-0.24,0.1747,-0.072,-0.0712,135.0,-0.1946,-0.0074,256.0,-0.0005,-0.0139,2186.0,-0.0018,-0.0078,597125.0,-0.0016,0.0099,720,-0.0451,0.1112,0.2301,-0.0544,-0.0327,0.0
202311,53047,"okanogan, wa",495713.0,-0.0084,0.0274,159,0.0638,0.2939,105.0,-0.0024,0.2493,26,-0.0714,5.5,0,-1.0,-1.0,0.0,-0.0144,-0.011,18.0,-0.1,-0.3077,0.088,-0.013,-0.0642,30.0,-0.3059,-0.0781,282.0,-0.0546,0.1813,1713.0,0.0635,-0.0746,742345.0,-0.0957,0.0601,188,-0.0234,0.2208,0.1861,-0.0991,-0.0751,1.0
202311,53013,"columbia, wa",305725.0,-0.0651,-0.1183,21,0.0769,0.1667,65.0,0.0932,0.7315,4,-0.3333,1.0,0,,,0.0,0.0,0.0,2.0,-0.8,-0.6667,0.0606,-0.2994,-0.2132,7.0,0.0769,1.8,156.0,-0.1014,-0.1015,2111.0,0.132,-0.0264,364979.0,-0.0435,-0.2096,28,0.0577,0.3415,0.3333,0.0,0.1944,1.0
202311,53061,"snohomish, wa",741223.0,-0.0279,-0.0117,930,0.1266,-0.1696,42.0,0.1507,-0.0667,548,-0.1356,0.161,46,4.75,1.875,0.0199,0.0172,0.0135,382.0,0.0791,-0.236,0.1619,0.0006,-0.0448,877.0,0.1756,0.1158,386.0,-0.0259,0.0136,2062.0,0.0329,0.017,856048.0,-0.0459,0.0002,1808,0.1542,-0.0529,0.943,0.0393,0.2412,0.0
202311,53049,"pacific, wa",432000.0,0.0165,0.0951,120,-0.0772,0.0214,97.0,0.0486,0.3614,28,-0.2632,0.0,0,,-1.0,0.0,0.0,-0.0093,14.0,-0.6316,-0.3636,0.0757,-0.0938,-0.047,34.0,-0.1807,-0.2,288.0,-0.0341,0.0465,1537.0,0.0267,-0.0032,522791.0,-0.0082,0.1593,154,-0.105,-0.0436,0.2845,-0.0359,-0.0787,0.0
202311,53033,"king, wa",844000.0,-0.0352,0.0204,2966,0.0538,-0.1177,47.0,0.2877,0.0682,1312,-0.2363,0.0186,42,1.625,0.5,0.0076,0.0055,0.0032,952.0,-0.0703,-0.3219,0.154,-0.0052,-0.0671,1904.0,0.0785,0.1128,539.0,-0.0084,0.0568,1758.0,-0.042,-0.0543,1357995.0,-0.0444,0.0415,4853,0.0605,-0.0415,0.6419,0.0147,0.133,0.0
202311,53007,"chelan, wa",673500.0,-0.0168,0.0094,232,-0.1147,0.0571,80.0,0.163,0.2068,54,-0.3864,0.35,0,,,0.0,0.0,0.0,54.0,-0.449,0.5,0.1493,-0.0466,0.046,74.0,-0.1552,0.1053,357.0,-0.0251,0.0768,1988.0,-0.0184,0.0059,885808.0,-0.0126,0.0071,305,-0.1348,0.0796,0.3175,-0.0152,0.0138,0.0
202311,53059,"skamania, wa",664000.0,-0.0296,-0.1184,38,-0.0843,0.3571,83.0,-0.0648,-0.006,8,-0.4286,0.0,0,,,0.0,0.0,0.0,6.0,-0.4,2.0,0.1031,-0.0649,0.0576,10.0,-0.1364,0.1176,326.0,0.0201,-0.07,2172.0,-0.0904,0.0046,1025496.0,0.0076,0.1079,48,-0.1038,0.3014,0.25,-0.0151,-0.0536,1.0
202311,53075,"whitman, wa",435000.0,0.0208,0.16,91,-0.0269,0.097,68.0,0.0112,0.1886,26,-0.1875,0.0833,0,-1.0,,0.0,-0.0124,0.0,16.0,-0.5556,-0.2727,0.1137,-0.139,-0.0528,18.0,-0.1628,-0.2941,191.0,-0.0238,-0.0234,2381.0,0.0232,0.1287,488212.0,0.0147,0.0705,110,-0.0395,0.0139,0.1989,-0.0323,-0.1102,0.0
202311,53071,"walla walla, wa",506000.0,-0.0269,0.0498,130,0.0078,0.215,63.0,0.3194,0.3263,50,-0.1667,0.3889,0,,,0.0,0.0,0.0,52.0,0.04,0.3684,0.2243,0.007,0.0227,55.0,0.236,0.4865,247.0,-0.0155,-0.0208,2225.0,0.01,0.0759,585597.0,-0.0223,-0.0271,186,0.072,0.2917,0.4231,0.0781,0.0773,0.0
202311,53027,"grays harbor, wa",409450.0,-0.025,0.0526,336,0.0634,0.167,73.0,0.0035,-0.0794,92,-0.098,0.5862,0,-1.0,-1.0,0.0,-0.0028,-0.0084,76.0,-0.2963,-0.283,0.1397,-0.0517,-0.0942,93.0,-0.1106,-0.1148,291.0,-0.0149,0.1074,1484.0,-0.0057,0.0182,482498.0,-0.0255,0.1886,425,-0.0035,0.0773,0.2757,-0.0539,-0.0878,0.0
202311,53021,"franklin, wa",494850.0,0.0095,-0.0574,211,0.1253,0.3146,54.0,0.0594,0.2442,52,-0.4468,-0.3659,0,-1.0,,0.0,-0.0057,0.0,62.0,-0.1622,0.1071,0.1845,-0.0509,-0.0099,51.0,0.0099,0.2,253.0,-0.0094,-0.0191,2051.0,0.0181,-0.0196,568635.0,0.0084,0.0335,262,0.1008,0.2906,0.2417,-0.0276,-0.0231,0.0
202311,53039,"klickitat, wa",572238.0,-0.0234,-0.1385,72,-0.0892,0.0142,77.0,-0.0129,-0.15,14,-0.3,0.1667,0,,,0.0,0.0,0.0,8.0,-0.5,-0.6923,0.0781,-0.0767,-0.1374,19.0,-0.0263,-0.3509,308.0,0.0018,0.0265,1861.0,-0.0241,-0.0806,668768.0,0.0068,-0.0621,91,-0.104,-0.0812,0.2587,0.0167,-0.1455,1.0
202311,53025,"grant, wa",409530.0,0.0637,0.0622,212,0.0496,0.1463,81.0,0.0906,0.6414,54,-0.3571,0.08,0,-1.0,,0.0,-0.0052,0.0,40.0,-0.3939,0.25,0.1083,-0.0374,0.0058,112.0,-0.1547,0.0616,242.0,-0.0017,0.067,1726.0,0.0219,0.0098,494449.0,-0.0193,0.0214,323,-0.0344,0.1063,0.5296,-0.128,-0.0423,0.0
202310,53055,"san juan, wa",1707250.0,-0.0489,0.3183,103,-0.1009,-0.0682,114.0,0.1849,0.2569,12,-0.4,-0.4,0,,,0.0,0.0,0.0,8.0,-0.6,-0.6,0.0562,-0.0519,-0.072,28.0,-0.2821,-0.0345,643.0,-0.0098,0.024,2377.0,-0.0001,0.1246,2773179.0,-0.0479,0.4142,130,-0.1558,-0.0647,0.2732,-0.0689,0.0095,0.0
202310,53029,"island, wa",742250.0,-0.0096,0.0536,200,-0.0455,-0.1288,54.0,0.1134,0.08,104,0.3,0.04,2,,,0.0047,0.0047,0.0047,92.0,-0.0417,-0.1154,0.201,-0.0325,-0.037,114.0,-0.013,-0.1133,381.0,0.0165,0.0762,1981.0,-0.003,0.0275,937959.0,-0.0142,0.0309,316,-0.0262,-0.0986,0.5689,0.0187,0.01,0.0
202310,53019,"ferry, wa",317500.0,-0.0379,-0.0634,37,-0.1591,0.6087,77.0,0.2419,0.232,8,0.0,1.0,0,,,0.0,0.0,0.0,10.0,-0.1667,1.5,0.1966,-0.0746,0.0716,13.0,1.5,-0.0385,241.0,0.0047,0.0387,1329.0,0.0632,-0.114,474894.0,0.0052,0.2073,50,0.0638,0.3514,0.3378,0.2242,-0.2274,1.0
202310,53075,"whitman, wa",426125.0,-0.0655,0.0954,93,-0.1143,0.1071,67.0,0.0308,0.0152,32,0.1429,0.0,2,,,0.0124,0.0124,0.0124,36.0,-0.1818,0.125,0.2527,-0.0294,0.0208,22.0,0.1944,-0.3281,196.0,-0.032,-0.0397,2327.0,-0.0314,0.0948,481136.0,-0.0394,0.0425,114,-0.0806,-0.0087,0.2312,0.0598,-0.1498,0.0
202310,53001,"adams, wa",375000.0,0.1062,0.1068,49,0.1395,-0.1091,64.0,0.02,-0.0625,30,1.5,2.75,0,,,0.0,0.0,0.0,10.0,1.5,-0.1667,0.1152,0.0588,-0.026,19.0,0.5833,-0.1364,229.0,0.0993,0.1139,1868.0,-0.0391,0.0711,426763.0,0.0397,0.1911,68,0.2736,-0.1118,0.3878,0.1087,-0.0122,1.0
202310,53069,"wahkiakum, wa",612000.0,-0.0049,0.2697,15,0.3636,-0.375,78.0,-0.1667,-0.0663,10,,,0,,,0.0,0.0,0.0,0.0,-1.0,-1.0,0.0,-0.1818,-0.129,9.0,-0.1818,0.0,292.0,0.0369,0.2577,2193.0,-0.0033,0.0621,672979.0,-0.0023,0.2888,23,0.0455,-0.2581,0.6,-0.4,0.225,0.0
202310,53023,"garfield, wa",306000.0,0.057,-0.1257,10,-0.05,0.9,64.0,0.1339,-0.0379,4,0.0,,0,,,0.0,0.0,0.0,6.0,0.5,0.5,0.3603,0.027,-0.0397,4.0,0.1667,-0.125,145.0,-0.001,-0.2403,2227.0,0.0214,0.3661,453930.0,0.3817,0.5123,13,0.0,0.4444,0.3684,0.0684,-0.4316,1.0
202310,53007,"chelan, wa",685000.0,-0.019,-0.02,262,-0.0386,0.0761,69.0,0.0781,0.0781,88,0.0476,0.0476,0,,,0.0,0.0,0.0,98.0,-0.2097,-0.125,0.1959,-0.0788,-0.0604,87.0,-0.13,0.1154,366.0,0.0039,0.1067,2025.0,-0.0346,0.0005,897129.0,-0.0415,0.0132,353,-0.0524,0.0981,0.3327,-0.035,0.0117,0.0
202310,53015,"cowlitz, wa",495000.0,-0.0098,0.0421,261,-0.0095,-0.0095,52.0,0.1196,0.0098,116,0.0741,0.0,18,3.5,,0.0316,0.024,0.0316,128.0,-0.0857,-0.1351,0.2448,0.0163,-0.03,159.0,0.016,0.016,271.0,-0.0239,0.0268,2002.0,0.0031,0.0716,569010.0,-0.0261,0.0109,414,-0.0108,0.0036,0.6084,0.0153,0.0153,0.0
202310,53005,"benton, wa",534900.0,-0.0318,-0.0438,587,0.0173,0.1883,54.0,0.0385,0.2273,262,0.0565,0.0397,14,0.75,2.5,0.0136,0.0054,0.0088,252.0,0.1887,0.1053,0.2466,0.0361,-0.007,167.0,-0.0291,0.1284,257.0,-0.0016,-0.0173,2190.0,-0.0232,-0.0177,598083.0,-0.0157,0.0083,754,-0.0072,0.1646,0.2845,-0.0136,-0.0151,0.0
202310,53071,"walla walla, wa",520000.0,-0.0755,-0.0528,129,0.1727,0.29,48.0,0.1105,0.1506,60,0.1538,0.25,0,,,0.0,0.0,0.0,50.0,-0.1071,0.0417,0.2173,-0.0384,-0.0301,45.0,-0.1442,-0.2054,251.0,-0.0223,-0.0482,2203.0,-0.025,0.0025,598961.0,-0.0634,-0.1074,174,0.0579,0.134,0.345,-0.1278,-0.215,0.0
202310,53003,"asotin, wa",402200.0,-0.0401,-0.0754,81,-0.0471,0.5882,87.0,0.1457,0.5586,18,-0.1,-0.25,0,,,0.0,0.0,0.0,28.0,0.0,0.0,0.2347,0.0125,-0.027,17.0,-0.0294,-0.4844,208.0,-0.0661,-0.0394,2032.0,-0.0453,-0.0923,537069.0,-0.0207,-0.1028,99,-0.0198,0.2073,0.2037,0.0037,-0.4237,0.0
202310,53051,"pend oreille, wa",463500.0,-0.0711,-0.0728,72,-0.0714,0.3241,79.0,0.5392,0.1894,20,0.0,0.25,0,,,0.0,0.0,0.0,22.0,-0.0833,0.375,0.2196,0.0306,0.0475,16.0,-0.2619,-0.4655,255.0,-0.0376,0.1417,1882.0,0.0068,-0.0338,753845.0,-0.0415,0.3421,87,-0.1082,0.0422,0.2168,-0.0559,-0.3203,0.0
202310,53073,"whatcom, wa",699000.0,0.0001,0.0939,493,-0.01,-0.1558,50.0,0.0204,0.087,238,0.1226,0.0625,0,-1.0,-1.0,0.0,-0.004,-0.0038,158.0,0.0395,-0.2685,0.1648,0.0164,-0.039,244.0,-0.1254,-0.0651,361.0,-0.003,0.0109,1996.0,0.0083,0.0481,915437.0,0.0303,0.1179,739,-0.0495,-0.1177,0.4949,-0.0653,0.048,0.0
202310,53027,"grays harbor, wa",419950.0,0.0023,0.062,316,-0.0262,-0.0439,72.0,0.1289,0.1115,102,0.02,-0.0893,2,,,0.0028,0.0028,0.0028,108.0,0.08,-0.25,0.1914,-0.0019,-0.0805,104.0,-0.1475,-0.0877,296.0,0.0436,0.1085,1492.0,-0.0113,0.0081,495146.0,0.0139,0.1659,427,-0.0351,-0.0459,0.3296,-0.0469,-0.0158,0.0
202310,53033,"king, wa",874814.0,-0.0098,0.0292,2814,-0.0021,-0.2563,37.0,0.0139,-0.0135,1718,-0.2205,-0.1144,16,-0.5,-0.5556,0.0021,-0.003,-0.003,1024.0,0.0756,-0.4576,0.1592,0.0209,-0.1003,1765.0,-0.0084,-0.1054,543.0,0.0009,0.058,1835.0,-0.0198,-0.0443,1421113.0,-0.0328,0.0956,4576,-0.0019,-0.2037,0.6272,-0.004,0.1058,0.0
202310,53045,"mason, wa",499983.0,-0.0566,0.0526,160,0.0738,-0.1878,56.0,0.125,0.125,94,0.4688,0.175,6,0.5,,0.0155,0.0029,0.0155,82.0,0.3667,-0.3167,0.207,-0.0003,-0.0821,70.0,-0.0789,-0.3396,303.0,0.0131,0.0689,1747.0,-0.0375,-0.0096,648693.0,-0.0675,0.0787,230,0.0222,-0.2409,0.4375,-0.0726,-0.1006,0.0
202310,53011,"clark, wa",658463.0,0.0131,0.1162,1095,0.0355,-0.0331,47.0,0.0109,-0.0412,524,0.0155,-0.0368,70,0.4583,0.4583,0.0306,0.0111,0.0108,468.0,0.0833,-0.2909,0.2004,0.012,-0.0623,685.0,-0.1017,-0.04,308.0,0.0061,0.0505,2236.0,0.0027,0.0854,839736.0,-0.011,0.1439,1777,-0.0025,-0.048,0.6254,-0.0955,-0.0045,0.0
202310,53057,"skagit, wa",734250.0,0.017,0.1655,232,0.0265,-0.1594,50.0,0.1628,0.0,116,0.1154,0.1154,0,-1.0,-1.0,0.0,-0.0082,-0.0076,94.0,0.0682,-0.2879,0.1924,0.005,-0.0533,107.0,-0.0658,-0.2947,363.0,-0.0059,0.1016,2154.0,0.0659,0.1082,971958.0,0.0037,0.2686,339,0.0015,-0.1882,0.4591,-0.0454,-0.088,0.0
202310,53039,"klickitat, wa",585950.0,-0.0218,0.0654,79,-0.1374,0.0195,78.0,0.0616,0.0915,20,-0.1667,0.0,0,,,0.0,0.0,0.0,16.0,-0.5,-0.3333,0.1547,-0.1022,-0.0285,19.0,0.0,-0.4412,307.0,0.0131,0.0389,1907.0,-0.0068,0.0138,664279.0,0.0078,0.0071,101,-0.0901,-0.0901,0.242,0.0332,-0.1995,0.0
202310,53077,"yakima, wa",426450.0,-0.008,0.0828,351,0.1108,0.1433,45.0,0.1558,-0.1275,162,-0.0581,0.125,0,,,0.0,0.0,0.0,130.0,-0.0152,-0.1447,0.1872,0.0054,-0.041,178.0,-0.0056,-0.1909,228.0,-0.0002,0.076,1901.0,-0.0216,-0.0261,502234.0,-0.0366,0.1192,529,0.0612,0.0125,0.5071,-0.0593,-0.2095,0.0
202310,53031,"jefferson, wa",699488.0,-0.0007,0.0213,95,-0.0455,0.0053,81.0,0.2015,0.2984,46,0.4375,0.2778,0,,,0.0,0.0,0.0,34.0,-0.0556,0.0625,0.161,-0.0495,-0.0148,46.0,-0.09,-0.35,387.0,0.0058,0.0661,2037.0,0.0189,0.0184,831569.0,-0.0415,0.0823,142,-0.034,-0.1446,0.4815,-0.0236,-0.2632,0.0
202310,53047,"okanogan, wa",499925.0,0.0001,0.0525,149,-0.0688,0.0876,106.0,0.1989,0.5515,28,-0.125,-0.2222,4,,,0.0144,0.0144,0.0144,20.0,-0.4444,-0.4444,0.1011,-0.0604,-0.0656,43.0,0.1184,0.4167,298.0,0.0044,0.177,1611.0,-0.0366,-0.0751,820871.0,0.0291,0.2184,193,-0.0228,0.1527,0.2852,0.0477,0.0663,0.0
202310,53067,"thurston, wa",582200.0,0.0098,0.0586,408,0.0049,-0.2078,45.0,0.0854,0.0114,290,0.4796,0.0069,0,-1.0,-1.0,0.0,-0.016,-0.0036,182.0,0.1098,-0.4583,0.1652,-0.0123,-0.1422,292.0,-0.0932,-0.0701,285.0,-0.0052,0.0222,2199.0,0.0142,0.07,733089.0,0.0161,0.163,696,-0.044,-0.1665,0.7157,-0.0774,0.106,0.0
202310,53009,"clallam, wa",629750.0,-0.0083,0.0513,182,-0.0447,-0.1439,61.0,0.0946,0.0474,80,0.0526,0.0,4,,,0.0135,0.0135,0.0135,62.0,-0.225,-0.3261,0.183,-0.0399,-0.0453,76.0,-0.1059,-0.2,318.0,0.0073,0.0531,2169.0,0.0028,0.1318,774229.0,-0.0035,0.1415,256,-0.0623,-0.1607,0.4187,-0.0286,-0.0294,0.0
202310,53037,"kittitas, wa",729238.0,0.0418,0.0425,194,-0.0652,0.273,72.0,0.0746,0.3333,78,0.3,0.0833,0,,,0.0,0.0,0.0,58.0,-0.1471,-0.1944,0.1403,-0.0557,-0.0973,68.0,-0.0753,0.0075,388.0,0.0064,0.1131,2010.0,-0.0091,-0.1073,989124.0,0.0041,-0.0448,264,-0.0556,0.2313,0.3488,-0.0038,-0.092,0.0
202310,53041,"lewis, wa",512500.0,-0.0421,0.0481,227,0.1127,-0.1624,53.0,0.065,-0.0819,100,0.1905,-0.0741,0,,-1.0,0.0,0.0,-0.0079,86.0,-0.0652,-0.3676,0.2105,-0.0172,-0.0723,84.0,0.1053,-0.2821,278.0,-0.0034,0.0278,1922.0,0.0161,0.0619,603268.0,-0.0277,0.1061,310,0.0784,-0.2003,0.37,-0.0025,-0.0617,0.0
202310,53059,"skamania, wa",684250.0,0.0137,-0.1282,42,-0.0568,0.431,89.0,0.376,0.4315,14,0.75,0.75,0,,,0.0,0.0,0.0,10.0,-0.1667,-0.1667,0.168,-0.0502,-0.0987,11.0,-0.1538,0.2222,320.0,-0.0166,-0.0964,2388.0,0.0022,-0.0356,1017771.0,0.2316,0.0438,53,-0.1311,0.4324,0.2651,-0.0304,-0.0453,1.0
202310,53053,"pierce, wa",636275.0,0.0076,0.0971,1173,0.0317,-0.2723,44.0,0.1282,-0.0222,728,0.0341,-0.1034,52,1.6,3.3333,0.016,0.009,0.0126,568.0,0.0071,-0.4274,0.2059,0.0097,-0.09,830.0,-0.0627,-0.2085,315.0,0.0036,0.0579,2118.0,-0.0153,0.0464,799144.0,-0.0044,0.1739,2003,-0.0062,-0.2455,0.7072,-0.0712,0.057,0.0
202310,53063,"spokane, wa",499900.0,-0.0198,0.0636,1256,0.0195,0.0555,37.0,-0.0135,0.0139,566,-0.1527,-0.1424,20,0.0,0.0,0.008,0.0002,0.0008,598.0,0.0034,-0.2048,0.2403,0.0076,-0.0411,672.0,-0.1407,-0.1904,224.0,-0.0078,0.0046,2291.0,-0.011,0.0507,606956.0,-0.0206,0.0699,1928,-0.0422,-0.0446,0.535,-0.0997,-0.1624,0.0
202310,53017,"douglas, wa",600450.0,0.0186,0.1017,82,0.0649,-0.1717,54.0,0.0637,0.1667,38,-0.05,-0.1364,0,,,0.0,0.0,0.0,24.0,-0.25,-0.3333,0.158,-0.0642,-0.0376,35.0,-0.125,-0.125,286.0,0.0249,-0.0529,2214.0,0.0193,0.0853,747208.0,0.0464,0.2273,116,-0.0043,-0.1691,0.4268,-0.0927,0.0228,0.0
202310,53065,"stevens, wa",494450.0,-0.0473,0.1037,179,-0.1293,0.0625,75.0,0.075,0.1667,44,-0.1538,0.0,0,,,0.0,0.0,0.0,52.0,-0.381,-0.0714,0.1683,-0.0676,-0.0475,65.0,-0.1447,0.0484,237.0,-0.0196,-0.0289,2144.0,-0.0232,0.1178,597467.0,-0.028,0.0055,242,-0.1357,0.0568,0.3641,-0.0066,-0.0049,0.0
202310,53021,"franklin, wa",490200.0,0.0161,-0.0616,188,0.0776,0.3021,51.0,0.1744,0.2317,94,0.2368,0.175,2,,,0.0057,0.0057,0.0057,74.0,-0.0263,0.3214,0.2354,-0.0285,0.0175,51.0,-0.0982,0.1744,255.0,-0.0103,-0.0004,2015.0,0.0123,-0.0299,563922.0,-0.0117,0.0232,238,0.0348,0.2796,0.2693,-0.0525,-0.0293,0.0
202310,53049,"pacific, wa",425000.0,0.0,0.0241,130,-0.1007,-0.0038,93.0,0.1935,0.6228,38,0.3571,0.0556,0,,,0.0,0.0,0.0,38.0,0.1875,-0.05,0.1695,-0.0035,-0.0237,42.0,-0.0568,-0.0778,299.0,0.008,0.0775,1497.0,-0.0073,-0.0404,527117.0,0.0217,0.0854,172,-0.1021,-0.02,0.3205,0.0149,-0.0257,0.0
202310,53043,"lincoln, wa",375000.0,-0.0132,0.0791,61,0.0614,0.2347,61.0,0.1635,0.3152,10,-0.375,-0.375,0,,,0.0,0.0,0.0,16.0,0.3333,0.0,0.1988,0.0625,-0.009,11.0,-0.3889,-0.2667,188.0,-0.0444,0.0736,2172.0,-0.0145,0.0483,442923.0,-0.0698,0.0786,72,-0.027,0.125,0.1818,-0.134,-0.1243,0.0
202310,53025,"grant, wa",384995.0,-0.0128,-0.0103,202,-0.045,0.1514,75.0,0.0493,0.6556,84,0.1053,-0.16,2,-0.5,,0.0052,-0.0041,0.0052,66.0,0.1,-0.175,0.1457,0.0061,-0.0649,133.0,-0.0862,0.06,242.0,-0.0283,0.062,1689.0,0.0078,-0.0223,504156.0,-0.0172,0.0362,334,-0.0565,0.0987,0.6576,-0.0296,-0.0567,0.0
202310,53013,"columbia, wa",327000.0,0.0725,-0.1039,20,0.1471,0.3,59.0,0.18,-0.2027,6,0.5,-0.25,0,,,0.0,0.0,0.0,10.0,0.25,1.5,0.36,0.0743,0.2,7.0,-0.1875,2.25,173.0,0.0737,0.0264,1865.0,-0.1287,-0.0372,381588.0,-0.0158,-0.0073,26,0.0,0.5294,0.3333,-0.1373,0.2,1.0
202310,53061,"snohomish, wa",762485.0,-0.0409,0.0033,826,0.0204,-0.3713,37.0,0.0139,-0.1098,634,-0.0276,-0.1432,8,-0.3333,-0.3333,0.0027,-0.0027,-0.0019,354.0,-0.0684,-0.5725,0.1613,-0.0072,-0.1282,746.0,-0.0387,-0.2139,396.0,-0.0101,0.0332,1996.0,-0.0279,-0.0137,897231.0,-0.0352,0.0495,1567,-0.0003,-0.3069,0.9037,-0.0555,0.1809,0.0
202310,53035,"kitsap, wa",637250.0,0.0043,0.0639,380,-0.0194,-0.2573,44.0,0.0233,-0.102,224,-0.1385,-0.2113,4,0.0,,0.0043,0.0003,0.0043,186.0,-0.051,-0.3716,0.185,-0.0201,-0.0728,342.0,-0.0015,0.0015,314.0,0.0023,0.0522,2142.0,0.0138,0.0309,935428.0,-0.0054,0.1742,714,-0.0259,-0.1669,0.8999,0.0161,0.2325,0.0
202309,53039,"klickitat, wa",599000.0,0.0,-0.018,91,0.103,0.0643,73.0,0.0355,0.1406,24,-0.0769,0.3333,0,,,0.0,0.0,0.0,32.0,0.2308,0.0,0.2569,0.0455,0.029,19.0,-0.0952,-0.4722,303.0,0.0405,0.006,1920.0,-0.0244,-0.0078,659113.0,-0.0277,-0.0237,111,0.0725,-0.0939,0.2088,-0.0458,-0.2123,0.0
202309,53061,"snohomish, wa",795000.0,-0.0056,0.0392,809,0.0765,-0.3945,36.0,0.2,-0.0649,652,-0.0269,-0.2608,12,-0.1429,-0.7,0.0054,-0.0005,-0.0054,380.0,0.2418,-0.5422,0.1685,0.0355,-0.0603,776.0,-0.1487,-0.3336,400.0,-0.0057,0.0227,2054.0,-0.0142,0.0126,929969.0,-0.0174,0.0777,1567,-0.0574,-0.3718,0.9592,-0.2537,0.0876,0.0
202309,53031,"jefferson, wa",699975.0,-0.0345,0.0012,99,-0.01,-0.0526,67.0,0.4255,0.5141,32,-0.2381,-0.3333,0,,-1.0,0.0,0.0,-0.0087,36.0,0.0588,-0.3077,0.2105,0.0262,-0.0207,50.0,-0.0385,-0.3103,385.0,0.0021,0.0683,1999.0,-0.029,0.0119,867575.0,-0.036,0.1027,147,-0.0607,-0.1648,0.5051,-0.0149,-0.1887,0.0
202309,53043,"lincoln, wa",380000.0,-0.0438,0.0167,57,0.0,0.0962,52.0,0.1886,-0.0415,16,0.1429,0.0,0,,,0.0,0.0,0.0,12.0,-0.5,0.0,0.1364,-0.1322,-0.0251,18.0,-0.027,1.25,197.0,0.0994,-0.1069,2204.0,-0.0336,0.1244,476182.0,0.0174,0.0034,74,-0.0263,0.2231,0.3158,-0.0088,0.1619,0.0
202309,53065,"stevens, wa",519000.0,-0.024,0.207,205,0.0224,0.1389,70.0,0.2963,0.2227,52,-0.2778,-0.2973,0,,-1.0,0.0,0.0,-0.005,84.0,-0.1064,0.2727,0.236,-0.018,0.0298,76.0,-0.1739,0.027,242.0,0.0008,-0.0348,2195.0,0.0045,0.142,614656.0,-0.0092,0.0497,280,-0.0444,0.1045,0.3707,-0.0881,-0.0404,0.0
202309,53035,"kitsap, wa",634500.0,-0.0238,0.0488,387,0.0065,-0.2471,43.0,0.1242,-0.0115,260,-0.1333,-0.1772,4,-0.3333,-0.8333,0.004,-0.0017,-0.0129,196.0,0.0316,-0.3553,0.2051,0.0224,-0.0168,342.0,-0.1105,-0.2111,313.0,-0.0005,0.0188,2113.0,-0.0181,0.0171,940497.0,0.0056,0.1457,733,-0.0431,-0.228,0.8837,-0.1163,0.0403,0.0
202309,53017,"douglas, wa",589500.0,0.0457,0.0748,77,0.1159,-0.2261,51.0,-0.2031,-0.1774,40,0.25,-0.1304,0,,,0.0,0.0,0.0,32.0,0.0667,-0.3043,0.2222,0.0246,-0.0388,40.0,-0.2727,-0.0244,279.0,0.0115,-0.081,2172.0,-0.0612,0.1011,714047.0,-0.0401,0.0841,116,-0.0607,-0.1773,0.5195,-0.2776,0.1074,0.0
202309,53005,"benton, wa",552450.0,-0.0306,0.0045,577,0.0548,0.3466,52.0,0.0947,0.04,248,-0.0949,-0.008,8,-0.2,-0.2,0.0082,-0.0018,-0.0032,212.0,-0.0702,-0.0185,0.2105,-0.0194,-0.025,172.0,-0.0875,-0.1291,257.0,-0.0127,0.0012,2242.0,-0.0044,-0.0184,607623.0,-0.0238,0.0322,759,0.0362,0.2096,0.2981,-0.0465,-0.1628,0.0
202309,53009,"clallam, wa",635000.0,-0.0226,0.0699,190,0.1047,-0.0821,56.0,-0.0133,0.0777,76,-0.2083,-0.283,0,,,0.0,0.0,0.0,80.0,0.0811,-0.1111,0.2229,0.0265,0.0046,85.0,-0.2377,-0.2019,316.0,-0.0267,0.0258,2163.0,0.0167,0.1412,776942.0,-0.0259,0.141,273,-0.0285,-0.1222,0.4474,-0.2009,-0.0671,0.0
202309,53007,"chelan, wa",698250.0,-0.0217,-0.0018,272,-0.0091,0.0646,64.0,0.1082,0.2019,84,-0.2075,-0.0233,0,,,0.0,0.0,0.0,124.0,0.1698,0.4091,0.2747,0.051,0.0919,100.0,-0.0291,0.0989,365.0,-0.0357,0.0532,2098.0,-0.0002,0.0259,935978.0,-0.0147,0.0075,372,-0.0172,0.0767,0.3676,-0.0076,0.0115,0.0
202309,53001,"adams, wa",339000.0,-0.0082,0.0006,43,0.1467,-0.2252,63.0,0.2755,0.1737,12,-0.1429,0.2,0,,,0.0,0.0,0.0,4.0,-0.6667,-0.7778,0.0563,-0.127,-0.1601,12.0,-0.25,-0.2941,208.0,-0.0402,0.0695,1944.0,0.0056,0.1469,410477.0,0.0522,0.1544,53,-0.0093,-0.274,0.2791,-0.1476,-0.0272,0.0
202309,53053,"pierce, wa",631503.0,0.0024,0.0667,1137,0.0013,-0.313,39.0,0.0833,-0.093,704,-0.1776,-0.2314,20,-0.2857,0.1111,0.007,-0.0027,0.0022,564.0,0.0562,-0.4577,0.1962,0.0104,-0.0761,885.0,-0.0946,-0.2993,314.0,-0.0066,0.0503,2151.0,0.0084,0.0345,802637.0,0.0019,0.1605,2015,-0.0416,-0.3095,0.7784,-0.0825,0.0152,0.0
202309,53047,"okanogan, wa",499900.0,-0.0269,0.0287,160,0.0997,0.1388,88.0,0.1466,0.3968,32,-0.3043,-0.2381,0,,,0.0,0.0,0.0,36.0,0.0588,-0.28,0.1614,0.0168,-0.0474,38.0,-0.2621,-0.1648,297.0,0.0451,0.0858,1672.0,-0.0683,0.0078,797688.0,-0.0279,0.2364,197,-0.0051,0.0591,0.2375,-0.1165,-0.0863,0.0
202309,53025,"grant, wa",389990.0,-0.0436,-0.0077,211,-0.0746,0.3439,71.0,0.0881,0.3148,76,0.027,-0.1556,4,,1.0,0.0093,0.0093,0.0038,60.0,-0.1429,0.0714,0.1395,-0.0187,-0.0071,145.0,-0.0236,-0.0169,249.0,-0.0068,0.1057,1676.0,-0.0249,-0.045,513001.0,-0.0013,0.0797,354,-0.0535,0.1664,0.6872,0.0359,-0.2523,0.0
202309,53019,"ferry, wa",330000.0,-0.1194,0.0759,44,0.2941,0.5714,62.0,0.2039,-0.225,8,-0.2,0.0,0,,,0.0,0.0,0.0,12.0,0.2,0.2,0.2712,0.0707,0.0485,5.0,-0.2857,-0.4118,240.0,0.0497,0.1849,1250.0,-0.0211,-0.1987,472459.0,0.0475,0.308,47,0.1605,0.2877,0.1136,-0.0922,-0.1899,0.0
202309,53063,"spokane, wa",510000.0,-0.0286,0.0626,1232,0.0366,0.0314,37.0,0.0423,0.0,668,0.0214,-0.0484,20,-0.0909,0.1111,0.0078,-0.0002,0.0015,596.0,-0.01,-0.226,0.2327,0.005,-0.0471,782.0,-0.1301,-0.1755,226.0,-0.0022,0.0123,2316.0,-0.0121,0.0482,619748.0,0.0008,0.0685,2013,-0.0345,-0.0593,0.6347,-0.1217,-0.1593,0.0
202309,53055,"san juan, wa",1795000.0,0.0846,0.4593,114,-0.1163,0.0179,96.0,0.1852,0.2843,20,-0.2308,-0.1667,0,,,0.0,0.0,0.0,20.0,-0.2308,0.4286,0.1081,-0.0263,0.0263,39.0,0.0986,0.0833,649.0,0.0043,-0.0083,2377.0,0.0433,0.1304,2912750.0,0.0341,0.3912,154,-0.061,0.0441,0.3421,0.0669,0.0207,0.0
202309,53015,"cowlitz, wa",499900.0,-0.0425,0.0734,263,0.1288,0.0057,46.0,0.1358,0.0455,108,-0.129,-0.2059,4,-0.6667,-0.3333,0.0076,-0.0146,-0.0025,140.0,0.4583,-0.0278,0.2286,0.0531,-0.0316,156.0,-0.0957,-0.0687,278.0,0.0259,0.0489,1996.0,-0.0438,0.0898,584254.0,-0.036,0.0556,418,0.0359,-0.0165,0.5932,-0.1472,-0.0474,0.0
202309,53077,"yakima, wa",429900.0,0.0115,0.0776,316,0.147,-0.0094,39.0,-0.0667,-0.061,172,0.0361,0.0118,0,,-1.0,0.0,0.0,-0.0027,132.0,0.4667,-0.1646,0.1818,0.041,-0.0417,179.0,-0.0653,-0.2234,228.0,-0.0057,0.0692,1943.0,0.0047,-0.0215,521315.0,-0.0044,0.1231,498,0.071,-0.0978,0.5665,-0.1286,-0.1561,0.0
202309,53057,"skagit, wa",722000.0,0.0333,0.1922,226,0.0536,-0.2352,43.0,0.1467,-0.0115,104,-0.2778,-0.2973,4,,,0.0082,0.0082,0.0082,88.0,0.0233,-0.3333,0.1874,0.0099,-0.0335,114.0,-0.2323,-0.2941,366.0,0.0339,0.0944,2021.0,-0.0326,0.0756,968346.0,0.0378,0.275,338,-0.0676,-0.2612,0.5044,-0.1879,-0.0421,0.0
202309,53045,"mason, wa",530000.0,0.0495,0.0844,149,-0.0261,-0.2749,50.0,0.1628,0.1236,64,-0.1795,-0.3725,4,,1.0,0.0126,0.0126,0.0084,60.0,-0.1176,-0.5313,0.2073,0.0138,-0.1066,76.0,-0.2692,-0.2692,300.0,-0.0203,0.0516,1815.0,0.026,0.0275,695637.0,0.0251,0.1465,225,-0.1296,-0.2707,0.5101,-0.1697,0.004,0.0
202309,53011,"clark, wa",649950.0,-0.0076,0.0834,1057,0.0272,-0.0825,46.0,0.0952,-0.0108,516,-0.14,-0.1429,48,-0.4,-0.3846,0.0196,-0.0126,-0.0098,432.0,-0.0226,-0.3881,0.1884,0.0143,-0.0711,762.0,-0.0792,-0.1649,307.0,0.0032,0.0413,2230.0,-0.0034,0.0703,849072.0,-0.0097,0.1401,1781,-0.0383,-0.1359,0.7209,-0.0833,-0.0712,0.0
202309,53021,"franklin, wa",482450.0,0.0053,-0.0246,174,0.1013,0.4936,43.0,0.1026,0.0683,76,-0.24,-0.1163,0,-1.0,,0.0,-0.0126,0.0,76.0,0.027,0.2667,0.2639,0.0193,0.0342,56.0,-0.1111,0.009,258.0,-0.0076,0.021,1990.0,-0.0035,-0.0478,570571.0,-0.0027,0.0364,230,0.0314,0.349,0.3218,-0.0769,-0.1546,0.0
202309,53071,"walla walla, wa",562450.0,0.0392,0.0339,110,0.0628,0.2155,43.0,-0.1134,-0.1088,52,0.0,-0.1875,0,,,0.0,0.0,0.0,56.0,0.0769,0.4,0.2557,-0.0045,0.0706,52.0,0.253,-0.2624,257.0,0.0019,0.0006,2259.0,0.0132,-0.0091,639477.0,-0.0002,-0.0654,164,0.1389,0.0155,0.4727,0.0718,-0.3063,0.0
202309,53041,"lewis, wa",535000.0,-0.0183,0.098,204,0.0462,-0.2941,50.0,0.0638,-0.1379,84,-0.1064,-0.3438,0,,-1.0,0.0,0.0,-0.0037,92.0,0.0952,-0.4945,0.2277,-0.0037,-0.1016,76.0,-0.1006,-0.342,279.0,-0.0153,0.0271,1892.0,0.0045,0.0453,620428.0,-0.0035,0.1273,287,0.038,-0.2843,0.3725,-0.0608,-0.0271,0.0
202309,53003,"asotin, wa",419000.0,0.0066,0.011,85,0.0119,0.5044,76.0,0.6237,0.3422,20,0.0,-0.4118,0,,,0.0,0.0,0.0,28.0,-0.2632,1.0,0.2222,-0.1079,0.1222,17.0,-0.1282,-0.5802,223.0,0.0253,0.0728,2128.0,-0.0157,0.0098,548407.0,0.0383,-0.0246,101,-0.0242,0.0576,0.2,-0.0321,-0.5168,0.0
202309,53059,"skamania, wa",675000.0,-0.011,-0.0356,44,-0.0435,0.375,65.0,0.1622,0.4413,8,-0.5,-0.3333,0,,,0.0,0.0,0.0,12.0,-0.4,0.2,0.2182,-0.0779,0.0448,13.0,0.0,0.0833,325.0,0.0273,-0.082,2383.0,0.0137,-0.0382,826381.0,0.0514,-0.1333,61,0.0339,0.4023,0.2955,0.0128,-0.0795,0.0
202309,53027,"grays harbor, wa",419000.0,0.0284,0.0489,324,-0.0499,-0.0595,64.0,0.2367,0.0407,100,-0.1667,-0.2063,0,,,0.0,0.0,0.0,100.0,-0.3827,-0.2537,0.1933,-0.0784,-0.0097,122.0,-0.0929,-0.1557,283.0,-0.0155,0.0461,1509.0,-0.0033,0.0182,488356.0,0.0027,0.1153,442,-0.0772,-0.0961,0.3765,-0.0179,-0.0429,0.0
202309,53049,"pacific, wa",425000.0,0.0,0.0155,144,-0.0649,0.0588,78.0,0.0333,0.3839,28,-0.3,-0.5333,0,,,0.0,0.0,0.0,32.0,-0.1579,-0.2,0.173,0.0139,0.0062,44.0,-0.1619,-0.1373,296.0,0.0132,0.0491,1508.0,-0.0333,-0.0182,515919.0,0.0015,0.0463,191,-0.0773,0.0296,0.3056,-0.0354,-0.0694,0.0
202309,53029,"island, wa",749450.0,0.006,-0.0007,209,0.0321,-0.0752,49.0,0.1829,0.0543,80,-0.322,-0.4667,0,,,0.0,0.0,0.0,96.0,0.2308,0.2308,0.2336,0.0591,0.0726,115.0,-0.1958,-0.2409,375.0,-0.0234,0.0301,1987.0,0.0037,-0.002,951454.0,-0.0408,0.0112,324,-0.0609,-0.144,0.5502,-0.1559,-0.1201,0.0
202309,53033,"king, wa",883475.0,-0.0177,0.0045,2820,0.0788,-0.2371,36.0,0.0588,-0.0526,2204,0.1862,-0.1233,32,0.4545,0.0,0.0051,0.0018,0.001,952.0,0.0554,-0.4609,0.1383,-0.0018,-0.07,1780.0,-0.0999,-0.2103,543.0,-0.0043,0.0403,1872.0,-0.0155,-0.0557,1469262.0,-0.0194,0.0999,4584,-0.0023,-0.2283,0.6312,-0.1253,0.0214,0.0
202309,53051,"pend oreille, wa",499000.0,0.002,-0.0019,77,-0.0375,0.0405,51.0,0.1591,0.0,20,0.25,-0.1667,0,,,0.0,0.0,0.0,24.0,-0.4286,-0.2941,0.189,-0.1714,-0.0749,21.0,-0.087,-0.3538,265.0,0.014,0.1259,1870.0,-0.056,-0.1012,786445.0,0.0242,0.3638,97,-0.0537,-0.0762,0.2727,-0.0148,-0.1665,0.0
202309,53069,"wahkiakum, wa",615000.0,0.0724,0.2727,11,-0.3889,-0.6393,93.0,0.2568,0.5897,0,-1.0,-1.0,0,,,0.0,0.0,0.0,4.0,-0.3333,-0.8,0.1818,-0.0087,-0.2843,11.0,-0.1852,0.5714,282.0,-0.0221,0.1137,2200.0,0.0592,0.0656,674518.0,0.0836,0.2798,22,-0.2903,-0.4054,1.0,0.25,0.7705,1.0
202309,53013,"columbia, wa",304900.0,-0.0574,-0.1782,17,0.0303,0.3077,50.0,0.0638,-0.3506,4,0.0,1.0,0,,,0.0,0.0,0.0,8.0,-0.2,0.3333,0.2857,-0.0549,0.0265,8.0,0.0667,0.6,161.0,-0.0647,-0.038,2141.0,-0.0328,0.1285,387711.0,-0.0483,-0.0698,26,0.1064,0.4857,0.4706,0.016,0.086,1.0
202309,53023,"garfield, wa",289500.0,-0.1358,0.2113,10,-0.1667,0.1111,56.0,0.3023,0.3494,4,-0.3333,1.0,0,,,0.0,0.0,0.0,4.0,-0.5,-0.5,0.3333,-0.0386,-0.2667,3.0,0.2,0.0,145.0,-0.1438,-0.1532,2180.0,0.0129,0.3374,328533.0,-0.2817,0.1238,13,-0.0714,0.1304,0.3,0.0917,-0.0333,1.0
202309,53037,"kittitas, wa",699950.0,-0.0278,0.0126,207,-0.0143,0.4476,67.0,0.0428,0.1602,60,-0.1667,0.0,0,,,0.0,0.0,0.0,68.0,-0.2766,0.0,0.196,-0.0627,-0.0299,73.0,-0.1257,-0.1462,386.0,-0.0245,0.0542,2029.0,-0.0572,0.0048,985063.0,-0.0717,0.0073,279,-0.0526,0.2104,0.3527,-0.045,-0.2452,0.0
202309,53075,"whitman, wa",456000.0,0.0133,0.1259,105,0.0606,0.2651,65.0,0.2037,0.1304,28,-0.2632,-0.125,0,,,0.0,0.0,0.0,44.0,0.2941,0.375,0.2821,0.0845,0.0666,18.0,-0.1818,-0.3333,202.0,-0.0354,0.0078,2402.0,0.054,0.0952,500891.0,-0.0246,0.0543,124,0.0164,0.1222,0.1714,-0.0508,-0.1539,0.0
202309,53067,"thurston, wa",576550.0,-0.0018,0.0628,406,0.0137,-0.2397,41.0,0.1714,0.0446,196,-0.4463,-0.3951,16,3.0,,0.016,0.0124,0.016,164.0,-0.0787,-0.481,0.1775,0.0184,-0.0719,322.0,-0.1356,-0.191,286.0,0.01,0.0327,2168.0,0.0118,0.0698,721506.0,-0.0008,0.1463,728,-0.0582,-0.2189,0.7931,-0.137,0.0478,0.0
202309,53073,"whatcom, wa",698900.0,0.0174,0.097,498,-0.0514,-0.1728,49.0,0.1529,0.1264,212,-0.298,-0.3161,4,-0.5,-0.3333,0.004,-0.0029,-0.0005,152.0,0.0411,-0.4328,0.1484,0.017,-0.0585,279.0,-0.0985,-0.1455,362.0,0.0181,-0.0022,1979.0,0.0171,0.0546,888539.0,0.0134,0.0914,777,-0.0689,-0.1591,0.5602,-0.0293,0.0179,0.0
202308,53041,"lewis, wa",545000.0,-0.0354,0.0902,195,0.1143,-0.3146,47.0,0.0444,0.0444,94,0.175,-0.1607,0,,-1.0,0.0,0.0,-0.0116,84.0,0.0,-0.5059,0.2314,-0.0201,-0.0939,85.0,-0.0914,-0.3102,283.0,0.0011,0.0314,1883.0,-0.0188,0.0109,622589.0,0.014,0.1056,277,0.0395,-0.3223,0.4333,-0.0981,0.0028,0.0
202308,53057,"skagit, wa",698750.0,-0.0007,0.1657,215,0.0725,-0.2802,38.0,-0.1176,0.0067,144,0.2,-0.1818,0,-1.0,,0.0,-0.0087,0.0,86.0,0.1944,-0.4819,0.1774,0.0423,-0.0683,149.0,0.1082,-0.1907,354.0,-0.0144,0.0506,2089.0,0.0336,0.0969,933072.0,0.0047,0.2249,363,0.0853,-0.2432,0.6923,0.0223,0.0765,0.0
202308,53039,"klickitat, wa",599000.0,-0.067,-0.1406,83,0.0855,-0.0833,71.0,0.41,0.4536,26,0.625,-0.35,0,,-1.0,0.0,0.0,-0.0246,26.0,-0.1875,-0.1875,0.2114,-0.0553,0.0132,21.0,-0.3824,-0.3115,292.0,-0.03,-0.07,1968.0,-0.0238,-0.0224,677920.0,-0.0703,-0.0502,104,-0.0327,-0.1411,0.2545,-0.1928,-0.0843,1.0
202308,53061,"snohomish, wa",799475.0,-0.0006,0.0316,752,0.0496,-0.4858,30.0,0.0,-0.0909,670,-0.0746,-0.3246,14,-0.125,0.4,0.0059,-0.0007,0.0031,306.0,0.0066,-0.6408,0.133,0.0026,-0.1043,912.0,-0.0157,-0.2302,403.0,0.0089,0.02,2083.0,-0.013,0.033,946485.0,-0.0157,0.1059,1663,0.0076,-0.3686,1.2129,-0.0804,0.4028,0.0
202308,53049,"pacific, wa",425000.0,0.0012,-0.0355,154,-0.0435,0.2174,75.0,0.2,0.4085,40,-0.3333,-0.3103,0,,,0.0,0.0,0.0,38.0,-0.2692,-0.2083,0.1591,-0.0357,-0.0525,53.0,-0.0094,-0.0187,292.0,0.0067,0.047,1560.0,0.0186,0.0039,515158.0,0.0584,0.0158,207,-0.0505,0.1436,0.3409,0.0117,-0.082,0.0
202308,53047,"okanogan, wa",513738.0,0.0173,0.0306,146,0.0246,0.1323,77.0,0.3233,0.3348,46,-0.0417,0.0952,0,,,0.0,0.0,0.0,34.0,-0.2273,0.1333,0.1446,-0.0459,0.0044,52.0,0.03,0.0404,284.0,0.0452,-0.0245,1795.0,-0.0515,0.104,820598.0,-0.0195,0.2754,198,0.0366,0.1092,0.354,0.0018,-0.0313,0.0
202308,53073,"whatcom, wa",686975.0,0.041,0.0634,525,0.0521,-0.1587,43.0,-0.0341,0.1806,302,0.1103,-0.1118,8,1.0,,0.0069,0.0036,0.0069,146.0,-0.0641,-0.4748,0.1314,-0.0087,-0.0838,310.0,-0.0388,-0.1257,355.0,0.0121,-0.0152,1946.0,-0.0027,0.0393,876804.0,0.039,0.0857,835,0.0252,-0.1454,0.5895,-0.0558,0.0222,0.0
202308,53005,"benton, wa",569875.0,0.007,0.0653,547,0.058,0.2048,48.0,-0.0686,0.2667,274,0.0703,0.0787,10,0.25,0.6667,0.01,0.0017,0.0035,228.0,0.2391,-0.0339,0.2299,0.0397,-0.0422,189.0,-0.0333,-0.1129,260.0,-0.0069,0.0275,2252.0,0.0099,0.011,622441.0,0.0164,0.0869,733,0.0302,0.1023,0.3446,-0.0326,-0.1235,0.0
202308,53007,"chelan, wa",713750.0,0.0212,0.0011,275,0.1296,0.0497,58.0,0.155,0.4085,106,-0.0536,-0.0536,0,,,0.0,0.0,0.0,106.0,0.1522,0.0,0.2237,0.0036,0.0005,103.0,0.1075,0.0049,378.0,-0.0364,0.0772,2098.0,0.0407,0.0088,949900.0,-0.0178,0.0181,379,0.1198,0.0413,0.3752,-0.0075,-0.0167,0.0
202308,53045,"mason, wa",505000.0,-0.0146,0.0161,153,-0.0438,-0.2766,43.0,0.1026,0.1944,78,-0.25,-0.2642,0,-1.0,,0.0,-0.0114,0.0,68.0,-0.0556,-0.3818,0.1935,-0.0099,-0.073,104.0,0.1556,-0.0545,306.0,-0.0289,0.0559,1769.0,0.0006,0.0031,678603.0,-0.0133,0.1024,259,0.034,-0.1922,0.6797,0.1172,0.1596,0.0
202308,53009,"clallam, wa",649713.0,-0.0004,0.0847,172,-0.0337,-0.165,56.0,0.1029,0.3081,96,0.0435,-0.1579,0,,-1.0,0.0,0.0,-0.0093,74.0,0.1563,-0.075,0.1963,0.0219,0.0074,112.0,0.115,0.0519,324.0,0.0089,0.0297,2127.0,0.015,0.0919,797624.0,0.0131,0.1541,281,0.0072,-0.0965,0.6483,0.0865,0.1337,0.0
202308,53051,"pend oreille, wa",498000.0,-0.0273,-0.0206,80,0.2121,0.0811,44.0,-0.0222,0.1429,16,-0.5,-0.5556,0,,,0.0,0.0,0.0,42.0,0.3125,0.4,0.3604,0.1044,0.1466,23.0,-0.2069,-0.2813,261.0,-0.0243,0.015,1981.0,-0.0405,-0.0716,767862.0,0.2494,0.2034,103,0.1022,-0.0421,0.2875,-0.1519,-0.1449,0.0
202308,53069,"wahkiakum, wa",573500.0,0.2202,0.1802,18,-0.3333,-0.25,74.0,0.4369,0.5025,4,0.0,-0.5,0,,,0.0,0.0,0.0,6.0,-0.5,-0.5,0.1905,-0.0704,-0.1012,14.0,0.9286,0.6875,288.0,0.1031,0.1027,2077.0,0.1721,-0.0166,622503.0,0.166,0.0987,31,-0.0313,-0.0462,0.75,0.4907,0.4167,0.0
202308,53023,"garfield, wa",335000.0,-0.0427,0.5864,12,0.5,0.8462,43.0,0.1026,0.9326,6,0.5,0.5,0,,,0.0,0.0,0.0,8.0,1.0,3.0,0.372,0.1815,0.2291,3.0,-0.1667,-0.4444,169.0,-0.0127,0.102,2152.0,0.0034,0.4387,457354.0,-0.1128,0.8334,14,0.2727,0.2727,0.2083,-0.1667,-0.484,1.0
202308,53065,"stevens, wa",531750.0,-0.0332,0.1476,201,0.0608,0.1016,54.0,0.2558,0.0093,72,-0.1818,0.0286,0,,-1.0,0.0,0.0,-0.0118,94.0,0.2368,0.2703,0.254,0.0311,0.0285,92.0,0.0455,0.122,241.0,-0.0489,-0.0609,2185.0,0.0366,0.0618,620367.0,0.0091,0.0047,293,0.0733,0.1141,0.4589,-0.0068,0.0083,0.0
202308,53031,"jefferson, wa",725000.0,-0.0391,0.0162,100,0.0417,-0.0991,47.0,0.0682,0.3926,42,-0.3438,-0.5,0,,-1.0,0.0,0.0,-0.0189,34.0,-0.0556,-0.3704,0.1844,0.0237,-0.0482,52.0,-0.2353,-0.168,384.0,-0.0101,0.1034,2059.0,-0.0398,0.0419,900000.0,0.0055,0.1806,157,-0.0219,-0.1032,0.52,-0.1883,-0.0431,0.0
202308,53001,"adams, wa",341800.0,-0.0558,0.0089,38,-0.0385,-0.3182,49.0,-0.0392,0.2327,14,-0.125,-0.125,0,,-1.0,0.0,0.0,-0.022,12.0,2.0,-0.1429,0.1833,0.1277,0.024,16.0,-0.2,-0.2727,217.0,0.0417,-0.014,1933.0,-0.0194,0.1667,390124.0,-0.0435,0.0756,54,-0.1083,-0.2914,0.4267,-0.0862,0.0267,0.0
202308,53003,"asotin, wa",416250.0,-0.0193,0.0551,84,0.0769,0.4737,47.0,0.1923,0.069,20,-0.5455,-0.0909,0,,,0.0,0.0,0.0,38.0,0.5833,0.4615,0.3301,0.1763,0.1071,20.0,-0.2778,-0.5244,218.0,0.0173,0.0671,2162.0,-0.0146,0.026,528161.0,-0.0242,-0.0873,104,-0.0417,0.0561,0.2321,-0.114,-0.4872,0.0
202308,53037,"kittitas, wa",719963.0,-0.04,0.0416,210,-0.0141,0.3333,64.0,0.3967,0.2238,72,0.0,-0.0526,0,,,0.0,0.0,0.0,94.0,-0.0208,0.175,0.2587,-0.0038,-0.0036,84.0,0.2101,-0.0347,395.0,-0.0128,0.0348,2152.0,-0.0247,0.0997,1061168.0,-0.0303,0.1032,295,0.0632,0.202,0.3976,0.0737,-0.1516,0.0
202308,53067,"thurston, wa",577583.0,-0.0032,0.0532,401,0.1125,-0.2918,35.0,0.0294,0.0,354,0.2292,-0.149,4,0.0,-0.3333,0.0036,-0.0002,-0.0007,178.0,0.0854,-0.5083,0.1591,0.0115,-0.1122,373.0,-0.0734,-0.0629,284.0,-0.0122,-0.0026,2143.0,0.0126,0.0608,722106.0,0.0081,0.1228,773,0.0078,-0.1977,0.9301,-0.1866,0.2272,0.0
202308,53059,"skamania, wa",682500.0,-0.0215,-0.0245,46,0.0455,0.4154,56.0,0.1935,0.2472,16,0.0,0.1429,0,,-1.0,0.0,0.0,-0.0313,20.0,0.6667,0.1111,0.2961,0.0927,-0.0621,13.0,0.0,0.0,317.0,-0.0029,-0.0616,2350.0,-0.0137,-0.0244,785953.0,-0.0713,-0.1092,59,0.0172,0.3111,0.2826,-0.0128,-0.1174,0.0
202308,53053,"pierce, wa",629970.0,-0.0079,0.05,1136,0.1035,-0.3495,36.0,0.0286,0.0141,856,-0.0446,-0.233,28,-0.3,0.2727,0.0097,-0.0038,0.0044,534.0,0.1033,-0.5258,0.1858,0.0263,-0.0832,978.0,-0.0708,-0.2947,316.0,0.0007,0.0494,2133.0,0.0005,0.0126,801106.0,0.0053,0.1491,2103,0.0157,-0.3211,0.8609,-0.1615,0.0668,0.0
202308,53027,"grays harbor, wa",407438.0,-0.0276,0.0186,341,0.0396,-0.0448,52.0,0.1897,0.0,120,-0.2308,-0.1045,0,,,0.0,0.0,0.0,162.0,0.1912,0.0253,0.2717,0.0641,0.0245,135.0,0.0113,-0.1294,288.0,-0.0277,0.0446,1514.0,0.0093,0.019,487050.0,-0.0265,0.09,479,0.0301,-0.0626,0.3944,-0.0111,-0.0383,0.0
202308,53043,"lincoln, wa",397400.0,-0.1634,0.0529,57,0.0755,0.3571,44.0,-0.125,-0.3056,14,-0.3,-0.125,0,,,0.0,0.0,0.0,24.0,0.5,2.0,0.2686,0.0608,0.1463,19.0,-0.119,0.3704,179.0,-0.104,-0.1535,2280.0,0.0,0.0057,468042.0,-0.0854,-0.1438,76,0.0133,0.3818,0.3246,-0.0717,0.0031,0.0
202308,53075,"whitman, wa",450000.0,-0.0674,0.1044,99,0.0532,0.2,54.0,0.125,0.2273,38,-0.05,0.1176,0,,,0.0,0.0,0.0,34.0,0.0625,-0.15,0.1976,0.0208,-0.0574,22.0,-0.4211,-0.3529,210.0,-0.0189,0.0296,2279.0,-0.0446,0.0333,513501.0,-0.0293,0.0811,122,-0.0615,0.0472,0.2222,-0.182,-0.1899,0.0
202308,53063,"spokane, wa",525000.0,-0.0094,0.0606,1189,0.0481,0.0021,36.0,0.0758,0.1833,654,-0.1066,-0.2063,22,0.375,0.2222,0.008,0.0024,0.002,602.0,-0.0163,-0.2079,0.2277,0.0126,-0.0219,899.0,0.0239,-0.1242,226.0,-0.0189,0.003,2344.0,-0.0054,0.0548,619280.0,-0.0172,0.0476,2085,0.0568,-0.0576,0.7564,-0.0178,-0.1091,0.0
202308,53029,"island, wa",744975.0,-0.0067,-0.0159,203,0.0025,-0.1157,41.0,-0.0465,0.1081,118,-0.1061,-0.1061,0,-1.0,,0.0,-0.008,0.0,78.0,-0.025,-0.3158,0.1745,0.0122,-0.043,143.0,-0.0272,-0.1173,384.0,-0.0105,0.0495,1980.0,-0.0202,0.0087,991910.0,-0.0295,0.0697,345,-0.0029,-0.1142,0.7062,-0.0215,-0.0013,0.0
202308,53015,"cowlitz, wa",522100.0,-0.0036,0.0895,233,0.0888,-0.1465,41.0,-0.1,0.08,124,-0.0882,-0.1389,12,2.0,-0.7273,0.0222,0.0139,-0.0535,96.0,0.0435,-0.4607,0.1754,-0.0003,-0.1195,173.0,0.0268,-0.0701,271.0,0.0048,0.0456,2088.0,0.0329,0.137,606103.0,-0.017,0.1016,404,0.0508,-0.1083,0.7403,-0.0447,0.0609,0.0
202308,53017,"douglas, wa",563750.0,0.0597,0.025,69,-0.0676,-0.2813,64.0,0.3913,0.3403,32,0.0,-0.3333,0,,,0.0,0.0,0.0,30.0,0.875,0.0,0.1976,0.1143,0.0263,55.0,0.1224,0.1458,276.0,0.0098,-0.1113,2314.0,0.0178,0.2081,743843.0,0.0723,0.1386,124,-0.004,-0.1364,0.7971,0.1349,0.2971,0.0
202308,53019,"ferry, wa",374750.0,0.0439,0.3336,34,0.2593,0.1724,52.0,0.3733,-0.2721,10,-0.1667,1.5,0,,,0.0,0.0,0.0,10.0,0.25,1.5,0.2005,0.0338,0.1005,7.0,0.0,-0.125,228.0,-0.1636,0.0819,1277.0,0.0332,-0.1708,451015.0,-0.079,0.3307,41,0.2273,0.125,0.2059,-0.0534,-0.07,1.0
202308,53071,"walla walla, wa",541250.0,-0.0159,-0.0149,104,0.1374,0.1564,49.0,-0.1261,0.1687,52,0.3,0.0833,0,,,0.0,0.0,0.0,52.0,0.0833,0.3684,0.2602,-0.0006,0.0799,42.0,-0.0978,-0.3566,256.0,0.0222,-0.0393,2230.0,0.0134,0.0107,639605.0,-0.0061,-0.0691,144,0.036,-0.068,0.401,-0.1045,-0.3197,0.0
202308,53025,"grant, wa",407754.0,0.0195,0.0523,228,0.0507,0.4074,65.0,0.0116,0.3385,74,-0.1591,-0.119,0,-1.0,-1.0,0.0,-0.0084,-0.0102,70.0,-0.0789,0.0294,0.1583,-0.0152,-0.0048,149.0,0.0171,-0.0748,251.0,0.0006,0.0904,1718.0,-0.0025,0.0199,513679.0,0.0116,0.0642,374,0.0535,0.1472,0.6513,-0.0215,-0.3394,0.0
202308,53055,"san juan, wa",1655000.0,0.0729,0.3083,129,-0.0584,0.1026,81.0,0.35,0.2656,26,-0.1875,-0.1875,0,,,0.0,0.0,0.0,26.0,-0.35,0.0833,0.1344,-0.049,-0.0027,36.0,0.1094,0.2034,646.0,0.0104,-0.0142,2278.0,0.0041,0.0859,2816753.0,-0.0229,0.2448,164,-0.0353,0.1349,0.2752,0.0416,0.0231,0.0
202308,53021,"franklin, wa",479900.0,-0.0402,-0.0067,158,0.1704,0.339,39.0,-0.3217,0.1304,100,0.1364,0.0417,4,-0.5,,0.0126,-0.0144,0.0126,74.0,0.85,0.1935,0.2446,0.1099,0.0224,63.0,-0.1486,-0.0308,260.0,0.0011,0.0384,1997.0,-0.028,-0.0613,572098.0,-0.0294,0.0539,223,0.067,0.2253,0.3987,-0.1494,-0.1521,0.0
202308,53013,"columbia, wa",323450.0,-0.1362,-0.0876,17,0.1,0.1786,47.0,0.0805,-0.3088,4,0.0,0.0,0,,,0.0,0.0,0.0,10.0,,0.6667,0.3406,0.3406,0.0998,8.0,0.5,0.0714,172.0,0.0422,-0.0063,2213.0,-0.0583,0.2955,407373.0,-0.1201,0.1114,24,0.175,0.119,0.4545,0.1212,-0.0455,0.0
202308,53035,"kitsap, wa",650000.0,0.0,0.0318,385,0.1177,-0.3066,38.0,0.1953,0.1168,300,0.1719,-0.1018,6,-0.5,-0.5714,0.0057,-0.0068,-0.0045,190.0,0.2838,-0.3791,0.1827,0.0246,-0.0427,385.0,0.0253,-0.1931,313.0,0.0131,-0.0066,2152.0,0.0189,0.0257,935244.0,0.0081,0.105,766,0.0595,-0.2581,1.0,-0.0901,0.1407,0.0
202308,53077,"yakima, wa",425000.0,0.0392,0.0254,276,0.0318,-0.1198,41.0,-0.0625,0.0645,166,0.0375,-0.2906,0,-1.0,-1.0,0.0,-0.0058,-0.0078,90.0,0.0714,-0.3284,0.1408,0.0116,-0.0229,192.0,-0.1134,-0.2475,230.0,0.0103,0.0656,1934.0,0.0195,-0.0396,523630.0,0.0154,0.1077,465,-0.0272,-0.1784,0.6951,-0.1139,-0.118,0.0
202308,53011,"clark, wa",654950.0,0.0001,0.0926,1029,0.0342,-0.1228,42.0,0.1351,0.0769,600,-0.0323,-0.1643,80,1.2222,-0.7279,0.0321,0.0173,-0.0667,442.0,0.0728,-0.4751,0.1741,0.0045,-0.1135,828.0,-0.0744,-0.202,306.0,0.0067,0.0375,2238.0,-0.0091,0.0688,857397.0,-0.0016,0.1705,1852,-0.0027,-0.1624,0.8042,-0.0943,-0.0799,0.0
202308,53033,"king, wa",899425.0,-0.0202,-0.0001,2614,0.0414,-0.3008,34.0,0.0303,0.0303,1858,-0.054,-0.2206,22,-0.2143,-0.2667,0.0034,-0.0007,-0.0002,902.0,0.1389,-0.4355,0.1401,0.0108,-0.0459,1978.0,-0.0325,-0.2057,545.0,0.0011,0.0433,1902.0,-0.0198,-0.0459,1498393.0,-0.0036,0.1209,4595,0.0104,-0.2612,0.7565,-0.0578,0.0906,0.0
202307,53051,"pend oreille, wa",512000.0,-0.1096,-0.1248,66,0.1186,-0.0294,45.0,0.2676,0.3043,32,0.0,0.3333,0,,,0.0,0.0,0.0,32.0,0.6,0.6,0.256,0.0953,0.0599,29.0,0.0943,0.0741,268.0,0.0673,-0.0538,2064.0,-0.0703,-0.0396,614592.0,-0.0545,-0.127,93,0.0877,-0.0211,0.4394,-0.0098,0.0423,1.0
202307,53003,"asotin, wa",424450.0,-0.053,0.0419,78,0.4579,0.322,39.0,-0.1236,0.3,44,1.0,0.2222,0,,,0.0,0.0,0.0,24.0,-0.0769,0.2,0.1538,-0.1055,0.0256,27.0,0.0385,-0.2895,214.0,0.0062,0.0234,2194.0,-0.0183,0.065,541274.0,-0.0675,-0.0797,108,0.3935,0.1134,0.3462,-0.1398,-0.2979,0.0
202307,53065,"stevens, wa",550000.0,0.0283,0.1482,189,0.0988,0.0385,43.0,0.1944,0.1944,88,0.0732,0.2941,0,,,0.0,0.0,0.0,76.0,0.1515,-0.05,0.2229,0.0278,-0.0286,88.0,0.0292,0.1,254.0,-0.0373,-0.0346,2108.0,0.0364,0.054,614748.0,-0.0104,-0.0153,273,0.0623,0.05,0.4656,-0.0315,0.026,0.0
202307,53059,"skamania, wa",697500.0,-0.0542,-0.0245,44,0.3134,0.4194,47.0,0.2237,0.2078,16,0.6,0.3333,0,,-1.0,0.0,0.0,-0.0714,12.0,0.2,0.0,0.2034,0.0162,0.0098,13.0,0.2381,-0.2353,318.0,-0.122,-0.0808,2383.0,-0.0077,0.0648,846287.0,-0.0888,-0.0147,58,0.3182,0.2083,0.2955,-0.018,-0.2529,0.0
202307,53011,"clark, wa",654900.0,-0.0144,0.0917,995,0.1148,-0.1474,37.0,0.2333,0.1935,620,-0.1599,-0.2439,36,-0.5714,-0.9,0.0148,-0.0196,-0.103,412.0,0.3121,-0.556,0.1696,0.0417,-0.134,894.0,0.0205,-0.142,304.0,-0.0139,0.0183,2258.0,-0.0007,0.0817,858751.0,-0.0003,0.1526,1857,0.0512,-0.1601,0.8985,-0.083,0.0056,0.0
202307,53071,"walla walla, wa",550000.0,0.0102,0.0476,91,0.0282,0.0,56.0,0.1684,0.8197,40,-0.0909,-0.375,0,,-1.0,0.0,0.0,-0.0191,48.0,0.2,0.2,0.2609,0.0341,0.0695,46.0,-0.1481,-0.3134,251.0,-0.0322,-0.0619,2200.0,-0.0274,0.028,643506.0,-0.0012,-0.0291,139,-0.0381,-0.1203,0.5055,-0.1047,-0.2308,0.0
202307,53035,"kitsap, wa",650000.0,0.0008,0.0833,344,0.099,-0.3594,32.0,0.0159,0.1429,256,-0.2889,-0.4074,12,0.5,0.5,0.0124,0.0043,0.0071,148.0,0.1045,-0.5256,0.1581,0.0266,-0.0539,375.0,-0.0458,-0.174,309.0,0.0141,-0.0133,2112.0,-0.0037,0.0154,927694.0,0.0094,0.1651,723,0.0241,-0.2667,1.0901,-0.1655,0.2447,0.0
202307,53033,"king, wa",917990.0,-0.0128,0.02,2510,0.0331,-0.3347,33.0,0.1186,0.1379,1964,-0.1664,-0.3427,28,-0.2222,-0.125,0.0041,-0.0011,0.0005,792.0,-0.0704,-0.584,0.1293,0.0064,-0.0729,2044.0,-0.065,-0.1335,545.0,-0.0058,0.0351,1940.0,0.0,-0.0396,1503822.0,0.0193,0.1206,4547,-0.0147,-0.2525,0.8143,-0.0854,0.1891,0.0
202307,53005,"benton, wa",565900.0,0.0319,0.0346,517,0.0258,0.2339,51.0,0.1591,0.6452,256,-0.1467,-0.2558,8,-0.5556,-0.6,0.0083,-0.0099,-0.0104,184.0,-0.0213,-0.0213,0.1903,0.0065,-0.007,195.0,0.0773,-0.1737,262.0,-0.0022,0.0469,2230.0,0.0231,-0.0002,612424.0,0.0227,0.0704,711,0.0364,0.0855,0.3772,0.018,-0.1861,0.0
202307,53027,"grays harbor, wa",419000.0,0.0085,0.0346,328,0.2037,-0.0493,44.0,-0.0225,0.1757,156,0.1304,-0.1136,0,,,0.0,0.0,0.0,136.0,0.283,-0.1707,0.2076,0.0075,-0.0431,133.0,-0.0037,-0.0432,296.0,0.0551,0.0543,1500.0,-0.0141,0.0197,500301.0,0.072,0.1134,465,0.1553,-0.0491,0.4055,-0.0844,0.0026,0.0
202307,53055,"san juan, wa",1542500.0,0.1642,0.1426,137,0.0745,0.181,60.0,0.194,0.165,32,0.1429,-0.3333,0,,,0.0,0.0,0.0,40.0,1.2222,0.0,0.1835,0.0818,-0.0422,32.0,0.3061,0.3333,640.0,-0.0082,0.0517,2269.0,0.0408,0.0573,2882771.0,-0.012,0.2356,170,0.1111,0.2319,0.2336,0.0414,0.0267,0.0
202307,53063,"spokane, wa",529995.0,0.0,0.0602,1134,0.1862,0.0432,33.0,0.1,0.2692,732,-0.0711,-0.2531,16,0.0,-0.4286,0.0056,-0.0003,-0.003,612.0,0.36,-0.1685,0.2151,0.0476,-0.0142,878.0,-0.0734,-0.1442,230.0,-0.0043,0.0092,2357.0,0.0035,0.0658,630135.0,-0.0085,0.0407,1973,0.0341,-0.0632,0.7743,-0.2169,-0.1696,0.0
202307,53037,"kittitas, wa",749950.0,-0.0379,0.0013,213,0.1801,0.3922,46.0,0.2432,0.15,72,-0.2653,-0.2174,0,,,0.0,0.0,0.0,96.0,0.6,0.4118,0.2625,0.0875,0.0417,69.0,-0.0213,-0.1977,401.0,0.0034,0.0491,2206.0,-0.0276,0.0981,1094371.0,-0.0385,-0.053,277,0.1014,0.1688,0.3239,-0.0666,-0.2381,0.0
202307,53013,"columbia, wa",374450.0,-0.1631,0.0134,15,0.25,0.25,44.0,0.16,-0.1553,4,-0.3333,,0,,,0.0,0.0,0.0,0.0,,-1.0,0.0,0.0,-0.2105,5.0,-0.0909,-0.2857,165.0,0.1286,-0.1412,2350.0,-0.0501,0.4303,462983.0,-0.019,0.2189,20,0.1765,0.0526,0.3333,-0.125,-0.25,0.0
202307,53067,"thurston, wa",579450.0,0.0493,0.0555,360,0.1043,-0.3143,34.0,0.1333,0.3077,288,-0.3175,-0.3514,4,-0.6,0.0,0.0038,-0.0043,0.001,164.0,0.3443,-0.5495,0.1476,0.0479,-0.1129,402.0,0.0025,-0.0694,287.0,-0.0026,0.0076,2116.0,0.0155,0.0475,716295.0,0.0302,0.1046,767,0.055,-0.196,1.1167,-0.1134,0.2938,0.0
202307,53041,"lewis, wa",565000.0,0.0273,0.0762,175,0.0802,-0.2857,45.0,0.0112,0.25,80,-0.1304,-0.4118,0,,-1.0,0.0,0.0,-0.0156,84.0,0.2727,-0.5,0.2515,0.055,-0.0454,93.0,0.2,-0.1913,283.0,-0.0148,-0.0114,1919.0,0.0272,0.0376,614020.0,0.0187,0.0517,266,0.1037,-0.2692,0.5314,0.053,0.062,0.0
202307,53047,"okanogan, wa",505000.0,0.0025,-0.0801,142,0.0558,0.1833,58.0,0.2961,0.3182,48,-0.1429,0.2,0,,,0.0,0.0,0.0,44.0,0.5714,0.5714,0.1905,0.0825,0.062,50.0,-0.0476,-0.1525,272.0,0.0037,-0.1253,1892.0,0.0007,0.1323,836898.0,-0.0183,0.3073,191,0.0214,0.0611,0.3521,-0.0382,-0.1396,0.0
202307,53077,"yakima, wa",408950.0,0.0058,-0.0488,267,0.0616,-0.0498,44.0,0.0476,0.375,160,-0.0805,-0.2157,4,-0.5,0.0,0.0058,-0.0068,0.0002,84.0,-0.1429,-0.3226,0.1292,-0.0216,-0.0318,216.0,0.0165,-0.191,227.0,0.0103,0.0099,1897.0,0.003,-0.0579,515666.0,0.0193,0.0569,478,0.0425,-0.1132,0.809,-0.0359,-0.1412,0.0
202307,53009,"clallam, wa",649975.0,0.0062,0.0851,178,0.0691,-0.0825,51.0,0.3077,0.6452,92,-0.0612,-0.1786,0,,,0.0,0.0,0.0,64.0,0.1034,-0.1579,0.1744,0.0259,-0.0316,100.0,-0.0566,0.0309,321.0,0.0175,0.0442,2096.0,0.0083,0.0514,787342.0,0.0118,0.0889,279,0.009,-0.0478,0.5618,-0.0748,0.0618,0.0
202307,53021,"franklin, wa",500000.0,-0.0417,0.0989,135,-0.0426,0.2385,58.0,0.1165,0.8548,88,0.375,-0.0435,8,1.0,,0.0269,0.0112,0.0269,40.0,-0.0909,-0.375,0.1347,-0.038,-0.1331,74.0,0.2033,0.6087,260.0,0.0071,0.0701,2055.0,-0.0059,0.0002,589440.0,0.0174,0.093,209,0.0195,0.2744,0.5481,0.112,0.1261,0.0
202307,53019,"ferry, wa",359000.0,-0.1003,0.177,27,0.3846,-0.0357,38.0,0.2097,-0.2647,12,0.5,0.0,0,,,0.0,0.0,0.0,8.0,1.0,-0.5,0.1667,0.0653,-0.114,7.0,0.75,-0.4167,273.0,0.0767,0.1775,1236.0,-0.21,-0.2177,489702.0,-0.0004,0.3148,33,0.375,-0.1951,0.2593,0.0541,-0.1693,0.0
202307,53007,"chelan, wa",698900.0,0.0181,-0.028,243,0.1739,0.0658,50.0,0.1111,0.3158,112,0.1915,-0.2821,0,-1.0,,0.0,-0.0052,0.0,92.0,0.3939,-0.1481,0.2201,0.0551,0.0067,93.0,0.0449,-0.1058,393.0,0.0676,0.0963,2016.0,-0.0027,0.0005,967137.0,0.0374,0.0519,338,0.14,0.012,0.3827,-0.0472,-0.0734,0.0
202307,53075,"whitman, wa",482500.0,0.0245,0.2231,94,0.033,0.1605,48.0,0.3061,0.2632,40,-0.1667,-0.2308,0,,,0.0,0.0,0.0,32.0,0.0667,0.1429,0.1768,-0.0057,0.0204,38.0,0.3103,-0.2245,214.0,-0.005,0.0891,2386.0,0.0481,0.1016,528998.0,-0.012,0.1142,130,0.0656,-0.0076,0.4043,0.0856,-0.2007,0.0
202307,53045,"mason, wa",512475.0,0.0275,0.027,160,0.1268,-0.096,39.0,0.0986,0.3448,104,0.1818,-0.1613,4,0.0,,0.0114,-0.0012,0.0114,72.0,0.0909,-0.3077,0.2034,-0.004,-0.038,90.0,0.0227,-0.1667,315.0,-0.0007,0.0506,1768.0,0.0142,0.0091,687760.0,-0.0193,0.0781,250,0.0799,-0.1289,0.5625,-0.0572,-0.0477,0.0
202307,53025,"grant, wa",399945.0,-0.0001,0.0255,217,0.096,0.391,65.0,0.1416,0.5357,88,0.2941,-0.1852,4,,,0.0084,0.0084,0.0084,76.0,0.9,0.0,0.1735,0.0742,0.0026,146.0,-0.0759,-0.2065,251.0,0.0206,0.0888,1723.0,0.0143,0.0256,507812.0,0.0231,0.0589,355,0.0057,0.0441,0.6728,-0.1252,-0.5067,0.0
202307,53001,"adams, wa",362000.0,-0.0138,0.1677,39,0.0833,0.1143,51.0,-0.1207,0.1591,16,0.6,0.0,0,,,0.0,0.0,0.0,4.0,-0.75,-0.75,0.0556,-0.1589,-0.1284,20.0,-0.1489,-0.1667,208.0,-0.0869,0.3186,1972.0,0.0383,0.0038,407851.0,-0.0242,0.1148,60,-0.0083,0.0,0.5128,-0.14,-0.1729,0.0
202307,53057,"skagit, wa",699250.0,0.1038,0.1656,200,0.0127,-0.2308,43.0,0.2143,0.371,120,0.0526,-0.4118,4,,,0.0087,0.0087,0.0087,72.0,-0.122,-0.4545,0.1351,-0.0486,-0.0792,134.0,0.0388,-0.2254,359.0,0.0393,0.0915,2021.0,0.0251,0.0537,928737.0,0.0531,0.1908,334,0.0198,-0.2374,0.67,0.0168,0.0046,0.0
202307,53023,"garfield, wa",349950.0,-0.0881,0.4314,8,0.3333,1.0,39.0,0.1064,1.6,4,0.0,0.0,0,,,0.0,0.0,0.0,4.0,1.0,,0.1905,0.0366,0.1905,3.0,0.2,0.0,172.0,-0.0093,0.0672,2145.0,-0.1463,0.2852,515510.0,-0.0508,0.8402,11,0.2222,0.5714,0.375,-0.0417,-0.375,1.0
202307,53017,"douglas, wa",532000.0,-0.058,-0.0665,74,-0.0067,-0.1868,46.0,0.2105,0.3939,32,-0.3333,-0.3846,0,,,0.0,0.0,0.0,16.0,-0.2,-0.6,0.0833,-0.0327,-0.1341,49.0,0.2895,0.0652,273.0,-0.0274,-0.103,2273.0,0.0321,0.1365,693690.0,0.0401,0.007,124,0.1022,-0.1079,0.6622,0.1521,0.1567,0.0
202307,53039,"klickitat, wa",642000.0,-0.0093,-0.0789,76,0.1259,-0.1163,50.0,-0.0385,0.1628,16,-0.5,-0.5556,0,,-1.0,0.0,0.0,-0.0274,32.0,0.2308,-0.4286,0.2667,0.0783,-0.1169,34.0,-0.0556,0.4783,301.0,0.0036,-0.0665,2016.0,-0.0653,0.0435,729201.0,-0.0348,0.0549,107,0.0338,0.0,0.4474,-0.086,0.1799,0.0
202307,53029,"island, wa",750000.0,-0.059,0.073,202,0.0466,-0.1255,43.0,0.1622,0.4333,132,-0.0571,-0.2979,4,,,0.008,0.008,0.008,80.0,0.0811,-0.375,0.1623,0.0145,-0.0589,147.0,0.0389,-0.0265,388.0,-0.0276,0.0925,2021.0,-0.006,0.0545,1022061.0,-0.0333,0.1745,346,0.0344,-0.0942,0.7277,-0.0054,0.074,0.0
202307,53049,"pacific, wa",424500.0,0.0,-0.007,161,0.0915,0.3417,63.0,0.0246,0.4535,60,0.0714,0.3636,0,,-1.0,0.0,0.0,-0.0165,52.0,0.3684,-0.1333,0.1948,0.0357,-0.0633,53.0,0.3766,0.0192,290.0,0.0047,0.0363,1532.0,0.0005,0.0069,486723.0,-0.0032,-0.0325,218,0.1913,0.2749,0.3292,0.0682,-0.1041,0.0
202307,53073,"whatcom, wa",659925.0,0.0117,0.02,499,-0.008,-0.147,44.0,0.1429,0.6296,272,-0.0993,-0.3267,4,0.0,0.0,0.0034,-0.0003,0.0,156.0,-0.0127,-0.3906,0.1402,-0.0048,-0.0595,322.0,0.0897,0.0031,351.0,0.0001,-0.0266,1951.0,0.0159,0.0664,843914.0,0.0127,0.0576,814,0.0156,-0.1015,0.6453,0.0578,0.0966,0.0
202307,53031,"jefferson, wa",754500.0,0.0135,0.0794,96,0.2,0.0787,44.0,0.3333,0.2222,64,0.28,-0.1579,0,,,0.0,0.0,0.0,36.0,1.0,0.125,0.1607,0.0596,-0.0009,68.0,0.1724,-0.0556,388.0,-0.0072,0.141,2144.0,0.0338,0.1284,895085.0,0.0221,0.2309,160,0.1552,-0.0062,0.7083,-0.0167,-0.1007,0.0
202307,53043,"lincoln, wa",475000.0,0.0567,0.2607,53,-0.0619,0.2619,50.0,0.0,0.25,20,0.0,1.5,0,,,0.0,0.0,0.0,16.0,0.6,-0.3333,0.2078,0.1055,-0.1558,21.0,0.0769,0.1053,200.0,-0.0083,-0.0189,2280.0,0.0509,0.0712,511773.0,0.0115,-0.0425,75,-0.0066,0.2097,0.3962,0.0511,-0.0562,1.0
202307,53061,"snohomish, wa",799950.0,-0.0194,0.0012,716,0.0392,-0.5146,30.0,0.0526,0.1538,724,-0.0927,-0.4548,16,0.6,-0.2,0.0066,0.0023,0.001,304.0,0.2667,-0.7121,0.1305,0.0293,-0.1227,926.0,0.0755,-0.1536,399.0,-0.0065,-0.0017,2111.0,-0.0101,0.0346,961616.0,-0.0022,0.0801,1650,0.0591,-0.3565,1.2933,0.0437,0.5516,0.0
202307,53069,"wahkiakum, wa",470000.0,-0.0961,-0.0581,27,0.1739,0.08,52.0,1.0196,0.0729,4,-0.5,0.0,0,,,0.0,0.0,0.0,12.0,-0.25,0.0,0.2609,-0.1632,-0.0248,7.0,0.2727,0.1667,261.0,-0.0466,0.0265,1772.0,-0.1626,-0.1215,533869.0,-0.0608,-0.0024,32,0.0667,0.0323,0.2593,0.0201,0.0193,0.0
202307,53053,"pierce, wa",635000.0,0.0,0.0584,1029,0.0685,-0.3968,35.0,0.2069,0.25,896,-0.1499,-0.3743,40,-0.0476,0.6667,0.0135,-0.0003,0.0078,484.0,0.0756,-0.6059,0.1595,0.0169,-0.114,1052.0,-0.0739,-0.2173,315.0,0.004,0.032,2132.0,-0.0149,0.0172,796868.0,0.0127,0.1274,2070,-0.0138,-0.3213,1.0224,-0.1573,0.2345,0.0
202307,53015,"cowlitz, wa",524000.0,-0.0803,0.1032,214,0.1444,-0.1301,45.0,0.1538,0.25,136,0.0968,-0.2444,4,-0.6667,-0.9286,0.0083,-0.0177,-0.0796,92.0,0.2432,-0.4651,0.1757,0.0148,-0.1234,168.0,0.0633,-0.134,270.0,-0.0181,0.0413,2021.0,-0.0464,0.1153,616609.0,-0.0245,0.1229,384,0.1147,-0.109,0.785,-0.0599,-0.0036,0.0
202306,53035,"kitsap, wa",649475.0,-0.0007,0.0217,313,0.1279,-0.1933,32.0,-0.1064,0.4,360,0.2329,-0.2885,8,-0.4286,-0.3333,0.0082,-0.0069,-0.0006,134.0,0.4255,-0.4885,0.1315,0.0357,-0.0516,393.0,-0.0553,-0.1889,305.0,-0.0206,-0.0197,2120.0,0.0018,0.0094,919016.0,-0.0399,0.1301,706,0.036,-0.1908,1.2556,-0.2435,0.0069,0.0
202306,53069,"wahkiakum, wa",519975.0,-0.0672,0.0653,23,0.4375,0.0222,26.0,-0.5426,-0.1282,8,-0.3333,-0.4286,0,,,0.0,0.0,0.0,16.0,3.0,1.6667,0.4241,0.3052,0.2576,6.0,0.8333,0.2222,274.0,0.0273,0.023,2116.0,-0.0087,0.1484,568404.0,-0.0504,0.0482,30,0.4634,0.1111,0.2391,0.0516,0.0391,0.0
202306,53065,"stevens, wa",534850.0,0.0444,-0.0136,172,0.3871,0.2884,36.0,0.152,0.2203,82,-0.2407,-0.1961,0,,-1.0,0.0,0.0,-0.0124,66.0,0.5,0.1786,0.195,0.062,0.0266,86.0,0.0118,0.0364,264.0,0.0165,-0.0478,2034.0,-0.0259,0.0056,621239.0,0.0041,-0.1088,257,0.2386,0.1843,0.4971,-0.1844,-0.1209,0.0
202306,53051,"pend oreille, wa",575000.0,0.1646,-0.0215,59,0.2826,0.2292,36.0,0.1833,0.5269,32,0.0667,-0.1579,0,,,0.0,0.0,0.0,20.0,1.0,-0.0909,0.1607,0.0558,-0.0457,27.0,0.1522,-0.1311,251.0,0.1241,-0.1383,2220.0,-0.018,0.0491,650001.0,-0.0007,-0.1036,86,0.2482,0.0892,0.4492,-0.0508,-0.1863,0.0
202306,53053,"pierce, wa",635000.0,0.012,0.0201,963,0.1867,-0.239,29.0,0.0,0.2889,1054,0.0733,-0.3354,42,0.1667,0.4,0.0138,0.0006,0.0068,450.0,0.5,-0.491,0.1426,0.0361,-0.0565,1136.0,0.0928,-0.2611,314.0,0.0143,0.0145,2164.0,0.0073,0.0286,786853.0,0.0301,0.0775,2099,0.1273,-0.2509,1.1796,-0.1013,-0.0353,0.0
202306,53005,"benton, wa",548425.0,-0.0112,-0.0327,504,0.098,0.5799,44.0,0.0233,0.4667,300,0.1364,-0.1071,18,-0.3077,-0.3077,0.0182,-0.0089,-0.0114,188.0,0.1463,0.3623,0.1838,0.009,0.0402,181.0,-0.0524,-0.3358,263.0,0.0012,0.0317,2180.0,-0.0224,-0.0266,598825.0,-0.0185,0.0325,686,0.0554,0.1598,0.3591,-0.057,-0.4951,0.0
202306,53061,"snohomish, wa",815750.0,0.0197,-0.0021,689,0.1758,-0.4088,29.0,0.0556,0.425,798,-0.0099,-0.4364,10,-0.375,-0.7368,0.0043,-0.0026,-0.0059,240.0,0.4458,-0.7129,0.1012,0.0223,-0.1163,861.0,0.0141,-0.2896,402.0,-0.005,-0.023,2132.0,0.0102,0.0415,963771.0,0.0076,0.0401,1558,0.0834,-0.347,1.2496,-0.1992,0.2097,0.0
202306,53029,"island, wa",797000.0,-0.0028,0.1178,193,0.0843,0.106,37.0,0.0963,0.6264,140,-0.1139,-0.2929,0,-1.0,-1.0,0.0,-0.0087,-0.007,74.0,-0.0263,-0.1395,0.1477,-0.0186,-0.0149,142.0,0.1186,-0.1211,399.0,0.0592,0.1287,2033.0,0.0046,0.0733,1057236.0,0.0141,0.2395,335,0.0949,-0.0205,0.7332,0.0225,-0.1895,0.0
202306,53023,"garfield, wa",383750.0,0.0316,-0.0696,6,0.3333,1.0,35.0,0.1371,0.6395,4,0.0,,0,,,0.0,0.0,0.0,2.0,,0.0,0.1538,0.1538,-0.028,3.0,-0.1667,-0.1667,173.0,0.1723,0.0773,2513.0,-0.0625,0.5414,543115.0,-0.109,0.2681,9,0.2,0.3846,0.4167,-0.25,-0.5833,0.0
202306,53047,"okanogan, wa",503725.0,-0.0236,-0.0952,135,0.135,0.1903,45.0,-0.011,0.3984,56,-0.2432,-0.125,0,,,0.0,0.0,0.0,28.0,0.4,-0.125,0.108,0.0163,-0.0224,53.0,0.9091,-0.2391,271.0,0.0482,-0.1489,1891.0,0.0154,0.0694,852525.0,0.0141,0.2667,187,0.2808,0.0275,0.3903,0.1583,-0.2203,0.0
202306,53009,"clallam, wa",645963.0,0.0295,0.0344,167,0.1026,0.1288,39.0,0.0986,0.3,98,-0.2222,-0.3,0,,-1.0,0.0,0.0,-0.0105,58.0,0.0,-0.3696,0.1485,-0.0013,-0.071,106.0,-0.0185,-0.0901,316.0,0.006,0.0114,2078.0,0.0195,0.02,778132.0,0.0342,0.0191,277,0.0801,0.0434,0.6366,-0.0786,-0.1532,0.0
202306,53077,"yakima, wa",406600.0,-0.0202,-0.0433,252,0.0725,0.1671,42.0,0.0566,0.5849,174,0.1154,-0.2368,8,1.0,1.0,0.0125,0.0058,0.0064,98.0,0.3243,0.0889,0.1508,0.0166,0.0304,213.0,0.1676,-0.0363,225.0,-0.0039,-0.0006,1891.0,-0.0081,-0.0804,505896.0,-0.0081,0.0124,459,0.0982,0.0613,0.8449,0.0688,-0.1783,0.0
202306,53059,"skamania, wa",737475.0,0.0041,0.1102,34,0.34,0.1964,38.0,0.0704,0.3333,10,-0.5455,-0.2857,0,,-1.0,0.0,0.0,-0.0957,10.0,1.5,-0.5,0.1871,0.1228,-0.1754,11.0,-0.4,-0.3438,362.0,0.0624,0.0381,2402.0,0.0607,0.1627,928761.0,0.0135,0.1552,44,0.0233,0.0,0.3134,-0.3866,-0.258,0.0
202306,53073,"whatcom, wa",652274.0,-0.0294,-0.0328,503,0.1031,0.1808,39.0,0.0405,0.6739,302,-0.1882,-0.3574,4,-0.3333,1.0,0.0037,-0.0018,0.0021,158.0,0.4364,-0.1771,0.145,0.044,-0.016,296.0,0.0572,-0.0574,351.0,0.003,-0.0601,1921.0,-0.0348,0.0368,833365.0,-0.0349,0.0014,802,0.0883,0.0737,0.5875,-0.0255,-0.1484,0.0
202306,53033,"king, wa",929925.0,-0.0049,-0.0081,2430,0.1324,-0.1971,30.0,0.0172,0.3409,2356,0.0315,-0.3502,36,0.8,-0.1,0.0052,0.002,0.0009,852.0,0.2137,-0.4188,0.1229,0.0189,-0.0363,2186.0,-0.0124,-0.211,548.0,0.0057,0.009,1940.0,-0.0127,-0.0434,1475327.0,-0.0121,0.0644,4615,0.0538,-0.2021,0.8998,-0.1319,-0.0158,0.0
202306,53015,"cowlitz, wa",569750.0,-0.0004,0.22,187,0.0331,-0.041,39.0,-0.093,0.5918,124,-0.1389,-0.3861,12,-0.3333,-0.7,0.026,-0.0113,-0.0409,74.0,0.3704,-0.4932,0.1609,0.0512,-0.0846,158.0,0.0464,-0.2386,275.0,0.0148,0.0298,2119.0,-0.0129,0.1752,632098.0,-0.0104,0.0867,345,0.0424,-0.1366,0.8449,0.0107,-0.2192,0.0
202306,53075,"whitman, wa",470950.0,0.0283,0.182,91,0.1818,0.2133,37.0,0.097,0.4554,48,-0.2,-0.2941,0,,-1.0,0.0,0.0,-0.01,30.0,0.1538,-0.1667,0.1825,0.0265,-0.0073,29.0,-0.1714,-0.4423,215.0,0.0074,0.0836,2276.0,-0.0217,0.0349,535420.0,0.0052,0.0693,122,0.0942,-0.0161,0.3187,-0.1359,-0.3747,0.0
202306,53067,"thurston, wa",552238.0,-0.031,0.0064,326,0.154,-0.1684,30.0,0.0169,0.7647,422,0.1989,-0.2622,10,0.25,1.5,0.0082,0.0,0.0053,122.0,0.1509,-0.5,0.0997,-0.0105,-0.0695,401.0,0.1232,-0.1841,288.0,0.0122,0.0044,2084.0,-0.0219,0.0252,695273.0,-0.0458,0.0469,727,0.1315,-0.1771,1.2301,-0.0337,-0.0238,0.0
202306,53031,"jefferson, wa",744475.0,0.0095,0.0758,80,0.0191,0.1189,33.0,0.3469,0.1681,50,-0.375,-0.0385,0,-1.0,,0.0,-0.0189,0.0,18.0,-0.1,-0.4706,0.1011,0.0027,-0.0749,58.0,0.1048,-0.1407,391.0,0.0574,0.1295,2074.0,0.0203,0.1028,875716.0,0.008,0.1957,139,0.0573,0.0,0.725,0.0562,-0.2191,0.0
202306,53013,"columbia, wa",447450.0,0.195,0.1271,12,0.4118,-0.0769,38.0,-0.2647,0.3636,6,0.5,0.0,0,,,0.0,0.0,0.0,0.0,,-1.0,0.0,0.0,-0.1429,6.0,-0.3889,0.0,147.0,-0.0564,-0.3619,2474.0,0.0483,0.3475,471942.0,0.0601,-0.0261,17,-0.0286,-0.0286,0.4583,-0.6005,0.0353,0.0
202306,53037,"kittitas, wa",779500.0,-0.0253,-0.0465,181,0.3321,0.347,37.0,0.1128,0.7619,98,-0.125,-0.0392,0,,,0.0,0.0,0.0,60.0,0.3636,0.2,0.175,0.0323,0.0218,71.0,0.0217,-0.2618,399.0,0.0003,-0.0021,2269.0,0.0013,0.1042,1138229.0,0.0025,-0.0683,252,0.215,0.0959,0.3906,-0.1186,-0.3221,0.0
202306,53017,"douglas, wa",564750.0,-0.0278,-0.1032,75,0.3925,0.0493,38.0,-0.2083,0.4074,48,0.4118,-0.25,0,,,0.0,0.0,0.0,20.0,0.1111,-0.5238,0.1161,-0.0319,-0.1254,38.0,0.0133,-0.2083,281.0,0.0109,-0.1012,2202.0,0.0328,0.0618,666964.0,0.0901,-0.1659,113,0.264,-0.0546,0.5101,-0.1909,-0.166,1.0
202306,53063,"spokane, wa",530000.0,0.0096,0.0273,956,0.1795,0.1723,30.0,0.0345,0.3953,788,0.0155,-0.235,16,-0.2,-0.3846,0.006,-0.002,-0.0025,450.0,0.2857,-0.0586,0.1675,0.032,0.006,948.0,-0.0242,-0.1529,231.0,-0.0039,0.0031,2349.0,0.0222,0.0489,635506.0,0.0198,-0.0007,1908,0.0722,-0.0111,0.9911,-0.2069,-0.3804,0.0
202306,53025,"grant, wa",399968.0,0.0019,0.0484,198,0.0233,0.4093,57.0,0.1531,0.9153,68,-0.2917,-0.4426,0,,-1.0,0.0,0.0,-0.0046,40.0,-0.0909,-0.3548,0.0993,0.0044,-0.038,158.0,-0.0156,-0.1551,246.0,-0.0059,0.0537,1698.0,0.0374,-0.0051,496343.0,0.0212,0.0534,353,0.0028,0.0828,0.798,-0.0315,-0.533,0.0
202306,53007,"chelan, wa",686490.0,0.0144,-0.0304,207,0.1629,0.0809,45.0,0.0976,0.6071,94,-0.1607,-0.3816,2,,,0.0052,0.0052,0.0052,66.0,0.1,-0.1951,0.165,0.012,-0.0173,89.0,-0.0378,-0.2328,368.0,0.0166,0.0222,2022.0,0.057,0.0075,932241.0,0.0522,0.0005,297,0.0961,-0.0279,0.43,-0.0897,-0.1758,0.0
202306,53039,"klickitat, wa",648000.0,-0.0523,-0.0602,68,0.1947,0.1842,52.0,-0.0714,0.4247,32,-0.0588,-0.1579,0,,-1.0,0.0,0.0,-0.0789,26.0,1.1667,-0.3158,0.1884,0.095,-0.1016,36.0,0.3846,0.0141,300.0,-0.0143,-0.0846,2157.0,-0.048,0.1221,755495.0,-0.0701,0.1052,104,0.2545,0.1311,0.5333,0.0732,-0.0895,0.0
202306,53019,"ferry, wa",399000.0,0.0025,0.2978,20,0.4444,-0.2642,31.0,-0.225,-0.253,8,0.0,0.3333,0,,,0.0,0.0,0.0,4.0,0.0,-0.6,0.1014,-0.0068,-0.1071,4.0,-0.4286,-0.7241,253.0,-0.0003,0.1047,1565.0,-0.1308,-0.0589,489892.0,0.0372,0.2682,24,0.1707,-0.4146,0.2051,-0.3134,-0.342,0.0
202306,53011,"clark, wa",664475.0,-0.0075,0.0921,893,0.1908,-0.046,30.0,-0.1304,0.2766,738,-0.0186,-0.2376,84,-0.3,-0.8028,0.0344,-0.0177,-0.1041,314.0,0.1214,-0.5745,0.1279,0.0062,-0.112,876.0,0.0735,-0.2642,308.0,-0.0039,0.0233,2260.0,-0.0024,0.0889,859011.0,-0.0169,0.124,1767,0.1375,-0.1683,0.9815,-0.1072,-0.2911,0.0
202306,53027,"grays harbor, wa",415475.0,0.0134,0.0086,273,0.1354,0.0401,45.0,0.0,0.3906,138,0.0952,-0.2333,0,,-1.0,0.0,0.0,-0.0106,106.0,0.0816,-0.1587,0.2001,0.0028,-0.0021,134.0,0.0898,-0.1246,281.0,-0.0103,-0.0366,1522.0,0.0298,0.0605,466707.0,0.0441,0.0288,403,0.1058,-0.029,0.4899,-0.0205,-0.0922,0.0
202306,53071,"walla walla, wa",544450.0,-0.029,-0.0725,89,-0.0484,0.1132,48.0,0.1377,0.6379,44,-0.3889,-0.3889,0,,,0.0,0.0,0.0,40.0,0.0526,0.1111,0.2268,0.0588,0.0652,54.0,0.0,-0.2286,259.0,0.0052,-0.0341,2262.0,0.0285,0.0084,644287.0,0.0047,-0.0594,145,-0.0137,-0.0203,0.6102,0.0295,-0.2703,0.0
202306,53003,"asotin, wa",448200.0,-0.0224,0.0423,54,0.0594,0.2738,45.0,0.1195,0.3185,22,-0.1538,-0.3529,0,-1.0,,0.0,-0.0179,0.0,26.0,0.8571,0.625,0.2593,0.1181,0.1213,26.0,-0.0714,-0.2571,213.0,-0.0167,-0.0216,2235.0,0.0735,0.0166,580431.0,0.0382,-0.1478,78,-0.0064,0.0065,0.486,-0.0685,-0.3474,0.0
202306,53001,"adams, wa",367050.0,-0.0308,0.2317,36,-0.0886,0.2203,58.0,-0.3573,0.2889,10,-0.1667,-0.5,0,,,0.0,0.0,0.0,16.0,0.3333,0.0,0.2145,0.0785,0.0031,24.0,-0.0408,-0.3649,228.0,-0.0194,0.42,1899.0,-0.0139,-0.0338,417972.0,-0.0166,0.1846,61,-0.0692,-0.0692,0.6528,0.0325,-0.6015,0.0
202306,53043,"lincoln, wa",449500.0,0.0022,0.1322,57,0.1649,0.3614,50.0,0.1111,0.7241,20,0.0,-0.2857,0,,,0.0,0.0,0.0,10.0,-0.375,-0.1667,0.1023,-0.0777,-0.0246,20.0,-0.0488,-0.1875,202.0,-0.0643,-0.0492,2170.0,0.1021,0.03,505946.0,0.0056,-0.0743,76,0.0942,0.1705,0.3451,-0.0775,-0.2332,0.0
202306,53045,"mason, wa",498750.0,-0.0068,-0.017,142,0.1736,0.029,36.0,0.0677,0.5435,88,-0.2787,-0.4568,4,,1.0,0.0126,0.0126,0.0081,66.0,0.9412,-0.0571,0.2074,0.0963,0.0352,88.0,0.0057,-0.1498,315.0,-0.0113,0.0422,1743.0,0.0489,-0.0283,701329.0,-0.0127,0.0538,232,0.1103,-0.0394,0.6197,-0.1034,-0.1303,0.0
202306,53049,"pacific, wa",424500.0,-0.0225,0.0481,148,0.1614,0.5285,61.0,0.1193,0.8209,56,0.2727,-0.2632,0,,-1.0,0.0,0.0,-0.0088,38.0,-0.1364,-0.1739,0.1591,-0.0504,-0.0449,39.0,-0.1348,-0.3529,289.0,0.0145,0.0158,1531.0,-0.0036,0.0477,488289.0,0.0216,0.0095,183,0.0578,0.1693,0.261,-0.0894,-0.3556,0.0
202306,53057,"skagit, wa",633500.0,-0.0317,0.0218,198,0.1096,-0.0459,35.0,-0.0541,0.2613,114,-0.2692,-0.4242,0,,-1.0,0.0,0.0,-0.0066,82.0,0.2059,-0.2545,0.1837,0.0319,0.0031,129.0,-0.0786,-0.3102,345.0,0.0051,0.0371,1972.0,0.0039,0.0294,881932.0,0.0765,0.0608,328,0.0397,-0.1667,0.6532,-0.1334,-0.2502,0.0
202306,53021,"franklin, wa",521750.0,0.0222,0.1525,141,0.0036,0.6395,52.0,0.1075,1.3678,64,-0.3725,-0.2889,4,-0.5,-0.5,0.0157,-0.0129,-0.0235,44.0,0.2941,-0.1852,0.1727,0.0576,-0.0516,62.0,0.0082,0.4302,258.0,-0.023,0.0608,2067.0,0.0189,-0.0047,579360.0,0.0361,0.0832,205,0.0224,0.627,0.4362,0.002,-0.0638,1.0
202306,53055,"san juan, wa",1325000.0,0.0232,0.0621,128,0.2201,0.4167,50.0,0.2256,0.1552,28,-0.5,-0.3,0,,,0.0,0.0,0.0,18.0,0.2857,-0.1,0.1017,0.0301,-0.0191,25.0,-0.125,-0.2222,645.0,0.0122,0.0464,2180.0,0.066,0.09,2917856.0,-0.0026,0.3308,153,0.1679,0.249,0.1922,-0.0758,-0.1578,0.0
202306,53041,"lewis, wa",550000.0,-0.03,0.1029,162,0.1408,-0.1628,45.0,-0.2261,0.7451,92,0.0698,-0.3134,0,-1.0,-1.0,0.0,-0.0058,-0.008,66.0,0.2692,-0.5286,0.1965,0.0408,-0.1061,78.0,-0.1885,-0.2922,287.0,-0.0003,0.012,1868.0,-0.0365,0.0603,602754.0,-0.0171,-0.0248,241,0.0147,-0.2046,0.4784,-0.1941,-0.0875,0.0
202305,53063,"spokane, wa",524973.0,0.0098,0.0326,811,0.1849,0.3331,29.0,0.0,0.6571,776,0.0838,-0.2748,20,-0.1667,-0.6,0.008,-0.0036,-0.0119,350.0,0.4113,0.3158,0.1355,0.0152,0.0463,971.0,0.1629,-0.1399,232.0,-0.0071,-0.0009,2298.0,0.0406,0.0262,623140.0,0.0261,-0.0134,1780,0.1723,0.0245,1.198,-0.0227,-0.6589,0.0
202305,53057,"skagit, wa",654225.0,-0.0195,0.0552,178,0.0988,0.0788,37.0,-0.1591,0.7412,156,0.2581,-0.2277,0,-1.0,-1.0,0.0,-0.0085,-0.0138,68.0,0.5455,-0.15,0.1518,0.0473,0.0135,140.0,0.0769,-0.2839,343.0,0.0274,0.0238,1964.0,-0.0982,0.0601,819243.0,-0.0255,-0.0303,315,0.0678,-0.1139,0.7865,-0.016,-0.3983,0.0
202305,53029,"island, wa",799250.0,0.1218,0.1625,178,0.2027,0.4183,34.0,0.0714,1.0149,158,0.197,-0.1596,4,,,0.0087,0.0087,0.0087,76.0,1.1111,0.3103,0.1663,0.0765,0.044,127.0,0.0369,-0.1276,377.0,0.0493,0.0464,2024.0,-0.0346,0.167,1042486.0,0.0436,0.2837,306,0.1357,0.1294,0.7107,-0.1137,-0.4447,1.0
202305,53059,"skamania, wa",734475.0,0.0691,0.0833,25,0.3158,0.087,36.0,0.0758,0.2909,22,0.375,0.1,0,,-1.0,0.0,0.0,-0.1034,4.0,0.0,-0.75,0.0643,-0.0173,-0.2214,18.0,0.0294,0.2069,341.0,0.0193,0.0122,2264.0,0.1183,0.1394,916372.0,0.0593,0.2009,43,0.1944,0.1169,0.7,-0.1947,0.0696,0.0
202305,53067,"thurston, wa",569900.0,0.0269,0.037,283,0.1771,0.0217,30.0,-0.0923,0.8438,352,0.4194,-0.2903,8,-0.3333,0.0,0.0081,-0.0056,0.0014,106.0,0.7667,-0.1017,0.1102,0.0416,0.0204,357.0,0.0259,-0.2563,284.0,0.0277,-0.0105,2131.0,-0.0111,0.0767,728612.0,0.0028,0.1032,643,0.1193,-0.1473,1.2637,-0.1863,-0.4723,0.0
202305,53021,"franklin, wa",510425.0,-0.0369,0.0701,141,0.1907,1.3613,47.0,-0.0792,1.8182,102,0.275,0.0408,8,,,0.0286,0.0286,0.0286,34.0,0.2143,0.5455,0.1151,-0.0001,0.0165,61.0,0.1091,0.0702,264.0,0.0048,0.0648,2029.0,-0.0285,0.0052,559197.0,0.0041,0.0411,201,0.1794,0.692,0.4342,-0.0319,-0.5238,1.0
202305,53051,"pend oreille, wa",493750.0,0.2825,-0.2547,46,0.4375,0.4603,30.0,-0.3023,0.1538,30,0.25,-0.25,0,,,0.0,0.0,0.0,10.0,0.25,0.6667,0.1049,0.0036,0.0399,23.0,0.0455,-0.2459,223.0,0.2088,-0.2533,2261.0,0.0927,0.0492,650463.0,0.1665,-0.1968,69,0.2685,0.1048,0.5,-0.1875,-0.4683,1.0
202305,53001,"adams, wa",378725.0,-0.016,0.2296,40,-0.0125,0.4906,90.0,-0.2416,1.7557,12,0.0,-0.3333,0,-1.0,-1.0,0.0,-0.0548,-0.0468,12.0,2.0,-0.1429,0.136,0.0725,-0.045,25.0,0.0652,-0.3467,233.0,-0.0308,0.4118,1926.0,0.0215,-0.048,425041.0,0.0613,0.1759,65,0.0317,0.0156,0.6203,0.0453,-0.7948,1.0
202305,53003,"asotin, wa",458475.0,0.1491,0.07,51,0.1477,0.5303,40.0,0.0461,0.0966,26,-0.2778,0.0,2,,,0.0179,0.0179,0.0179,14.0,0.75,0.1667,0.1412,0.0552,0.02,28.0,-0.0345,-0.1765,216.0,0.052,0.0639,2082.0,0.0327,-0.1133,559082.0,0.1747,-0.2573,78,0.0685,0.1729,0.5545,-0.1046,-0.4758,0.0
202305,53055,"san juan, wa",1295000.0,0.036,0.0658,105,0.2011,0.366,41.0,0.1389,0.1389,56,0.4,0.037,0,,,0.0,0.0,0.0,14.0,0.75,-0.125,0.0716,0.0149,-0.0288,28.0,0.3333,-0.082,637.0,-0.0014,0.0726,2045.0,0.036,0.02,2925415.0,0.0056,0.4784,131,0.1802,0.2417,0.2679,0.0266,-0.1308,0.0
202305,53015,"cowlitz, wa",569975.0,0.0088,0.2493,181,0.1173,0.2746,43.0,-0.2773,1.2051,144,0.44,-0.2421,18,3.5,-0.7429,0.0373,0.0273,-0.0924,54.0,0.35,-0.325,0.1097,0.0097,-0.0417,151.0,0.0942,-0.2276,271.0,-0.0225,0.0158,2147.0,-0.0201,0.1842,638743.0,-0.0019,0.1005,331,0.1054,-0.0236,0.8343,-0.0176,-0.5425,1.0
202305,53075,"whitman, wa",457975.0,-0.0235,0.1478,77,0.2222,0.2126,34.0,-0.2556,0.4565,60,0.5,0.0345,0,,,0.0,0.0,0.0,26.0,-0.0714,0.1818,0.1561,-0.0058,0.0241,35.0,-0.0789,-0.1358,213.0,-0.0416,0.0204,2327.0,0.0258,0.0885,532641.0,-0.002,-0.0097,112,0.1495,0.0569,0.4545,-0.1486,-0.1832,0.0
202305,53033,"king, wa",934495.0,0.0103,-0.0155,2146,0.1076,-0.0287,29.0,-0.0333,0.871,2284,0.096,-0.4037,20,0.0,-0.7674,0.0032,-0.0003,-0.0064,702.0,0.3,-0.069,0.104,0.0153,0.0237,2214.0,0.1213,-0.273,545.0,-0.0021,-0.0039,1965.0,0.0077,-0.0391,1493365.0,0.0102,0.0482,4380,0.1161,-0.1647,1.0317,0.0126,-0.3465,0.0
202305,53053,"pierce, wa",627498.0,0.004,-0.0039,812,0.1527,-0.1349,29.0,-0.2162,0.871,982,0.2214,-0.4169,36,-0.3571,-0.1429,0.0132,-0.0092,0.0029,300.0,0.3889,-0.4071,0.1065,0.0192,-0.0096,1040.0,0.0705,-0.3343,310.0,0.001,0.0064,2149.0,-0.0117,0.0226,763888.0,-0.012,0.0585,1862,0.1064,-0.2531,1.281,-0.0983,-0.3838,0.0
202305,53011,"clark, wa",669475.0,0.0223,0.1209,750,0.1602,0.07,35.0,-0.1039,0.6829,752,0.3239,-0.3139,120,0.6667,-0.7683,0.0521,0.0175,-0.1205,280.0,0.6667,-0.2553,0.1217,0.0353,0.0015,816.0,0.0529,-0.3539,309.0,0.0068,0.0228,2265.0,0.018,0.1185,873794.0,0.0183,0.1643,1553,0.0968,-0.2052,1.0887,-0.111,-0.7143,0.0
202305,53037,"kittitas, wa",799725.0,0.0253,0.0568,136,0.2664,0.7372,33.0,-0.335,1.1111,112,0.5556,-0.1515,0,,,0.0,0.0,0.0,44.0,0.2222,0.4667,0.1427,-0.0075,0.0357,69.0,0.2545,-0.2418,399.0,-0.0277,0.0336,2266.0,0.0127,0.0718,1135425.0,-0.0463,-0.15,207,0.2622,0.2105,0.5092,-0.0048,-0.6574,1.0
202305,53065,"stevens, wa",512100.0,0.0559,0.0156,124,0.3333,0.1643,31.0,-0.1554,0.087,108,1.0769,0.1739,0,,-1.0,0.0,0.0,-0.0075,44.0,1.2,0.375,0.133,0.0382,0.0056,85.0,0.3629,0.1497,259.0,0.0169,0.0178,2088.0,-0.001,-0.0137,618716.0,0.0205,-0.0601,208,0.3474,0.1891,0.6815,0.0148,-0.0087,0.0
202305,53077,"yakima, wa",415000.0,0.0401,-0.0349,235,0.0516,0.2182,40.0,-0.0756,0.59,156,0.0,-0.2427,4,0.0,-0.3333,0.0068,-0.0002,-0.0033,74.0,-0.119,-0.0263,0.1342,-0.0264,0.0107,182.0,0.0111,-0.1186,226.0,0.019,0.0003,1907.0,0.014,-0.0346,510011.0,0.0083,0.0555,418,0.0258,0.0451,0.7761,-0.0311,-0.2966,0.0
202305,53013,"columbia, wa",374450.0,-0.2694,-0.1499,9,0.2143,-0.1053,51.0,-0.7018,0.7895,4,,-0.6,0,,,0.0,0.0,0.0,0.0,-1.0,-1.0,0.0,-0.2353,-0.087,9.0,-0.1818,1.5714,155.0,-0.2,-0.3451,2360.0,-0.0076,0.0863,445188.0,-0.2396,-0.135,18,0.0294,0.2963,1.0588,-0.5126,0.6904,1.0
202305,53049,"pacific, wa",434250.0,-0.0017,0.0816,127,0.0325,0.8406,55.0,0.2529,0.5139,44,-0.2143,-0.2414,0,,,0.0,0.0,0.0,44.0,0.5714,0.5714,0.2094,0.0872,0.0469,45.0,0.1711,-0.1524,285.0,-0.0003,0.0579,1536.0,0.0061,0.0067,477980.0,0.0174,0.0007,173,0.0485,0.4122,0.3504,0.0415,-0.4105,0.0
202305,53069,"wahkiakum, wa",557450.0,0.0538,0.0135,16,0.2308,0.2308,56.0,-0.348,2.3788,12,2.0,0.0,0,,,0.0,0.0,0.0,4.0,-0.5,1.0,0.119,-0.2144,0.0634,3.0,-0.5714,-0.4,267.0,0.0117,-0.017,2135.0,-0.0744,0.0123,598588.0,-0.081,-0.0041,21,0.025,0.1081,0.1875,-0.351,-0.1971,1.0
202305,53041,"lewis, wa",567000.0,0.1363,0.0515,142,-0.0207,0.1406,58.0,-0.0574,1.875,86,0.3438,-0.4625,2,,-0.6667,0.0058,0.0058,-0.0075,52.0,0.0833,-0.0714,0.1557,-0.0104,0.0152,96.0,-0.0052,-0.2107,287.0,0.0525,0.0235,1939.0,-0.0008,0.0838,613238.0,0.0369,-0.0615,238,-0.0021,-0.0104,0.6725,0.0105,-0.2994,1.0
202305,53017,"douglas, wa",580925.0,-0.0152,0.0285,54,-0.1641,-0.0696,48.0,-0.2615,1.1333,34,0.4167,-0.5526,0,,,0.0,0.0,0.0,18.0,-0.1,0.2857,0.148,0.0091,0.0682,38.0,-0.0625,-0.3363,278.0,-0.0337,-0.081,2132.0,0.0077,-0.0215,611829.0,0.0292,-0.2035,89,-0.1275,-0.2124,0.7009,0.0759,-0.2817,1.0
202305,53047,"okanogan, wa",515875.0,-0.0174,-0.0701,119,0.4277,0.3022,45.0,-0.4414,0.866,74,1.3125,-0.119,0,,,0.0,0.0,0.0,20.0,0.25,0.1111,0.0917,-0.0218,0.0201,28.0,-0.0179,-0.5635,258.0,0.0036,-0.1428,1862.0,0.0016,0.0427,840651.0,-0.09,0.1588,146,0.292,-0.0519,0.2321,-0.1053,-0.4602,0.0
202305,53071,"walla walla, wa",560725.0,-0.0574,-0.0098,93,0.4091,0.5,42.0,-0.0402,0.4522,72,0.5,-0.1429,0,,,0.0,0.0,0.0,38.0,1.375,0.9,0.1679,0.0824,0.0781,54.0,-0.0526,-0.3455,258.0,0.0254,-0.0625,2199.0,-0.0093,0.019,641301.0,-0.0301,-0.0982,147,0.1535,0.0317,0.5806,-0.283,-0.75,0.0
202305,53061,"snohomish, wa",799999.0,-0.0431,-0.0588,586,0.149,-0.2888,27.0,-0.0357,0.8,806,0.2673,-0.4292,16,0.3333,-0.6364,0.007,0.0009,-0.0063,166.0,0.0921,-0.6227,0.0788,0.0072,-0.0358,849.0,0.0843,-0.3539,404.0,0.0105,-0.0276,2111.0,-0.0607,0.0097,956496.0,-0.0086,-0.0006,1438,0.1139,-0.3222,1.4488,-0.0865,-0.1459,0.0
202305,53073,"whatcom, wa",672000.0,0.0338,-0.0359,456,0.216,0.5251,37.0,-0.1591,0.6818,372,0.4091,-0.0159,6,-0.25,0.0,0.0055,-0.0034,-0.0002,110.0,0.1957,0.375,0.101,0.0048,0.0247,280.0,0.0547,-0.1851,350.0,-0.0051,-0.059,1990.0,0.0675,0.0456,863492.0,0.0192,-0.0109,737,0.1562,0.1481,0.6129,-0.0937,-0.5342,0.0
202305,53043,"lincoln, wa",448500.0,0.0939,0.1122,49,0.2125,0.7018,45.0,-0.1818,0.3043,20,0.25,0.1111,0,,,0.0,0.0,0.0,16.0,1.0,0.3333,0.18,0.0761,0.0115,21.0,0.025,-0.0889,215.0,0.0344,0.0416,1969.0,0.0237,-0.1322,503110.0,0.0329,-0.1033,69,0.15,0.38,0.4227,-0.0773,-0.3668,0.0
202305,53039,"klickitat, wa",683750.0,-0.0162,0.0923,57,0.1771,0.3951,56.0,-0.3,1.5169,34,1.125,-0.0556,0,,-1.0,0.0,0.0,-0.0328,12.0,0.5,-0.4545,0.0934,-0.0066,-0.0869,26.0,0.1818,-0.3247,304.0,-0.0144,-0.0846,2266.0,0.2044,0.2796,812406.0,0.0614,0.2161,83,0.1957,0.0577,0.4602,0.0018,-0.4904,1.0
202305,53009,"clallam, wa",627475.0,0.0475,0.027,151,0.1797,0.2377,36.0,0.1452,0.2034,126,0.26,-0.0308,0,,,0.0,0.0,0.0,58.0,1.0714,-0.0645,0.1499,0.0692,-0.0188,108.0,0.0,0.102,314.0,-0.002,0.0072,2039.0,0.0551,0.0078,752419.0,0.0366,-0.0001,256,0.0756,0.1584,0.7152,-0.1285,-0.088,0.0
202305,53005,"benton, wa",554633.0,0.004,0.0085,459,0.1333,0.5612,43.0,-0.2182,0.376,264,0.0154,-0.2326,26,2.25,1.6,0.027,0.0167,0.0161,164.0,0.5185,0.8222,0.1748,0.0349,0.0774,191.0,0.1235,-0.3239,262.0,0.0101,0.0286,2230.0,0.0133,0.0178,610122.0,0.0163,0.0716,650,0.1226,0.1207,0.4161,-0.0036,-0.5448,0.0
202305,53027,"grays harbor, wa",410000.0,0.0061,0.0094,240,0.106,0.2091,45.0,-0.0111,0.4127,126,-0.0735,-0.3571,0,,-1.0,0.0,0.0,-0.0036,98.0,0.5313,0.2564,0.1974,0.06,0.0587,123.0,0.0746,-0.2173,283.0,-0.0014,-0.0581,1478.0,-0.0044,0.0179,446996.0,-0.008,-0.0108,364,0.0997,0.0254,0.5104,-0.0149,-0.278,0.0
202305,53031,"jefferson, wa",737495.0,0.0536,-0.0084,79,0.4537,0.4404,25.0,-0.5463,0.4203,80,0.6667,0.1111,4,,0.0,0.0189,0.0189,-0.0001,20.0,0.0,0.25,0.0984,-0.0377,0.015,53.0,0.1413,-0.16,370.0,0.0046,0.039,2033.0,0.0979,0.0244,868743.0,0.1156,0.1318,131,0.31,0.1197,0.6688,-0.1831,-0.478,0.0
202305,53007,"chelan, wa",676750.0,-0.0018,-0.0441,178,0.0349,0.1711,41.0,-0.1717,0.6735,112,0.2174,-0.3412,0,,,0.0,0.0,0.0,60.0,1.5,0.3043,0.153,0.082,0.0377,93.0,0.0882,-0.0657,362.0,0.0635,0.0088,1913.0,-0.0039,-0.1046,885955.0,0.001,-0.0741,271,0.1041,0.0863,0.5197,0.0255,-0.1317,0.0
202305,53019,"ferry, wa",398000.0,0.076,0.5458,14,0.35,-0.4,40.0,-0.6875,0.3223,8,1.0,-0.5,0,,,0.0,0.0,0.0,4.0,0.0,0.0,0.1082,-0.013,0.0236,7.0,-0.125,-0.5,253.0,-0.0187,0.226,1800.0,0.0778,0.1928,472326.0,0.2237,0.3283,21,0.1389,-0.4384,0.5185,-0.2815,-0.1037,1.0
202305,53023,"garfield, wa",372000.0,0.261,0.5184,5,0.5,2.0,31.0,-0.2051,1.6957,4,,0.0,0,,,0.0,0.0,0.0,0.0,,,0.0,0.0,0.0,3.0,0.5,0.0,148.0,0.196,-0.0258,2680.0,0.0022,0.6584,609575.0,0.1809,1.4881,8,0.0714,0.5,0.6667,0.0,-1.3333,1.0
202305,53045,"mason, wa",502188.0,-0.037,-0.0325,121,0.1524,0.2539,33.0,-0.3843,0.5647,122,0.6944,-0.0317,0,-1.0,,0.0,-0.0289,0.0,34.0,-0.0556,-0.3462,0.1112,-0.0433,-0.0398,88.0,0.1986,-0.1784,319.0,0.0407,0.0445,1662.0,-0.0725,-0.0503,710318.0,-0.1098,-0.0134,209,0.1713,0.0072,0.7231,0.0279,-0.3805,0.0
202305,53035,"kitsap, wa",649950.0,0.0708,0.0156,278,-0.0018,0.024,35.0,-0.06,0.8077,292,0.1061,-0.3014,14,-0.3,0.1667,0.0151,-0.0071,0.006,94.0,0.0217,-0.2656,0.0958,-0.0156,-0.0065,416.0,0.284,-0.1587,311.0,0.0215,-0.0143,2116.0,-0.0195,0.038,957179.0,0.0175,0.1727,682,0.1321,-0.1103,1.4991,0.3336,-0.3256,0.0
202305,53025,"grant, wa",399225.0,0.0509,0.0445,194,0.1657,0.8786,49.0,-0.1624,0.661,96,0.0435,-0.1864,0,-1.0,,0.0,-0.0203,0.0,44.0,0.375,0.1,0.0949,0.0168,-0.0018,161.0,0.1383,-0.0983,247.0,0.0214,0.087,1637.0,0.0361,-0.0709,486019.0,0.0584,0.0126,352,0.1466,0.2708,0.8295,-0.0199,-0.8987,0.0
202304,53033,"king, wa",925000.0,0.025,0.0278,1937,0.0596,0.5349,30.0,0.0345,0.7647,2084,0.0107,-0.319,20,-0.4444,-0.5833,0.0035,-0.0028,-0.0027,540.0,-0.0357,0.9286,0.0887,-0.008,0.0478,1974.0,0.1013,-0.334,546.0,0.0204,0.0118,1950.0,0.0026,0.0258,1478216.0,0.0241,0.0761,3924,0.0882,-0.0812,1.0191,0.0385,-1.3296,1.0
202304,53019,"ferry, wa",369900.0,-0.0491,0.3958,10,-0.3103,-0.4118,128.0,-0.1847,2.8788,4,,-0.8,0,,,0.0,0.0,0.0,4.0,,0.0,0.1212,0.1212,0.0498,8.0,0.4545,-0.1111,258.0,0.0674,0.2006,1670.0,-0.0844,0.1133,385986.0,-0.1755,0.0863,18,-0.0769,-0.3077,0.8,0.4207,0.2706,1.0
202304,53061,"snohomish, wa",835990.0,0.0389,0.0133,510,-0.002,0.1258,28.0,0.0182,1.0,636,-0.0185,-0.4628,12,0.0,-0.4,0.0061,-0.0002,-0.0006,152.0,0.2881,0.0857,0.0716,0.0093,0.0258,783.0,0.0668,-0.4204,400.0,0.0237,-0.0208,2247.0,0.0536,0.095,964799.0,0.0489,0.0492,1291,0.0445,-0.2879,1.5353,0.0989,-1.447,1.0
202304,53077,"yakima, wa",399000.0,0.0366,-0.0612,223,0.0445,0.4025,43.0,-0.0497,0.3871,156,0.2188,-0.1702,4,1.0,0.0,0.007,0.0032,0.0003,84.0,0.6154,1.1,0.1606,0.0596,0.0902,180.0,0.0227,-0.1133,222.0,0.0172,-0.019,1881.0,0.0187,-0.0226,505787.0,0.0383,0.0149,407,0.0517,0.1181,0.8072,-0.0172,-0.4696,0.0
202304,53063,"spokane, wa",519900.0,0.04,0.0194,684,0.1692,0.8638,29.0,-0.2055,0.4146,716,0.2971,-0.1751,24,-0.0769,-0.5385,0.0116,-0.0024,-0.0105,248.0,0.494,1.9524,0.1202,0.035,0.0827,835.0,0.1082,-0.21,234.0,0.0117,-0.0203,2208.0,0.0173,0.0115,607303.0,0.0271,-0.0649,1518,0.1345,0.069,1.2208,-0.0673,-1.6593,1.0
202304,53027,"grays harbor, wa",407500.0,-0.0097,-0.0285,217,0.0236,0.3822,45.0,-0.1781,0.2162,136,0.2364,0.0625,0,,-1.0,0.0,0.0,-0.009,64.0,0.0667,-0.0588,0.1373,-0.0077,-0.0058,114.0,0.0364,-0.3254,284.0,0.0148,-0.0862,1484.0,0.0318,0.0306,450619.0,0.0258,-0.0374,331,0.0122,0.0216,0.5253,0.0065,-0.5511,0.0
202304,53035,"kitsap, wa",607000.0,0.0159,0.0083,278,0.0471,0.4632,38.0,-0.1758,0.7045,264,-0.0571,-0.3053,20,-0.0909,4.0,0.0221,-0.0047,0.0179,92.0,-0.0612,0.3529,0.1114,-0.0072,0.0397,324.0,0.0983,-0.3121,305.0,0.0337,-0.0092,2158.0,0.033,0.0763,940750.0,0.1113,0.1783,602,0.074,-0.092,1.1655,0.0544,-1.3135,1.0
202304,53071,"walla walla, wa",594900.0,0.1502,0.1665,66,-0.1141,0.5349,44.0,-0.2435,0.8913,48,0.0,-0.3333,0,,,0.0,0.0,0.0,16.0,-0.3333,1.0,0.0856,-0.0527,0.0396,57.0,0.1875,0.0556,251.0,0.0216,-0.0769,2220.0,0.0523,0.0165,661218.0,0.0506,-0.1108,127,0.041,0.2451,0.8636,0.2193,-0.3922,0.0
202304,53043,"lincoln, wa",410000.0,0.038,-0.0238,40,0.3115,0.5385,55.0,-0.443,0.2791,16,1.0,-0.3333,0,,,0.0,0.0,0.0,8.0,0.3333,1.0,0.1039,0.0137,0.0337,20.0,0.0526,0.1111,208.0,0.1376,-0.1665,1923.0,-0.0057,-0.0936,487106.0,0.105,-0.2217,60,0.2,0.3953,0.5,-0.123,-0.1923,0.0
202304,53025,"grant, wa",379900.0,0.0269,-0.0132,166,0.0607,1.0494,59.0,-0.064,0.6957,92,0.2432,-0.0417,8,1.0,0.0,0.0203,0.0094,-0.0003,32.0,0.2308,0.3333,0.078,0.0022,0.0093,141.0,0.1653,-0.2843,242.0,0.001,0.0812,1580.0,0.019,-0.1143,459221.0,0.0065,-0.0728,307,0.1063,0.1164,0.8494,0.0762,-1.5827,1.0
202304,53017,"douglas, wa",589900.0,-0.0089,0.2422,64,0.0323,0.6842,65.0,-0.3897,1.2807,24,-0.2,-0.6,0,,,0.0,0.0,0.0,20.0,0.25,1.5,0.1389,0.0225,0.0916,40.0,0.2698,-0.3548,287.0,0.022,0.0069,2116.0,-0.0715,0.02,594494.0,-0.0111,-0.0765,102,0.1333,0.02,0.625,0.1169,-1.0066,1.0
202304,53021,"franklin, wa",530000.0,-0.0069,0.0087,118,0.1346,1.3137,51.0,-0.2491,1.3488,80,0.1429,0.0526,0,,,0.0,0.0,0.0,28.0,-0.125,2.5,0.1152,-0.0259,0.0655,55.0,-0.0598,-0.0517,263.0,0.0229,0.0465,2088.0,-0.0182,-0.0633,556931.0,0.0184,-0.0589,170,0.0559,0.5596,0.4661,-0.0964,-0.6712,1.0
202304,53073,"whatcom, wa",650000.0,0.0467,0.0015,375,-0.0066,0.7523,44.0,-0.0486,1.0,264,0.1,-0.2584,8,3.0,,0.0089,0.0065,0.0089,92.0,0.3143,1.3,0.0962,0.0196,0.0539,265.0,0.1042,-0.1587,352.0,0.0138,-0.0435,1864.0,-0.0044,0.0038,847225.0,0.037,-0.0095,637,0.0233,0.2042,0.7067,0.0709,-0.7653,0.0
202304,53011,"clark, wa",654900.0,0.0084,0.1062,646,0.0197,0.426,39.0,-0.1585,0.375,568,0.0403,-0.297,72,-0.2653,-0.8714,0.0346,-0.0171,-0.1842,168.0,-0.087,-0.25,0.0864,-0.0104,0.0019,775.0,0.1024,-0.3978,307.0,0.0071,0.0031,2225.0,0.033,0.1346,858072.0,0.0314,0.1733,1416,0.0631,-0.1913,1.1997,0.09,-1.6414,1.0
202304,53041,"lewis, wa",499000.0,0.0,0.0237,145,0.0035,0.6477,61.0,-0.0161,1.3462,64,-0.2195,-0.4483,0,,-1.0,0.0,0.0,-0.025,48.0,-0.0769,0.2,0.1661,-0.0014,0.0257,96.0,0.0378,-0.1429,273.0,0.0175,0.0051,1941.0,0.0409,0.0344,591389.0,0.0119,-0.088,238,0.0128,0.1841,0.6621,0.0219,-0.6107,1.0
202304,53039,"klickitat, wa",695000.0,0.0285,0.404,48,0.0549,1.087,80.0,-0.3416,1.7586,16,-0.1111,-0.4286,0,-1.0,-1.0,0.0,-0.0294,-0.0976,8.0,0.3333,-0.3333,0.1,0.0155,-0.0463,22.0,0.3333,-0.2903,308.0,-0.0067,-0.0312,1881.0,-0.0394,0.1756,765440.0,0.0358,0.2697,69,0.122,0.2545,0.4583,0.0957,-0.8895,1.0
202304,53075,"whitman, wa",469000.0,-0.0092,0.2779,63,-0.0526,0.3404,45.0,-0.28,0.8367,40,0.0,-0.4118,0,,,0.0,0.0,0.0,28.0,0.5556,6.0,0.1619,0.0279,0.1357,38.0,0.2258,-0.0732,222.0,0.0039,0.0569,2268.0,0.062,0.0759,533726.0,0.0157,0.1802,97,-0.0051,0.1023,0.6032,0.137,-0.2692,0.0
202304,53065,"stevens, wa",485000.0,0.0492,0.0125,93,0.069,0.3286,37.0,-0.3148,0.3704,52,0.04,-0.2353,0,,,0.0,0.0,0.0,20.0,1.0,0.6667,0.0948,0.0391,0.0303,62.0,0.3933,0.0508,255.0,0.0549,0.0468,2090.0,-0.0297,0.0577,606315.0,0.0107,-0.0208,154,0.1493,0.2126,0.6667,0.1552,-0.1762,0.0
202304,53037,"kittitas, wa",780000.0,0.023,-0.0703,107,0.1505,1.098,50.0,-0.1803,1.5641,72,0.3846,0.0,0,,,0.0,0.0,0.0,36.0,0.8,1.25,0.1502,0.0527,0.0623,55.0,-0.0984,-0.1791,410.0,0.0049,0.0171,2237.0,0.0088,0.0081,1190514.0,-0.0113,-0.3217,164,0.0547,0.3898,0.514,-0.1419,-0.7997,1.0
202304,53005,"benton, wa",552400.0,-0.0113,0.0522,405,0.0163,0.4727,55.0,-0.0435,0.5278,260,0.1207,-0.1667,8,0.0,-0.6,0.0104,-0.0004,-0.0116,108.0,-0.1692,0.2273,0.1399,-0.0201,0.0378,170.0,0.0334,-0.3657,260.0,-0.0124,-0.0145,2201.0,-0.0086,0.0273,600360.0,0.0136,0.076,579,0.0257,0.0546,0.4198,0.007,-0.5548,0.0
202304,53013,"columbia, wa",512500.0,0.2485,0.1517,7,-0.2632,0.4,171.0,0.1773,8.0,0,-1.0,-1.0,0,,,0.0,0.0,0.0,4.0,1.0,0.0,0.2353,0.1353,0.0814,11.0,0.6923,0.1,194.0,0.1448,-0.2203,2378.0,-0.0006,0.2277,585450.0,0.0909,0.2744,17,0.0625,0.1333,1.5714,0.8872,-0.4286,1.0
202304,53015,"cowlitz, wa",564995.0,-0.0022,0.2417,162,-0.1025,0.4336,60.0,-0.1218,1.2453,100,-0.0385,-0.4048,4,-0.6667,-0.9375,0.01,-0.0177,-0.1241,40.0,-0.4444,-0.4118,0.1,-0.0712,-0.032,138.0,0.0222,-0.3065,277.0,0.011,0.0384,2191.0,0.0099,0.2052,639937.0,0.0297,0.0447,299,-0.0493,-0.0324,0.8519,0.1039,-0.9092,1.0
202304,53009,"clallam, wa",599000.0,0.05,-0.026,128,0.148,0.5059,31.0,-0.5249,0.0164,100,0.4286,0.087,0,,-1.0,0.0,0.0,-0.012,28.0,-0.0667,-0.125,0.0807,-0.0415,-0.0271,108.0,0.2486,-0.0609,315.0,0.0193,0.0043,1932.0,0.023,-0.0306,725870.0,0.0417,-0.0552,238,0.199,0.1782,0.8438,0.068,-0.5092,0.0
202304,53045,"mason, wa",521500.0,0.0441,0.043,105,-0.0094,0.4583,54.0,-0.0485,1.3478,72,0.0,-0.3077,8,,,0.0289,0.0289,0.0289,36.0,0.2857,0.5,0.1545,0.0288,0.0483,73.0,0.1231,-0.1512,306.0,0.0197,0.0271,1792.0,0.0052,0.0431,797945.0,0.0783,0.1594,178,0.0409,0.1056,0.6952,0.082,-0.4992,1.0
202304,53051,"pend oreille, wa",385000.0,-0.1148,-0.3361,32,0.1429,0.4545,43.0,-0.2833,0.1026,24,0.7143,0.0,0,,,0.0,0.0,0.0,8.0,,0.0,0.1013,0.1013,-0.0164,22.0,0.5714,-0.1538,185.0,-0.0752,-0.293,2069.0,-0.0214,-0.1559,557597.0,0.1343,-0.3371,54,0.35,0.08,0.6875,0.1875,-0.4943,1.0
202304,53023,"garfield, wa",295000.0,0.3409,0.5608,3,0.0,2.0,39.0,1.6897,2.3913,0,-1.0,-1.0,0,,,0.0,0.0,0.0,0.0,,,0.0,0.0,0.0,2.0,-0.3333,-0.3333,123.0,0.0101,-0.2291,2674.0,0.0285,1.5736,516208.0,0.9621,1.7313,7,0.1667,0.75,0.6667,-0.3333,-2.3333,1.0
202304,53059,"skamania, wa",687000.0,0.0311,0.0223,19,0.0857,0.1176,33.0,-0.5783,0.1,16,0.3333,0.0,0,,-1.0,0.0,0.0,-0.1143,4.0,,-0.6667,0.0816,0.0816,-0.1633,17.0,0.4783,0.1333,334.0,0.0098,-0.0346,2025.0,-0.0274,0.0723,865060.0,0.0387,0.2084,36,0.2203,0.125,0.8947,0.2376,0.0124,0.0
202304,53001,"adams, wa",384900.0,0.083,0.1753,40,-0.0698,1.1053,119.0,-0.2842,1.975,12,0.0,-0.4,4,,0.0,0.0548,0.0548,0.0022,4.0,0.0,0.0,0.0635,0.0071,0.0109,23.0,0.2432,-0.2813,240.0,0.0542,0.4008,1885.0,0.0758,-0.0894,400501.0,0.0402,0.037,63,0.008,0.2353,0.575,0.1448,-1.1092,1.0
202304,53031,"jefferson, wa",699995.0,-0.0261,0.0878,54,0.0485,0.6364,54.0,-0.4404,0.8305,48,1.1818,-0.0769,0,,,0.0,0.0,0.0,20.0,0.1111,1.5,0.1361,-0.0224,0.0841,46.0,0.1795,-0.1786,368.0,0.028,0.0313,1852.0,-0.1027,0.0709,778733.0,-0.0264,0.0702,100,0.1111,0.1364,0.8519,0.0946,-0.8451,0.0
202304,53007,"chelan, wa",678000.0,-0.0091,-0.0335,172,0.0784,0.5926,50.0,-0.4605,0.7069,92,-0.0417,-0.2333,0,,,0.0,0.0,0.0,24.0,-0.2941,0.5,0.071,-0.0413,0.0168,85.0,0.5179,-0.1981,340.0,0.0171,-0.017,1920.0,-0.1253,-0.1302,885039.0,-0.0706,-0.0746,245,0.1893,0.1343,0.4942,0.1431,-0.4873,0.0
202304,53003,"asotin, wa",399000.0,-0.0266,-0.0828,44,0.2055,0.5714,38.0,-0.6162,0.1692,36,1.0,0.2857,0,,,0.0,0.0,0.0,8.0,-0.3333,-0.3333,0.086,-0.0556,-0.0586,29.0,-0.0938,-0.2564,206.0,-0.0108,-0.0013,2016.0,-0.0776,-0.0684,475952.0,-0.0116,-0.3775,73,0.1145,0.1587,0.6591,-0.2176,-0.7338,0.0
202304,53055,"san juan, wa",1250000.0,0.0641,-0.0582,87,0.513,0.7059,36.0,-0.7438,-0.2421,40,0.3333,-0.0909,0,,,0.0,0.0,0.0,8.0,-0.4286,-0.5,0.0567,-0.0647,-0.0723,21.0,0.0244,-0.2759,638.0,0.05,-0.0467,1974.0,0.0689,-0.0801,2909239.0,0.7008,0.4719,111,0.4323,0.3875,0.2414,-0.1151,-0.3272,0.0
202304,53053,"pierce, wa",625000.0,0.0163,0.0426,704,-0.094,0.3184,37.0,-0.075,0.7619,804,-0.0337,-0.3891,56,0.4,0.1667,0.0224,0.0061,0.007,216.0,-0.234,0.1489,0.0873,-0.0273,0.0321,971.0,0.0554,-0.3649,309.0,0.0308,-0.0063,2174.0,-0.0117,0.1047,773188.0,0.0405,0.0691,1683,-0.0088,-0.1947,1.3793,0.1952,-1.484,1.0
202304,53069,"wahkiakum, wa",529000.0,0.0827,0.058,13,-0.037,2.25,86.0,-0.24,-0.0339,4,-0.6,0.0,0,,,0.0,0.0,0.0,8.0,,1.0,0.3333,0.3333,0.0833,7.0,1.3333,0.1667,264.0,-0.0505,0.1599,2306.0,0.2214,-0.0791,651369.0,0.075,0.0655,20,0.2121,0.8182,0.5385,0.3162,-0.9615,1.0
202304,53049,"pacific, wa",435000.0,0.0134,0.124,123,0.337,1.3654,44.0,-0.304,0.2429,56,0.3333,0.1667,0,,-1.0,0.0,0.0,-0.0233,28.0,0.5556,0.4,0.1223,0.022,0.0124,38.0,-0.013,-0.283,285.0,0.0132,0.0534,1527.0,-0.0381,0.0374,469795.0,-0.0173,0.0505,165,0.2644,0.5278,0.3089,-0.1095,-0.7103,0.0
202304,53047,"okanogan, wa",525000.0,0.0502,0.0,83,0.0247,0.4068,81.0,-0.4306,0.8409,32,0.3333,-0.3333,0,,,0.0,0.0,0.0,16.0,1.0,3.0,0.1135,0.0538,0.0807,28.0,-0.0508,-0.4717,257.0,-0.0128,-0.0386,1859.0,0.0721,0.1308,923780.0,0.0464,0.3103,113,0.0226,0.0089,0.3373,-0.0268,-0.561,0.0
202304,53067,"thurston, wa",554990.0,0.0359,0.0673,240,-0.0909,0.326,33.0,-0.3333,1.0968,248,-0.0882,-0.4414,12,5.0,2.0,0.0137,0.0111,0.0098,60.0,-0.2105,0.0714,0.0685,-0.0211,0.0193,348.0,0.1581,-0.2402,277.0,0.01,-0.0305,2155.0,0.0132,0.1049,726605.0,0.0427,0.1452,574,0.0,-0.0874,1.45,0.3117,-1.0804,1.0
202304,53029,"island, wa",712475.0,0.0274,0.0714,148,0.117,1.3492,32.0,-0.1711,0.9688,132,0.1186,-0.0833,0,-1.0,,0.0,-0.0054,0.0,36.0,0.0588,1.25,0.0898,-0.0135,0.0411,122.0,0.1142,0.0,359.0,0.0163,0.0255,2096.0,0.0262,0.1373,998916.0,0.0906,0.249,269,0.1162,0.4541,0.8243,-0.0021,-1.1122,1.0
202304,53057,"skagit, wa",667250.0,0.0742,0.0762,162,0.1571,0.2366,44.0,-0.1776,0.6923,124,0.2157,-0.225,4,,,0.0085,0.0085,0.0085,44.0,0.1,0.2222,0.1045,-0.0092,0.0208,130.0,0.1927,-0.2614,334.0,-0.01,-0.0253,2178.0,0.0761,0.206,840671.0,0.0726,-0.0306,295,0.209,-0.0199,0.8025,0.0239,-0.541,0.0
202303,53029,"island, wa",693475.0,0.0539,-0.0265,133,-0.0038,1.598,38.0,-0.437,0.4757,118,0.2826,0.1132,2,,,0.0054,0.0054,0.0054,34.0,-0.3704,0.8889,0.1033,-0.0614,0.0388,110.0,0.058,-0.0223,353.0,0.0309,0.0065,2043.0,0.0586,0.0566,915891.0,0.099,0.1161,241,0.0169,0.4969,0.8264,0.0482,-1.3697,1.0
202303,53003,"asotin, wa",409900.0,0.0005,-0.0523,37,-0.1205,0.7805,99.0,0.0588,3.6588,18,0.5,-0.4375,0,,,0.0,0.0,0.0,12.0,1.0,5.0,0.1416,0.0622,0.1212,32.0,0.641,-0.2,208.0,0.0292,0.0961,2186.0,0.0287,-0.0452,481524.0,0.0332,-0.4919,66,0.0826,0.0917,0.8767,0.4068,-1.0745,1.0
202303,53049,"pacific, wa",429250.0,-0.0064,0.0765,92,0.1084,1.3291,63.0,-0.496,0.5625,42,0.0,0.05,0,-1.0,-1.0,0.0,-0.0121,-0.0273,18.0,3.5,0.125,0.1003,0.0712,-0.0144,39.0,0.1159,-0.3362,281.0,0.0787,0.0483,1588.0,-0.017,-0.0385,478057.0,0.0496,0.0049,131,0.1106,0.3249,0.4185,0.0028,-1.0499,1.0
202303,53047,"okanogan, wa",499900.0,0.0587,0.0844,81,0.0062,0.8409,142.0,0.0289,0.9689,24,0.7143,-0.2,0,,,0.0,0.0,0.0,8.0,0.0,3.0,0.0597,-0.0038,0.041,30.0,0.18,-0.1918,261.0,0.0809,0.0597,1734.0,0.0242,0.0697,882779.0,0.0615,0.4345,111,0.0425,0.3813,0.3642,0.0536,-0.4653,0.0
202303,53067,"thurston, wa",535738.0,-0.0033,0.0716,264,-0.1126,0.9701,49.0,-0.296,0.9118,272,0.4624,-0.1953,2,-0.6667,-0.5,0.0026,-0.0051,-0.0021,76.0,-0.1915,1.7143,0.0896,-0.036,0.0573,301.0,0.0118,-0.2383,274.0,-0.0123,-0.0394,2127.0,0.0464,0.1233,696836.0,0.0175,0.1158,574,-0.0329,0.0851,1.1383,0.1399,-1.8058,1.0
202303,53051,"pend oreille, wa",434950.0,0.2339,-0.3332,28,0.0566,0.4737,60.0,-0.1638,0.4724,14,0.1667,0.0,0,,-1.0,0.0,0.0,-0.0323,0.0,-1.0,-1.0,0.0,-0.0762,-0.0715,14.0,-0.0345,-0.3778,200.0,-0.0589,-0.2739,2114.0,0.204,-0.2064,491585.0,0.13,-0.6936,40,0.0,-0.0244,0.5,-0.0472,-0.6842,1.0
202303,53021,"franklin, wa",533675.0,-0.0009,0.1004,104,-0.0189,1.3908,67.0,-0.3138,2.0225,70,0.4,-0.1463,0,-1.0,-1.0,0.0,-0.0182,-0.0103,32.0,0.0667,3.0,0.1412,-0.0018,0.0977,59.0,0.0446,0.0541,257.0,0.0024,0.0243,2127.0,0.0147,-0.0078,546884.0,0.0007,-0.018,161,-0.0062,0.5862,0.5625,0.0342,-0.7134,1.0
202303,53033,"king, wa",902450.0,0.0687,0.0622,1828,0.0585,0.7327,29.0,-0.2267,0.6111,2062,0.4856,-0.2271,36,2.0,-0.1818,0.0062,0.0037,-0.0005,560.0,0.1915,2.5443,0.0967,-0.0001,0.0723,1793.0,0.0263,-0.3274,535.0,0.0102,0.0039,1945.0,0.0496,0.0722,1443406.0,0.0565,0.1245,3606,0.0442,-0.0279,0.9806,-0.0307,-1.5455,1.0
202303,53055,"san juan, wa",1174750.0,0.2581,-0.2213,58,-0.0086,0.3855,141.0,-0.0921,0.3192,30,2.75,0.875,0,,,0.0,0.0,0.0,14.0,1.3333,0.75,0.1215,0.0497,0.0349,21.0,0.0,0.0513,608.0,0.0948,-0.1234,1847.0,0.0556,-0.2205,1710522.0,0.0165,-0.2303,78,-0.0064,0.2602,0.3565,0.0031,-0.1134,1.0
202303,53077,"yakima, wa",384900.0,0.0136,-0.0202,214,-0.0896,0.4046,45.0,-0.2521,0.1603,128,-0.0154,-0.1899,2,-0.6667,-0.75,0.0038,-0.0078,-0.011,52.0,-0.0714,0.3,0.101,-0.0082,0.0258,176.0,0.218,-0.0222,218.0,0.0246,-0.0271,1846.0,-0.0283,0.029,487135.0,0.1244,0.0314,387,0.0265,0.1433,0.8244,0.2082,-0.3599,0.0
202303,53059,"skamania, wa",666250.0,0.033,-0.0427,18,-0.0541,0.1667,78.0,-0.1676,3.2297,12,0.5,-0.3333,0,,,0.0,0.0,0.0,0.0,,-1.0,0.0,0.0,-0.1758,12.0,0.0455,-0.1786,331.0,-0.0315,-0.077,2082.0,-0.0525,0.1192,832827.0,0.0473,0.1098,30,0.0,-0.0328,0.6571,0.0625,-0.2762,1.0
202303,53053,"pierce, wa",614975.0,0.0266,0.065,777,-0.1028,0.68,40.0,-0.3277,1.1622,832,0.3206,-0.274,40,0.6667,-0.4286,0.0163,0.006,-0.0064,282.0,-0.06,1.82,0.1146,-0.0149,0.0822,920.0,0.0741,-0.3692,300.0,0.0247,-0.0291,2200.0,0.0445,0.1183,743058.0,0.0493,0.0166,1698,-0.0085,-0.1168,1.184,0.195,-1.9695,1.0
202303,53035,"kitsap, wa",597495.0,0.0766,-0.0197,266,-0.045,0.5946,46.0,-0.3284,1.0222,280,0.6867,-0.1813,22,1.75,-0.1538,0.0269,0.0158,-0.0004,98.0,0.1395,1.0417,0.1186,0.0012,0.0703,295.0,0.0208,-0.3816,295.0,0.026,-0.0358,2089.0,0.0072,0.0412,846564.0,0.1642,0.0515,561,-0.0115,-0.1194,1.1111,0.0715,-1.7538,1.0
202303,53073,"whatcom, wa",621000.0,0.0367,-0.0399,378,0.0328,1.316,46.0,-0.3874,0.9892,240,0.1429,-0.1111,2,-0.5,-0.5,0.0024,-0.0028,-0.0032,70.0,0.1667,1.5,0.0766,-0.0013,0.0376,240.0,0.1511,-0.0943,347.0,0.0181,-0.0486,1872.0,0.0303,0.0048,816964.0,0.0217,-0.1113,623,0.0807,0.441,0.6358,0.0653,-0.99,0.0
202303,53025,"grant, wa",369950.0,0.0481,-0.0264,157,-0.0249,0.7486,63.0,-0.0876,0.4205,74,0.4231,-0.1395,4,1.0,-0.3333,0.0109,0.0049,-0.0055,26.0,0.0833,0.1818,0.0758,-0.0034,0.0176,121.0,0.1469,-0.337,242.0,0.0205,0.0378,1551.0,0.0055,-0.1099,456254.0,0.0549,0.0661,278,0.0511,0.0221,0.7732,0.1158,-1.2659,1.0
202303,53017,"douglas, wa",595225.0,0.0042,0.2076,62,-0.0236,1.3846,107.0,0.029,1.4624,30,1.1429,-0.4,0,,,0.0,0.0,0.0,16.0,0.1429,3.0,0.1164,-0.0214,0.0903,32.0,0.5,-0.3368,281.0,0.0205,-0.0491,2279.0,0.0007,0.1135,601167.0,0.0238,-0.1305,90,0.1043,0.2081,0.5081,0.1774,-1.3189,1.0
202303,53011,"clark, wa",649450.0,0.011,0.1248,634,-0.0538,0.4447,46.0,-0.0663,0.9063,546,0.4072,-0.3515,98,-0.1695,-0.8483,0.0518,-0.0165,-0.2015,184.0,-0.0213,0.1084,0.0968,-0.008,0.0316,703.0,-0.0035,-0.4465,305.0,0.0234,0.017,2154.0,0.0157,0.1086,831935.0,0.0068,0.2026,1332,-0.0148,-0.222,1.1097,0.0559,-1.7865,1.0
202303,53069,"wahkiakum, wa",488600.0,0.0452,-0.0208,14,0.6875,2.8571,113.0,-0.3253,0.1719,10,4.0,4.0,0,,,0.0,0.0,0.0,0.0,,-1.0,0.0,0.0,-0.0909,3.0,-0.7,-0.625,278.0,0.0373,0.1832,1888.0,-0.061,-0.2224,605903.0,-0.054,0.078,17,-0.0571,0.5,0.2222,-1.0278,-2.0635,1.0
202303,53015,"cowlitz, wa",566220.0,0.0076,0.235,181,-0.1405,0.796,68.0,-0.0623,1.5327,104,0.3,-0.3735,12,5.0,-0.8125,0.0278,0.023,-0.1209,72.0,0.3846,0.6364,0.1712,0.0462,0.0691,135.0,0.015,-0.2174,274.0,0.0035,0.0246,2170.0,0.0321,0.1975,621455.0,0.0146,0.0193,315,-0.0791,0.1648,0.7479,0.1146,-0.9685,1.0
202303,53013,"columbia, wa",410500.0,0.0174,0.0211,10,-0.2083,0.4615,145.0,0.2388,2.7727,2,-0.5,-0.75,0,,,0.0,0.0,0.0,2.0,0.0,,0.1,0.0091,0.1,7.0,0.1818,0.8571,170.0,-0.0135,-0.3266,2380.0,0.0656,0.114,536656.0,0.0849,0.1759,16,-0.0588,0.5238,0.6842,0.2259,0.1457,1.0
202303,53027,"grays harbor, wa",411500.0,0.0288,0.0166,212,-0.032,0.3902,55.0,-0.282,0.5103,110,0.2791,-0.2254,0,-1.0,-1.0,0.0,-0.0098,-0.0044,60.0,0.1538,0.4286,0.145,0.02,0.0478,110.0,0.0,-0.2226,280.0,0.0103,-0.0989,1438.0,-0.0152,-0.0016,439302.0,0.0423,-0.0353,327,-0.0091,0.1122,0.5189,0.0166,-0.409,0.0
202303,53043,"lincoln, wa",395000.0,0.026,-0.0623,31,-0.1029,0.7941,99.0,-0.0366,0.1686,8,0.3333,-0.4286,0,,,0.0,0.0,0.0,6.0,-0.25,,0.0902,-0.0422,0.0902,19.0,0.1176,0.027,183.0,0.0298,-0.0466,1934.0,0.001,-0.1824,440836.0,0.0601,-0.3759,50,-0.0196,0.4085,0.623,0.123,-0.4653,0.0
202303,53019,"ferry, wa",389000.0,0.0279,0.6917,15,-0.0938,0.2609,157.0,0.1397,0.4988,0,-1.0,-1.0,0,,,0.0,0.0,0.0,0.0,-1.0,,0.0,-0.0741,0.0,6.0,0.5714,-0.3529,242.0,0.012,0.1021,1824.0,0.0033,0.1802,468160.0,0.0891,0.3991,20,0.0263,-0.025,0.3793,0.1606,-0.3598,1.0
202303,53063,"spokane, wa",499900.0,0.0308,0.0415,585,-0.0076,1.1119,37.0,-0.0519,0.5532,552,0.2719,-0.1402,26,0.0833,-0.2353,0.014,-0.0001,-0.0044,166.0,-0.0568,2.32,0.0853,-0.0185,0.0582,754.0,0.0865,-0.1898,231.0,-0.0048,-0.0061,2171.0,0.0187,0.0607,591306.0,0.0171,-0.0703,1338,0.0445,0.1085,1.288,0.1116,-2.0694,1.0
202303,53075,"whitman, wa",473375.0,0.1407,0.1761,67,0.064,0.8472,63.0,-0.2537,0.773,40,0.1765,0.1765,0,-1.0,-1.0,0.0,-0.0152,-0.018,18.0,-0.1818,1.25,0.1339,-0.0293,0.0603,31.0,-0.0159,-0.1622,221.0,0.0185,0.1207,2136.0,0.0355,-0.0049,525476.0,0.0607,0.1627,98,0.0209,0.3448,0.4662,-0.0378,-0.5616,0.0
202303,53037,"kittitas, wa",762488.0,0.1067,-0.1978,93,0.022,2.1,61.0,-0.2824,0.8769,52,0.1818,0.1818,0,,,0.0,0.0,0.0,20.0,0.4286,2.3333,0.0975,0.0271,0.0516,61.0,0.0796,0.0083,408.0,0.0989,-0.0101,2218.0,0.0595,-0.1227,1204180.0,0.1709,-0.4072,156,0.0507,0.6811,0.6559,0.035,-1.3608,1.0
202303,53061,"snohomish, wa",804725.0,0.035,0.0558,511,-0.022,0.479,28.0,-0.4472,1.619,648,0.4026,-0.4098,12,0.5,-0.5385,0.0062,0.0015,-0.0036,118.0,-0.1324,0.7879,0.0623,-0.0184,0.0372,734.0,0.0223,-0.3803,390.0,0.0191,-0.0076,2133.0,0.0146,0.0843,919829.0,0.025,0.0316,1236,-0.0004,-0.1914,1.4364,0.0622,-1.992,1.0
202303,53071,"walla walla, wa",517225.0,0.0365,-0.0953,75,0.0719,1.1912,58.0,-0.2767,0.3855,48,0.5,0.2,0,,,0.0,0.0,0.0,24.0,0.0909,3.0,0.1382,-0.025,0.0926,48.0,0.0787,-0.1111,246.0,0.0125,-0.0048,2110.0,0.0225,-0.0746,629346.0,0.0111,-0.2164,122,0.0749,0.3864,0.6443,0.004,-0.9439,0.0
202303,53009,"clallam, wa",570500.0,-0.0455,-0.032,112,-0.1255,0.4481,65.0,-0.1792,0.9773,70,0.0938,-0.2857,0,,,0.0,0.0,0.0,30.0,-0.0625,0.1538,0.1222,-0.0016,0.0326,87.0,0.0485,-0.27,309.0,0.0014,-0.019,1889.0,-0.0544,0.0027,696843.0,-0.0246,-0.083,199,-0.0592,0.0339,0.7758,0.1287,-0.7632,0.0
202303,53005,"benton, wa",558725.0,-0.0128,-0.0107,399,-0.059,0.5152,58.0,-0.2532,0.5132,232,0.1154,-0.1714,8,1.0,-0.6923,0.0108,0.0058,-0.0228,130.0,0.3265,1.8261,0.16,0.0305,0.1011,165.0,0.223,-0.264,263.0,0.0,-0.0231,2220.0,0.0157,0.0349,592310.0,0.0049,0.0199,565,0.0107,0.1651,0.4128,0.0952,-0.437,0.0
202303,53007,"chelan, wa",684250.0,-0.0225,-0.0204,160,0.1272,0.6789,92.0,-0.1826,0.8918,96,1.2857,-0.36,0,,,0.0,0.0,0.0,34.0,0.4167,3.25,0.1123,0.0008,0.0862,56.0,0.2584,-0.3708,334.0,-0.0228,0.0269,2195.0,-0.0288,0.0318,952258.0,-0.0489,0.0404,206,0.1541,0.1257,0.3511,0.0366,-0.5857,0.0
202303,53023,"garfield, wa",220000.0,0.1898,-0.5368,3,,2.0,15.0,-0.9194,13.5,2,0.0,0.0,0,,,0.0,0.0,0.0,0.0,,,0.0,0.0,0.0,3.0,-0.3333,-0.25,122.0,0.2469,-0.4966,2600.0,0.1207,0.3292,263083.0,0.4228,-0.4461,6,0.2,0.3333,1.0,,-3.0,1.0
202303,53057,"skagit, wa",621175.0,0.0235,0.0358,140,-0.1223,0.3527,54.0,-0.2937,0.8136,102,0.3421,-0.32,0,-1.0,-1.0,0.0,-0.0104,-0.0148,40.0,0.0526,1.0,0.1138,0.0068,0.0619,109.0,-0.1138,-0.2635,338.0,0.0148,-0.0011,2024.0,0.0285,0.1314,783759.0,0.0348,-0.0176,244,-0.1454,-0.0201,0.7786,0.0074,-0.6514,0.0
202303,53031,"jefferson, wa",718723.0,0.0088,0.1663,52,-0.1043,0.4928,97.0,0.1221,2.9388,22,-0.1538,-0.4211,0,,,0.0,0.0,0.0,18.0,0.0,0.125,0.1585,-0.0094,0.0297,39.0,0.2381,-0.2778,358.0,-0.0155,-0.0003,2064.0,-0.0271,0.1721,799820.0,0.0363,-0.0805,90,-0.0055,0.0227,0.7573,0.2095,-0.8079,1.0
202303,53001,"adams, wa",355400.0,0.0164,0.0205,43,0.0118,1.3889,166.0,-0.0965,0.374,12,0.0,0.5,0,,-1.0,0.0,0.0,-0.0351,4.0,1.0,,0.0564,0.0317,0.0564,19.0,-0.075,-0.3833,228.0,-0.0396,0.0661,1752.0,-0.0355,-0.0523,385027.0,-0.0078,-0.0447,63,0.0,0.3021,0.4302,-0.0404,-1.2364,1.0
202303,53039,"klickitat, wa",675750.0,0.0709,0.2095,46,0.0581,0.9783,122.0,0.0083,0.5283,18,0.5,-0.3571,2,0.0,-0.5,0.0294,0.0059,-0.032,6.0,-0.25,-0.25,0.0845,-0.0189,-0.0188,17.0,-0.2979,-0.2979,310.0,0.0378,0.2592,1958.0,-0.0214,0.0949,738964.0,0.0896,0.199,62,-0.0821,0.268,0.3626,-0.1839,-0.6591,0.0
202303,53041,"lewis, wa",499000.0,0.0289,0.104,145,-0.0707,0.9527,62.0,-0.3034,1.0,82,0.0789,-0.1961,0,,-1.0,0.0,0.0,-0.0203,52.0,0.0833,0.8571,0.1675,0.0128,0.0757,93.0,-0.1063,-0.2094,268.0,0.0052,-0.0128,1864.0,0.0182,0.0441,584444.0,0.0119,0.0219,235,-0.0856,0.2176,0.6401,-0.0255,-0.9409,0.0
202303,53045,"mason, wa",499475.0,0.054,-0.0059,106,0.0443,1.099,57.0,-0.3729,1.1619,72,0.5652,-0.027,0,-1.0,,0.0,-0.0086,0.0,28.0,0.1667,0.5556,0.1257,0.0173,0.0428,65.0,-0.0511,-0.1034,300.0,0.032,0.0422,1783.0,0.0263,-0.0125,740022.0,0.0555,0.0717,171,0.0,0.3412,0.6132,-0.0617,-0.8224,1.0
202303,53065,"stevens, wa",462250.0,0.0518,-0.0204,87,-0.0225,0.6111,54.0,-0.3121,0.2934,50,0.4706,0.0,0,,,0.0,0.0,0.0,10.0,-0.1667,-0.2857,0.0557,-0.0142,-0.0401,45.0,0.023,0.0,242.0,0.0048,0.0018,2154.0,0.0512,0.1607,599893.0,0.068,-0.0406,134,0.019,0.3604,0.5115,0.0227,-0.3126,0.0
202302,53073,"whatcom, wa",599000.0,-0.018,-0.0958,366,-0.0014,1.9124,76.0,-0.0382,1.6491,210,0.5,-0.0708,4,1.0,,0.0052,0.0025,0.0052,60.0,-0.3478,2.75,0.078,-0.0559,0.0503,209.0,0.1713,-0.142,341.0,-0.004,-0.0263,1817.0,-0.0283,-0.063,799626.0,-0.0303,-0.1666,576,0.053,0.5695,0.5705,0.0841,-1.3658,1.0
202302,53053,"pierce, wa",599015.0,0.0069,0.0284,866,-0.176,1.2036,60.0,-0.1678,1.8333,630,0.1538,-0.3649,24,-0.1429,-0.5556,0.0103,-0.0021,-0.0102,300.0,-0.3506,3.5455,0.1295,-0.0785,0.1045,857.0,0.3383,-0.3301,293.0,-0.0036,-0.0422,2106.0,0.0191,0.0757,708128.0,0.0104,-0.0273,1713,0.013,0.0322,0.989,0.3801,-2.2642,1.0
202302,53039,"klickitat, wa",631000.0,-0.0094,0.0989,43,-0.1224,1.2051,121.0,0.1368,-0.0957,12,0.0,0.5,2,,-0.5,0.0235,0.0235,-0.0597,8.0,0.0,-0.2,0.1034,-0.0007,-0.1239,24.0,0.175,0.3824,299.0,0.073,0.3037,2001.0,-0.0394,-0.065,678167.0,0.0008,0.0529,67,-0.0074,0.8356,0.5465,0.1383,-0.3253,0.0
202302,53021,"franklin, wa",534175.0,0.0224,0.0688,106,-0.1486,1.1633,98.0,0.3243,2.5315,50,0.0417,-0.2647,4,,1.0,0.0182,0.0182,0.005,30.0,-0.25,4.0,0.143,-0.039,0.108,56.0,0.3023,0.3494,256.0,-0.0041,0.0773,2096.0,0.017,-0.0214,546514.0,0.0292,-0.0027,162,-0.0328,0.8101,0.5283,0.1829,-0.3186,1.0
202302,53059,"skamania, wa",644950.0,-0.0806,0.0023,19,-0.1591,0.85,94.0,-0.1435,0.9086,8,1.0,-0.4286,0,,,0.0,0.0,0.0,0.0,-1.0,-1.0,0.0,-0.0897,-0.2389,11.0,-0.0833,0.4667,342.0,0.0316,0.0879,2197.0,0.01,0.1846,795236.0,-0.0489,0.0208,30,-0.1324,0.5946,0.5946,0.0491,-0.1554,0.0
202302,53011,"clark, wa",642400.0,0.0471,0.1182,670,-0.1254,0.6928,49.0,-0.2033,0.7982,388,-0.1674,-0.5162,118,1.6818,-0.7366,0.0683,0.0428,-0.1199,188.0,-0.3691,0.1059,0.1048,-0.0615,0.0355,706.0,0.3101,-0.4255,298.0,0.0208,-0.0014,2121.0,0.0018,0.0922,826342.0,0.0387,0.1889,1352,0.0376,-0.1644,1.0538,0.3503,-2.0512,1.0
202302,53009,"clallam, wa",597675.0,0.0278,-0.032,128,-0.1327,0.6776,80.0,-0.1452,1.7895,64,0.3913,-0.2727,0,,-1.0,0.0,0.0,-0.009,32.0,-0.1579,1.2857,0.1238,-0.0272,0.0688,83.0,0.4103,-0.0625,308.0,0.0147,0.0059,1997.0,0.0057,0.0133,714432.0,0.0153,-0.0344,211,0.0293,0.2905,0.6471,0.2491,-0.5108,1.0
202302,53075,"whitman, wa",415000.0,0.0012,0.0864,63,-0.0942,0.4881,84.0,0.0912,1.9911,34,0.1333,-0.2273,2,0.0,-0.6667,0.0152,-0.0002,-0.0353,22.0,0.1,1.75,0.1632,0.0133,0.097,32.0,0.0161,0.0678,217.0,0.0062,0.2109,2062.0,0.005,-0.1103,495411.0,0.0304,0.1041,96,-0.0545,0.3546,0.504,0.0547,-0.1984,1.0
202302,53003,"asotin, wa",409675.0,0.0256,-0.1039,42,-0.1531,1.3714,94.0,0.1333,0.7395,12,-0.25,-0.5714,0,,,0.0,0.0,0.0,6.0,-0.5714,0.5,0.0794,-0.0679,0.0315,20.0,-0.1522,-0.4,202.0,0.0168,-0.0494,2125.0,-0.0201,-0.0473,466032.0,0.0218,-0.4938,61,-0.1538,0.21,0.4699,0.0005,-1.3873,1.0
202302,53033,"king, wa",844475.0,0.0298,0.059,1727,-0.1184,0.9569,38.0,-0.4141,1.3438,1388,0.0405,-0.3815,12,0.0,-0.76,0.0025,-0.0002,-0.007,470.0,-0.1952,3.5192,0.0968,-0.03,0.0775,1747.0,0.3714,-0.2617,529.0,0.0306,0.0189,1853.0,0.0112,0.09,1366233.0,0.0628,0.0962,3454,0.0712,0.0646,1.0113,0.3612,-1.6692,1.0
202302,53041,"lewis, wa",485000.0,0.079,0.1287,156,-0.1012,1.2214,89.0,-0.0378,1.637,76,0.2667,-0.0732,0,,-1.0,0.0,0.0,-0.0304,48.0,-0.2258,0.8462,0.1547,-0.0673,0.0629,104.0,0.5923,-0.1446,267.0,-0.0029,-0.007,1831.0,0.0411,0.0739,577568.0,0.0323,0.0948,257,0.0598,0.3351,0.6656,0.2899,-1.063,1.0
202302,53001,"adams, wa",349650.0,0.032,0.0013,43,0.0494,1.125,184.0,0.1323,0.6176,12,2.0,2.0,0,,-1.0,0.0,0.0,-0.0357,2.0,-0.5,0.0,0.0247,-0.0425,-0.0104,20.0,0.3333,-0.4366,237.0,0.0546,0.205,1817.0,0.0964,0.0022,388064.0,0.0602,0.0267,63,0.1261,0.1062,0.4706,0.1002,-1.3044,1.0
202302,53019,"ferry, wa",378450.0,0.0167,0.954,16,0.0323,0.6,138.0,0.1748,0.1384,6,,,0,,,0.0,0.0,0.0,2.0,0.0,,0.0741,0.0074,0.0741,4.0,-0.4167,-0.65,239.0,-0.0426,0.3012,1818.0,0.1572,0.3304,429847.0,0.0094,0.3778,19,-0.1163,-0.05,0.2188,-0.1683,-0.7813,1.0
202302,53077,"yakima, wa",379725.0,0.0263,-0.0553,235,-0.0105,0.4984,61.0,-0.1906,-0.0041,130,0.413,-0.0845,6,,0.5,0.0116,0.0116,0.0034,56.0,0.037,1.0,0.1091,-0.0137,0.0471,145.0,0.3018,-0.1743,213.0,0.0077,-0.0645,1900.0,-0.0207,0.0603,433252.0,0.0097,-0.0633,377,0.0849,0.1407,0.6162,0.1479,-0.502,0.0
202302,53035,"kitsap, wa",555000.0,0.0091,-0.0742,278,-0.1871,0.69,68.0,-0.0875,2.0111,166,-0.0978,-0.5389,8,-0.6,-0.7333,0.011,-0.0141,-0.0204,86.0,-0.3857,1.6875,0.1174,-0.0585,0.0821,289.0,0.2403,-0.3295,288.0,-0.006,-0.0429,2074.0,0.0224,0.0483,727189.0,0.035,-0.0801,567,-0.0216,-0.0566,1.0396,0.3583,-1.5805,1.0
202302,53065,"stevens, wa",439500.0,0.0571,-0.1374,89,0.0114,1.0,79.0,-0.1693,0.1174,34,0.4167,0.4167,0,,,0.0,0.0,0.0,12.0,0.0,0.2,0.0699,-0.011,-0.0177,44.0,0.2083,-0.0645,241.0,0.0346,0.1003,2049.0,-0.0173,0.0156,561690.0,0.0129,-0.0711,132,0.0562,0.4693,0.4888,0.0797,-0.5562,1.0
202302,53005,"benton, wa",565975.0,0.0009,0.0162,424,-0.014,0.6673,77.0,-0.0494,0.5024,208,0.284,-0.2464,4,-0.3333,-0.8333,0.005,-0.0032,-0.0271,98.0,-0.2687,1.5789,0.1295,-0.0602,0.0789,135.0,0.3186,-0.4009,263.0,0.0087,-0.0183,2185.0,0.0003,-0.0031,589445.0,0.0003,0.0254,559,0.041,0.177,0.3176,0.0801,-0.5663,0.0
202302,53037,"kittitas, wa",689000.0,-0.0622,-0.0993,91,-0.1333,1.8889,85.0,-0.0529,0.828,44,0.5714,0.4667,0,-1.0,,0.0,-0.0117,0.0,14.0,-0.125,2.5,0.0704,-0.0249,0.0376,57.0,0.6377,-0.0887,372.0,0.0322,0.1223,2093.0,-0.0566,-0.1492,1028447.0,-0.0156,-0.4455,148,0.0534,0.6,0.6209,0.2923,-1.3474,1.0
202302,53025,"grant, wa",352966.0,-0.0703,-0.0082,161,0.0664,0.5735,69.0,-0.1672,0.2569,52,-0.1034,-0.2571,2,-0.5,-0.6667,0.006,-0.0073,-0.0115,24.0,-0.0769,0.2,0.0793,-0.012,0.0223,106.0,0.2197,-0.3683,237.0,0.0057,0.0572,1542.0,-0.0314,-0.1056,432520.0,-0.092,0.0638,264,0.0977,-0.0075,0.6573,0.0826,-0.9799,0.0
202302,53023,"garfield, wa",184900.0,-0.0978,-0.1746,0,-1.0,-1.0,180.0,0.0827,9.4348,2,0.0,,0,,,0.0,0.0,0.0,0.0,,,0.0,0.0,0.0,5.0,0.8,1.25,98.0,-0.2628,-0.2822,2320.0,0.4027,0.4146,184900.0,-0.3211,-0.1746,5,-0.0909,0.6667,,,,1.0
202302,53051,"pend oreille, wa",352500.0,0.1711,-0.4049,27,-0.0702,0.2326,72.0,-0.3492,0.6982,12,2.0,-0.4,0,,,0.0,0.0,0.0,4.0,1.0,1.0,0.0762,0.0297,0.048,15.0,0.381,-0.3556,212.0,0.0458,-0.2497,1756.0,-0.0215,-0.267,435019.0,0.0167,-0.7108,40,0.0,-0.0805,0.5472,0.1787,-0.4993,1.0
202302,53049,"pacific, wa",432000.0,-0.0171,0.1993,83,-0.0674,0.9762,124.0,0.0598,1.8343,42,1.625,0.0,2,,-0.5,0.0121,0.0121,-0.0171,4.0,-0.8182,0.0,0.0291,-0.1271,0.0021,35.0,-0.0548,-0.4103,261.0,-0.0605,-0.0077,1615.0,0.0069,0.1325,455475.0,-0.0267,0.0995,118,-0.0637,0.175,0.4157,0.0056,-0.9772,1.0
202302,53013,"columbia, wa",403499.0,-0.0347,-0.2029,12,-0.1111,1.0,117.0,0.3174,0.3794,4,0.0,1.0,0,,,0.0,0.0,0.0,2.0,,0.0,0.0909,0.0909,-0.0519,6.0,0.8333,4.5,172.0,-0.1326,0.1747,2233.0,0.0147,-0.1125,494676.0,-0.0213,-0.123,17,0.0,1.8333,0.4583,0.2361,0.2917,1.0
202302,53055,"san juan, wa",933750.0,-0.1065,-0.3866,58,-0.0938,0.381,155.0,0.2137,0.2789,8,0.0,-0.5,0,,,0.0,0.0,0.0,6.0,-0.4,0.5,0.0718,-0.0402,0.022,21.0,0.1389,0.2424,555.0,-0.0058,-0.2024,1750.0,-0.1287,-0.229,1682686.0,-0.0469,-0.2116,78,-0.0602,0.3333,0.3534,0.0722,-0.0394,1.0
202302,53029,"island, wa",658000.0,0.031,-0.0038,133,-0.1419,2.1667,68.0,-0.2128,2.3333,92,0.15,0.0455,0,,,0.0,0.0,0.0,54.0,0.2273,3.5,0.1647,0.0259,0.1131,104.0,0.3101,-0.0633,343.0,-0.0197,0.0068,1930.0,0.043,-0.0222,833354.0,-0.0091,0.0215,237,0.0128,0.5541,0.7782,0.2685,-1.8528,1.0
202302,53027,"grays harbor, wa",399962.0,0.0002,0.023,219,-0.0661,0.6782,76.0,-0.1712,0.5561,86,0.1026,-0.2456,4,1.0,0.0,0.0098,0.0049,-0.0004,52.0,-0.1613,0.625,0.125,-0.0315,0.043,110.0,0.4379,-0.2466,277.0,-0.0167,-0.1166,1461.0,0.0171,0.0682,421462.0,-0.0023,0.0048,330,0.0543,0.1892,0.5023,0.1761,-0.6165,0.0
202302,53071,"walla walla, wa",499000.0,-0.0138,0.0628,70,-0.1203,0.8533,80.0,0.1119,0.325,32,0.0667,0.2308,0,,,0.0,0.0,0.0,22.0,0.0,0.8333,0.1632,0.0154,0.0556,45.0,0.2535,-0.1275,243.0,-0.0324,-0.022,2063.0,0.0102,-0.0907,622431.0,-0.0113,-0.1986,114,-0.0044,0.2825,0.6403,0.1909,-0.7197,0.0
202302,53017,"douglas, wa",592750.0,0.0413,0.3949,64,-0.073,1.5918,104.0,0.125,1.875,14,-0.2222,-0.4615,0,,,0.0,0.0,0.0,14.0,-0.2222,,0.1377,-0.05,0.1377,21.0,0.2,-0.3913,275.0,-0.0077,-0.0346,2278.0,0.0174,0.2781,587198.0,0.0198,0.0981,82,-0.0355,0.3583,0.3307,0.0752,-1.0775,1.0
202302,53007,"chelan, wa",699990.0,0.0007,0.007,142,-0.066,1.0657,112.0,0.1225,0.4119,42,0.3125,-0.125,0,,-1.0,0.0,0.0,-0.0088,24.0,0.0909,11.0,0.1116,0.01,0.1002,45.0,0.2361,-0.2393,342.0,0.0297,0.0711,2260.0,0.0315,0.0542,1001211.0,0.0308,-0.0131,179,-0.0325,0.3945,0.3145,0.0769,-0.5395,0.0
202302,53061,"snohomish, wa",777500.0,0.0618,0.0875,523,-0.2161,0.946,50.0,-0.2287,3.975,462,0.1436,-0.431,8,0.0,-0.75,0.0048,0.0,-0.0116,136.0,-0.3929,3.25,0.0807,-0.059,0.0654,718.0,0.3186,-0.2859,383.0,-0.0008,-0.0144,2102.0,0.0365,0.0659,897405.0,0.0302,0.0163,1237,0.0249,-0.0359,1.3742,0.5572,-2.3707,1.0
202302,53015,"cowlitz, wa",561931.0,0.113,0.4502,210,-0.0646,1.5455,72.0,-0.0103,1.0496,80,-0.1304,-0.3939,2,-0.5,-0.9524,0.0047,-0.0043,-0.1036,52.0,-0.2571,0.2381,0.125,-0.0548,0.0182,133.0,0.3103,-0.229,273.0,0.0236,0.0162,2102.0,0.0282,0.2848,612539.0,0.0574,0.136,342,0.0412,0.3366,0.6333,0.1812,-1.4576,1.0
202302,53067,"thurston, wa",537485.0,-0.0201,0.0602,298,-0.213,1.3152,69.0,0.0109,2.6933,186,-0.1143,-0.4294,6,2.0,-0.25,0.0076,0.0049,-0.0021,94.0,-0.3562,3.2727,0.1256,-0.0554,0.0995,297.0,0.4109,-0.2335,277.0,0.01,-0.0069,2032.0,-0.0118,0.0628,684838.0,0.003,0.1026,594,0.0085,0.148,0.9983,0.4414,-2.0172,1.0
202302,53045,"mason, wa",473875.0,-0.0024,-0.0398,102,-0.2162,1.0928,91.0,-0.0269,4.3235,46,0.2105,-0.4651,2,,,0.0086,0.0086,0.0086,24.0,-0.4286,1.4,0.1084,-0.0751,0.0634,69.0,0.1417,-0.1543,291.0,0.0412,0.0036,1737.0,-0.0086,-0.0361,701078.0,0.0938,-0.0603,171,-0.0952,0.3205,0.6749,0.2116,-0.9952,1.0
202302,53063,"spokane, wa",484983.0,0.0778,0.0093,590,-0.1228,1.2457,39.0,-0.1809,0.2833,434,0.0743,-0.1993,24,-0.1429,-0.2941,0.0141,-0.0029,-0.0065,176.0,-0.1456,3.0,0.1038,-0.0243,0.0762,694.0,0.2318,-0.1271,232.0,0.0411,-0.0018,2131.0,0.0151,0.0477,581393.0,0.0609,-0.0804,1281,0.0381,0.2108,1.1764,0.3386,-1.8502,1.0
202302,53047,"okanogan, wa",472200.0,-0.0059,0.1013,81,-0.0852,0.8506,138.0,0.1521,0.3587,14,-0.3,-0.3,0,,,0.0,0.0,0.0,8.0,-0.5,3.0,0.0635,-0.0593,0.0469,25.0,0.2821,-0.3671,241.0,0.0299,-0.0297,1693.0,-0.0114,0.0459,831665.0,0.0404,0.3333,106,-0.014,0.2619,0.3106,0.089,-0.5975,0.0
202302,53069,"wahkiakum, wa",467450.0,0.0565,0.0469,8,-0.4667,0.1429,167.0,0.5957,0.7015,2,,,0,,,0.0,0.0,0.0,0.0,-1.0,-1.0,0.0,-0.0667,-0.205,10.0,0.1765,0.1111,268.0,0.0778,0.1274,2011.0,0.1962,-0.1079,640456.0,0.2397,0.3036,18,-0.2857,0.0938,1.25,0.6833,-0.0357,0.0
202302,53031,"jefferson, wa",712485.0,-0.0087,0.0963,58,-0.0496,0.9167,86.0,0.1467,0.7462,26,0.3,-0.2353,0,,,0.0,0.0,0.0,18.0,1.25,0.8,0.1679,0.0918,0.0757,32.0,0.2353,-0.2317,363.0,-0.0097,-0.0227,2121.0,-0.0123,0.2425,771830.0,-0.011,-0.1385,91,0.0523,0.223,0.5478,0.1263,-0.8188,0.0
202302,53057,"skagit, wa",606913.0,0.0128,0.0514,160,-0.1493,0.7059,76.0,0.0594,1.2612,76,0.0,-0.4571,4,,1.0,0.0104,0.0104,0.0051,38.0,-0.3214,1.375,0.107,-0.0513,0.0627,123.0,0.4138,-0.1338,333.0,0.0043,-0.0142,1968.0,0.0178,0.1029,757370.0,0.038,-0.0719,286,0.0382,0.2072,0.7712,0.3072,-0.7476,1.0
202302,53043,"lincoln, wa",385000.0,0.0732,-0.0128,34,-0.0933,0.619,103.0,0.0049,0.2202,6,0.5,0.0,0,,,0.0,0.0,0.0,8.0,1.0,3.0,0.1323,0.0575,0.0879,17.0,0.1724,-0.0286,178.0,-0.0572,-0.0916,1932.0,-0.001,0.0405,415835.0,0.0314,-0.2928,51,-0.0286,0.3247,0.5,0.1133,-0.3333,0.0
202301,53023,"garfield, wa",204938.0,0.1323,-0.2178,4,-0.3,,166.0,0.1626,0.5986,2,,,0,,,0.0,0.0,0.0,0.0,,,0.0,0.0,0.0,3.0,0.25,0.25,133.0,0.0,0.0768,1654.0,0.1566,-0.1688,272350.0,0.1505,0.0395,6,-0.2143,1.75,0.7143,0.3143,,1.0
202301,53055,"san juan, wa",1045000.0,-0.1049,-0.301,64,-0.1688,0.561,128.0,0.0669,0.301,8,0.0,1.0,0,,,0.0,0.0,0.0,10.0,0.25,1.5,0.1119,0.0378,0.0564,18.0,-0.0526,0.0,558.0,-0.0156,-0.1823,2008.0,-0.0383,-0.0922,1765448.0,-0.0765,-0.1005,83,-0.1354,0.4821,0.2813,0.0345,-0.1578,1.0
202301,53071,"walla walla, wa",505975.0,0.0476,0.014,79,-0.1856,1.0256,72.0,0.1172,0.126,30,0.5,-0.1667,0,,,0.0,0.0,0.0,22.0,-0.0833,4.5,0.1479,-0.0211,0.1178,36.0,0.3148,-0.2447,251.0,0.0153,-0.0318,2043.0,-0.0017,-0.0833,629571.0,0.0539,-0.2169,114,-0.0952,0.3103,0.4494,0.171,-0.7558,0.0
202301,53011,"clark, wa",613500.0,0.0141,0.0774,766,-0.1733,1.0973,62.0,0.0424,-0.0391,466,0.4383,-0.2853,44,-0.1538,-0.9035,0.0255,-0.0016,-0.1941,298.0,0.8625,0.5521,0.1663,0.0779,0.0758,539.0,-0.0401,-0.5032,292.0,0.0011,0.011,2117.0,0.0086,0.058,795576.0,0.0362,0.1161,1303,-0.1237,-0.0945,0.7035,0.0976,-2.2664,1.0
202301,53063,"spokane, wa",449975.0,0.0001,-0.0527,672,-0.199,1.5075,47.0,-0.1132,-0.1754,404,0.5781,-0.0734,28,2.5,0.4,0.017,0.0119,0.0039,206.0,-0.1121,3.6818,0.128,-0.0093,0.0972,563.0,-0.0538,-0.2423,223.0,0.0118,-0.0269,2099.0,-0.0127,0.0355,548031.0,0.0132,-0.1162,1234,-0.1389,0.217,0.8378,0.1286,-1.9346,1.0
202301,53017,"douglas, wa",569238.0,0.0845,0.2795,69,-0.1329,1.0758,92.0,0.1948,0.1871,18,0.5,-0.3571,0,,,0.0,0.0,0.0,18.0,-0.1,,0.1877,0.0123,0.1877,18.0,-0.2391,-0.375,278.0,-0.0198,-0.0199,2239.0,0.0872,0.2683,575821.0,0.0027,-0.0159,85,-0.1716,0.4083,0.2555,-0.0357,-0.593,0.0
202301,53009,"clallam, wa",581500.0,0.0113,-0.0695,147,-0.1145,1.45,93.0,0.1625,0.6607,46,0.6429,-0.2333,0,,,0.0,0.0,0.0,38.0,0.1875,3.75,0.151,0.023,0.1025,59.0,0.0086,-0.2595,304.0,-0.0087,-0.0002,1986.0,0.0301,-0.001,703694.0,0.0195,-0.0387,205,-0.0889,0.4964,0.398,0.0486,-0.9187,0.0
202301,53033,"king, wa",820000.0,0.0123,0.072,1959,-0.1915,1.626,64.0,0.1034,0.7297,1334,0.9851,-0.1925,12,0.0,-0.7,0.0027,0.0,-0.0065,584.0,0.0069,6.6842,0.1269,-0.004,0.1088,1274.0,-0.0553,-0.2677,514.0,0.0166,0.0351,1833.0,-0.0041,0.1174,1285517.0,-0.0034,0.1011,3224,-0.1423,0.34,0.6501,0.0937,-1.681,1.0
202301,53003,"asotin, wa",399450.0,0.0011,-0.2589,49,-0.1091,1.7222,83.0,0.4224,-0.0294,16,-0.2,1.0,0,,,0.0,0.0,0.0,14.0,2.5,2.5,0.1474,0.1014,0.0886,23.0,0.0952,-0.2813,199.0,0.0008,-0.0503,2168.0,0.0195,-0.015,456100.0,-0.013,-0.509,72,-0.0467,0.43,0.4694,0.0876,-1.3084,1.0
202301,53041,"lewis, wa",449500.0,-0.0965,0.0702,173,-0.1082,1.6615,93.0,0.1709,0.4453,60,0.3636,0.25,0,,-1.0,0.0,0.0,-0.0182,62.0,0.55,2.875,0.222,0.0891,0.1657,65.0,-0.1558,-0.4196,267.0,-0.0078,0.0829,1759.0,-0.0186,0.0213,559476.0,0.005,0.1138,243,-0.1182,0.3324,0.3757,-0.0212,-1.3474,1.0
202301,53035,"kitsap, wa",550000.0,0.0002,-0.0825,342,-0.1429,1.4429,74.0,0.1693,0.7892,184,0.84,-0.1321,20,1.5,0.6667,0.0251,0.0131,0.0105,140.0,0.0294,4.8333,0.1758,0.0075,0.1436,233.0,0.0264,-0.4275,289.0,0.0097,-0.0222,2029.0,0.0052,0.0276,702589.0,0.0036,-0.1224,580,-0.0743,0.0614,0.6813,0.1124,-2.2259,1.0
202301,53067,"thurston, wa",548500.0,0.0064,0.1194,378,-0.1783,2.0732,69.0,0.1513,0.8026,210,0.5909,-0.0789,2,-0.5,-0.5,0.0027,-0.0035,-0.003,146.0,0.46,4.2143,0.181,0.0494,0.1395,211.0,0.0473,-0.3679,275.0,-0.0022,-0.0024,2057.0,0.0283,0.1086,682794.0,0.0877,0.1464,589,-0.1097,0.2906,0.5569,0.1199,-2.1504,1.0
202301,53073,"whatcom, wa",609987.0,-0.013,0.0427,366,-0.2043,2.05,79.0,0.2077,0.7065,140,0.129,0.0606,2,-0.5,-0.5,0.0027,-0.0021,-0.0065,92.0,0.2105,4.75,0.1338,0.0336,0.0942,178.0,0.0659,-0.0825,342.0,-0.0012,0.0015,1870.0,-0.0115,0.0928,824614.0,0.0074,-0.0697,547,-0.1262,0.742,0.4863,0.1233,-1.1303,1.0
202301,53047,"okanogan, wa",475000.0,0.0,0.1176,88,-0.1538,0.3968,120.0,0.1321,0.1374,20,0.6667,0.6667,0,,,0.0,0.0,0.0,16.0,1.0,3.0,0.1229,0.0684,0.0916,20.0,-0.025,-0.61,234.0,0.0087,-0.0227,1713.0,-0.0214,0.0291,799342.0,0.1448,0.1953,108,-0.1331,-0.0046,0.2216,0.0293,-0.5721,0.0
202301,53069,"wahkiakum, wa",442450.0,-0.0579,0.1374,15,-0.25,0.6667,105.0,-0.0234,0.6202,0,-1.0,,0,,,0.0,0.0,0.0,2.0,,,0.0667,0.0667,0.0667,9.0,0.2143,0.0625,248.0,0.0558,-0.0115,1681.0,-0.1335,-0.2041,516606.0,-0.0291,0.1683,25,-0.125,0.5313,0.5667,0.2167,-0.3222,0.0
202301,53025,"grant, wa",379675.0,-0.024,0.062,151,-0.0414,0.4065,82.0,0.1835,0.4304,58,0.6111,-0.1471,4,,-0.6667,0.0133,0.0133,-0.0171,26.0,0.625,0.625,0.0913,0.035,0.039,87.0,-0.017,-0.3686,235.0,0.0069,0.0713,1592.0,-0.0524,-0.1131,476321.0,-0.0298,0.0424,241,-0.0302,-0.0302,0.5748,0.0142,-0.7056,0.0
202301,53021,"franklin, wa",522475.0,-0.0048,0.0451,125,-0.1809,1.3056,74.0,0.1935,0.0,48,0.5,0.0,0,,-1.0,0.0,0.0,-0.0303,40.0,0.1111,4.0,0.1819,0.0168,0.1271,43.0,0.3438,0.1944,257.0,-0.0081,0.0233,2061.0,-0.0005,-0.019,531015.0,-0.0044,-0.0158,168,-0.0797,0.8611,0.3454,0.1349,-0.3213,0.0
202301,53059,"skamania, wa",701500.0,0.0167,0.1225,22,-0.0833,0.8333,110.0,-0.0113,0.2263,4,0.0,0.0,0,,,0.0,0.0,0.0,4.0,-0.5,0.0,0.0897,-0.0921,-0.1103,12.0,0.3333,0.0909,331.0,-0.028,0.0458,2175.0,0.0392,0.2379,836163.0,0.0135,0.2595,34,0.0625,0.619,0.5455,0.1705,-0.3712,0.0
202301,53037,"kittitas, wa",734713.0,0.0425,0.0,105,-0.1532,1.625,90.0,0.1809,0.1967,28,0.75,0.1667,2,,-0.5,0.0117,0.0117,-0.0201,16.0,0.3333,3.0,0.0953,0.0376,0.0703,35.0,-0.0143,-0.5338,360.0,0.0884,0.0947,2219.0,-0.0216,0.0043,1044715.0,0.0022,-0.3926,141,-0.1164,0.2325,0.3286,0.0463,-1.5214,1.0
202301,53013,"columbia, wa",418000.0,0.0663,-0.12,14,-0.1,2.375,89.0,0.3692,0.141,4,0.0,,0,,,0.0,0.0,0.0,0.0,-1.0,,0.0,-0.1739,0.0,3.0,0.0,0.5,198.0,0.1024,0.0127,2201.0,-0.0144,-0.0981,505433.0,0.0129,-0.2753,17,-0.0556,1.8333,0.2222,0.0222,-0.2778,1.0
202301,53045,"mason, wa",475000.0,0.0,-0.0104,130,-0.1536,2.2375,93.0,0.24,0.7222,38,0.1875,0.1875,0,,-1.0,0.0,0.0,-0.0237,42.0,-0.0455,4.25,0.1835,0.0217,0.1229,60.0,0.0169,-0.0476,279.0,0.0196,0.0123,1752.0,-0.0071,-0.0339,640947.0,0.0882,-0.0725,189,-0.1085,0.8,0.4633,0.0777,-1.1117,1.0
202301,53007,"chelan, wa",699495.0,0.0302,0.0325,152,-0.1036,0.2625,100.0,0.2422,-0.061,32,0.6,0.0,0,,,0.0,0.0,0.0,22.0,0.8333,0.8333,0.1016,0.0465,0.0501,36.0,-0.0769,-0.3898,332.0,0.0152,0.0284,2191.0,0.0513,-0.035,971323.0,0.0693,0.024,185,-0.1044,0.0665,0.2376,0.0069,-0.254,0.0
202301,53053,"pierce, wa",594925.0,0.0179,0.0392,1051,-0.177,1.8953,72.0,0.1349,0.8333,546,0.5872,-0.22,28,0.75,-0.5333,0.0124,0.0063,-0.0145,462.0,0.0596,6.7,0.208,0.0216,0.1811,640.0,-0.0093,-0.409,294.0,0.0022,-0.0201,2067.0,0.0019,0.0614,700865.0,0.0235,-0.0026,1691,-0.1209,0.1675,0.6089,0.1031,-2.3745,1.0
202301,53051,"pend oreille, wa",301000.0,-0.1081,-0.4719,29,-0.3667,0.2391,110.0,0.1919,0.2971,4,,-0.6667,0,,,0.0,0.0,0.0,2.0,,-0.5,0.0465,0.0465,-0.0213,11.0,-0.1923,-0.58,203.0,0.0214,-0.23,1795.0,-0.0414,-0.281,427855.0,-0.0319,-0.7083,40,-0.2982,-0.1667,0.3684,0.0795,-0.7185,1.0
202301,53043,"lincoln, wa",358750.0,0.0631,-0.0681,38,-0.1477,0.7045,102.0,0.1087,0.2911,4,0.0,-0.5,0,,,0.0,0.0,0.0,4.0,0.0,0.0,0.0748,0.0047,-0.0103,15.0,0.1154,-0.1944,189.0,0.1122,-0.0075,1934.0,-0.0031,-0.0407,403171.0,0.0438,-0.2927,53,-0.0789,0.3816,0.3867,0.0912,-0.4315,0.0
202301,53075,"whitman, wa",414500.0,0.0838,0.1843,69,-0.1039,0.9167,77.0,0.1808,0.2792,30,0.5,0.25,2,,-0.5,0.0154,0.0154,-0.0352,20.0,0.6667,4.0,0.1499,0.034,0.0993,31.0,0.24,0.6316,216.0,0.0242,0.2716,2052.0,-0.027,0.0199,480786.0,0.015,0.1669,101,0.0,0.8364,0.4493,0.1246,-0.0785,0.0
202301,53065,"stevens, wa",415750.0,-0.0218,-0.1668,88,-0.2903,0.7959,95.0,-0.0455,-0.078,24,0.5,-0.1429,0,,,0.0,0.0,0.0,12.0,0.0,2.0,0.0809,0.0073,0.0519,36.0,0.0909,-0.3077,233.0,0.0045,0.1105,2085.0,0.0425,-0.0619,554513.0,-0.0322,-0.0712,125,-0.212,0.2835,0.4091,0.143,-0.6521,1.0
202301,53077,"yakima, wa",370000.0,-0.0377,-0.0426,237,-0.1382,0.3621,75.0,0.1326,0.4104,92,0.3529,0.0455,0,-1.0,-1.0,0.0,-0.0085,-0.0173,54.0,-0.1,0.5,0.1228,-0.0054,0.0428,111.0,0.0374,-0.4478,211.0,-0.0156,-0.0695,1940.0,0.0109,0.1432,429103.0,-0.0094,0.0072,348,-0.0903,-0.0709,0.4684,0.0793,-0.6868,0.0
202301,53031,"jefferson, wa",718748.0,0.0769,0.2666,61,-0.1479,1.42,75.0,0.0345,0.6129,20,0.6667,0.0,0,,,0.0,0.0,0.0,8.0,1.0,0.0,0.0761,0.0408,-0.0023,26.0,-0.2917,-0.3625,367.0,-0.0044,0.0202,2148.0,0.0496,0.261,780438.0,0.0186,-0.1268,86,-0.181,0.303,0.4215,-0.0856,-1.1785,1.0
202301,53049,"pacific, wa",439500.0,0.0464,0.2593,89,-0.1835,1.119,117.0,0.3526,0.3371,16,-0.2,-0.5556,0,,,0.0,0.0,0.0,22.0,0.375,0.375,0.1563,0.0605,0.0244,37.0,-0.0395,-0.1098,278.0,0.0065,0.0959,1604.0,0.0223,0.0412,467984.0,0.024,0.1686,126,-0.1463,0.4765,0.4101,0.0615,-0.5661,0.0
202301,53019,"ferry, wa",372225.0,0.0087,0.4322,16,-0.2619,0.1923,117.0,0.3713,0.1167,0,,,0,,,0.0,0.0,0.0,2.0,,,0.0667,0.0667,0.0667,6.0,-0.1429,-0.25,250.0,0.0533,0.1609,1571.0,0.0275,-0.2223,425826.0,0.0657,0.1919,22,-0.2321,0.075,0.3871,0.0538,-0.2283,0.0
202301,53027,"grays harbor, wa",399900.0,0.0023,0.028,235,-0.0429,0.75,92.0,0.0698,0.5593,78,0.625,0.3,2,-0.5,-0.5,0.0049,-0.0044,-0.0076,62.0,0.1071,0.9375,0.1566,0.019,0.0811,77.0,-0.1307,-0.4375,282.0,0.0468,-0.034,1436.0,-0.0028,0.0141,422443.0,0.0275,0.008,313,-0.0629,0.1507,0.3262,-0.033,-0.6887,0.0
202301,53029,"island, wa",638225.0,-0.0181,-0.0181,155,-0.1193,2.6905,86.0,0.1433,1.2867,80,1.2222,0.25,0,,-1.0,0.0,0.0,-0.0167,44.0,0.1,4.5,0.1389,-0.0055,0.0963,79.0,0.0533,-0.1505,349.0,0.0032,0.085,1850.0,-0.0281,-0.0687,840978.0,-0.0232,0.0332,234,-0.0751,0.6957,0.5097,0.0835,-1.7046,1.0
202301,53061,"snohomish, wa",732225.0,-0.0224,0.0612,667,-0.2241,1.9491,65.0,0.1121,1.0806,404,0.4638,-0.3688,8,-0.6,-0.75,0.0048,-0.0055,-0.0148,224.0,-0.2632,6.0,0.1397,-0.0367,0.1201,545.0,-0.0756,-0.2919,383.0,0.0035,0.0379,2028.0,-0.0002,0.0535,871067.0,0.0116,-0.0145,1207,-0.1668,0.2101,0.817,0.1313,-2.5857,1.0
202301,53001,"adams, wa",338800.0,0.0,0.0439,41,-0.0122,0.7609,163.0,0.2405,0.6414,4,0.0,0.0,0,,,0.0,0.0,0.0,4.0,-0.5,0.0,0.0672,-0.0522,0.0146,15.0,-0.1176,-0.6053,225.0,-0.0085,0.0652,1657.0,0.0487,-0.0499,366021.0,0.0199,-0.025,56,-0.0431,-0.1048,0.3704,-0.0443,-1.2818,1.0
202301,53015,"cowlitz, wa",504875.0,0.0367,0.2798,225,-0.1091,1.6726,73.0,0.0139,0.46,92,0.9167,-0.1154,4,,-0.875,0.009,0.009,-0.0882,70.0,-0.0278,0.75,0.1799,0.0112,0.0639,102.0,0.0914,-0.2852,267.0,0.028,0.0689,2044.0,0.01,0.2004,579264.0,0.0216,0.029,328,-0.0493,0.4449,0.4521,0.0831,-1.2384,1.0
202301,53005,"benton, wa",565450.0,0.0055,-0.0078,430,-0.0683,0.5177,81.0,0.1571,0.3729,162,0.35,-0.19,6,-0.25,-0.7,0.0081,-0.0061,-0.0193,134.0,0.5952,3.7857,0.1898,0.0696,0.1453,102.0,-0.157,-0.4035,261.0,0.0006,-0.0173,2185.0,-0.0057,-0.02,589276.0,-0.0022,-0.0006,537,-0.067,0.174,0.2375,-0.025,-0.3668,0.0
202301,53057,"skagit, wa",599250.0,-0.0256,0.0422,188,-0.1629,1.1802,72.0,-0.0138,0.3241,76,0.3571,-0.2083,0,,,0.0,0.0,0.0,56.0,0.0,6.0,0.1583,0.0102,0.1323,87.0,-0.1122,-0.2984,331.0,0.004,-0.0046,1933.0,-0.0041,0.0331,729623.0,-0.0295,-0.1376,275,-0.146,0.2972,0.464,0.0265,-0.9779,0.0
202301,53039,"klickitat, wa",637000.0,-0.0185,0.3411,49,-0.2222,1.0417,106.0,0.0291,-0.1783,12,2.0,2.0,0,,-1.0,0.0,0.0,-0.0741,8.0,1.0,-0.5,0.1041,0.0664,-0.1922,20.0,-0.1304,-0.1667,279.0,-0.0827,0.2661,2083.0,0.0353,0.0592,677635.0,-0.0207,0.1792,68,-0.2151,0.4362,0.4082,0.0431,-0.5918,1.0
202212,53039,"klickitat, wa",649000.0,-0.023,0.5667,63,-0.1064,0.9385,103.0,0.1444,0.0404,4,-0.6667,1.0,0,,-1.0,0.0,0.0,-0.0286,4.0,-0.8462,-0.7778,0.0377,-0.1777,-0.2407,23.0,-0.193,-0.2813,304.0,0.013,0.3342,2012.0,-0.0061,0.0849,691980.0,-0.0296,0.2104,86,-0.1269,0.3333,0.3651,-0.0392,-0.6195,1.0
202212,53023,"garfield, wa",181000.0,-0.1659,-0.1482,5,0.25,,143.0,0.1892,0.1532,0,,,0,,,0.0,0.0,0.0,0.0,-1.0,,0.0,-0.2857,0.0,2.0,-0.3333,-0.5,133.0,-0.1238,0.2842,1430.0,-0.3335,-0.3075,236725.0,-0.1263,0.114,7,0.0,0.75,0.4,-0.35,,1.0
202212,53013,"columbia, wa",392000.0,0.1305,-0.1747,15,-0.1667,2.75,65.0,0.745,0.0196,4,1.0,,0,,,0.0,0.0,0.0,4.0,-0.3333,,0.1739,-0.0999,0.1739,3.0,0.2,0.5,180.0,0.0384,-0.1259,2233.0,0.0297,-0.0901,498981.0,0.0806,-0.2967,18,-0.122,1.7692,0.2,0.0611,-0.3,1.0
202212,53073,"whatcom, wa",618000.0,-0.0198,0.0309,460,-0.1497,1.8571,65.0,0.1304,0.2745,124,-0.2439,-0.0159,4,1.0,0.0,0.0048,0.0027,-0.0022,76.0,-0.5422,2.1667,0.1003,-0.079,0.0607,167.0,-0.2357,-0.3826,343.0,-0.0156,0.0289,1892.0,-0.0092,0.0182,818528.0,-0.0095,-0.0096,626,-0.1779,0.4508,0.363,-0.0408,-1.3171,1.0
202212,53049,"pacific, wa",420000.0,0.0646,0.1501,109,-0.0684,1.202,87.0,0.214,0.0058,20,-0.2857,-0.2308,0,-1.0,-1.0,0.0,-0.0093,-0.0327,16.0,-0.2727,-0.1111,0.0958,-0.0268,-0.0402,38.0,-0.1059,-0.2549,276.0,0.0006,0.0365,1569.0,0.0175,0.0673,457003.0,0.0134,0.1211,147,-0.0841,0.4554,0.3486,-0.0146,-0.6817,0.0
202212,53043,"lincoln, wa",337450.0,-0.0254,-0.0872,44,-0.0737,0.4194,92.0,0.4046,0.41,4,1.0,-0.5,0,,,0.0,0.0,0.0,4.0,-0.6667,,0.0702,-0.103,0.0702,13.0,-0.1034,-0.4348,170.0,-0.0009,-0.1076,1940.0,-0.0467,-0.0092,386262.0,-0.0082,-0.3294,57,-0.088,0.0459,0.2955,-0.0098,-0.4465,0.0
202212,53051,"pend oreille, wa",337500.0,-0.2547,-0.4181,45,-0.0816,0.0843,93.0,0.0947,0.3074,0,-1.0,-1.0,0,,,0.0,0.0,0.0,0.0,-1.0,-1.0,0.0,-0.1792,-0.0513,13.0,-0.1613,-0.4902,199.0,-0.0237,-0.2692,1872.0,-0.0321,-0.2205,441934.0,-0.1735,-0.6035,57,-0.1163,-0.1364,0.2889,-0.0274,-0.3256,1.0
202212,53037,"kittitas, wa",704750.0,0.0203,0.083,124,-0.1815,0.8931,76.0,0.3217,0.1648,16,-0.5294,-0.4667,0,,-1.0,0.0,0.0,-0.0085,12.0,-0.7857,-0.1429,0.0577,-0.1805,-0.0086,35.0,-0.2784,-0.6585,331.0,-0.0193,0.0641,2268.0,0.0012,0.0564,1042386.0,0.0218,-0.2298,159,-0.1949,-0.0536,0.2823,-0.0379,-1.2826,1.0
202212,53067,"thurston, wa",545000.0,0.0157,0.1044,460,-0.0909,1.5698,60.0,0.2268,0.5658,132,-0.3465,-0.5217,4,,-0.6,0.0063,0.0063,-0.0059,100.0,-0.6094,1.7778,0.1317,-0.131,0.0898,201.0,-0.1779,-0.4937,275.0,-0.0209,0.0139,2000.0,-0.0017,0.0445,627715.0,-0.0003,0.0441,661,-0.1216,0.1456,0.437,-0.0462,-1.7809,1.0
202212,53025,"grant, wa",389000.0,0.0089,0.0599,157,-0.1491,0.2713,70.0,0.404,0.4787,36,-0.28,-0.4375,0,,,0.0,0.0,0.0,16.0,-0.5,0.3333,0.0563,-0.0461,0.016,88.0,-0.1659,-0.4248,234.0,0.0325,0.0701,1680.0,-0.0168,-0.0549,490946.0,0.0142,0.0977,248,-0.1492,-0.1111,0.5605,-0.0113,-0.6784,0.0
202212,53075,"whitman, wa",382450.0,0.0199,0.0943,77,-0.0667,0.878,65.0,0.1404,0.215,20,-0.1667,0.6667,0,,,0.0,0.0,0.0,12.0,-0.4545,1.0,0.1159,-0.0505,0.0508,25.0,-0.0196,0.0417,211.0,0.0789,0.1415,2109.0,0.0,-0.0148,473675.0,0.0387,0.1314,101,-0.0648,0.5659,0.3247,0.0156,-0.2607,0.0
202212,53033,"king, wa",810000.0,-0.0207,0.0829,2423,-0.2791,1.7363,58.0,0.3182,0.4321,672,-0.4783,-0.4187,12,-0.5714,-0.6667,0.0027,-0.0017,-0.005,580.0,-0.5869,3.2647,0.1309,-0.0902,0.1001,1348.0,-0.2119,-0.4264,505.0,-0.0088,0.0197,1840.0,-0.0102,0.1413,1289868.0,-0.0108,0.1657,3759,-0.2575,0.1667,0.5563,0.0474,-2.0975,1.0
202212,53057,"skagit, wa",615000.0,-0.0349,0.0262,224,-0.145,1.0935,73.0,0.2946,0.2719,56,-0.2821,-0.2222,0,,-1.0,0.0,0.0,-0.0184,56.0,-0.451,2.1111,0.1481,-0.0739,0.0937,98.0,-0.1327,-0.3288,330.0,-0.0094,0.0288,1941.0,-0.006,0.0153,751786.0,-0.0123,-0.0783,322,-0.1379,0.2702,0.4375,0.0062,-0.927,0.0
202212,53001,"adams, wa",338800.0,0.0189,0.1544,41,-0.18,0.3443,131.0,0.3166,0.8986,4,-0.5,-0.6667,0,,-1.0,0.0,0.0,-0.0247,8.0,0.0,0.3333,0.1194,0.0172,0.0453,17.0,-0.2093,-0.5641,227.0,0.1305,0.1807,1580.0,-0.0678,-0.0592,358890.0,0.0109,-0.0065,58,-0.1888,-0.1655,0.4146,-0.0154,-0.8641,0.0
202212,53003,"asotin, wa",399000.0,-0.014,0.0371,55,-0.009,1.0,58.0,0.0642,-0.1685,20,0.1111,1.0,0,,,0.0,0.0,0.0,4.0,-0.7778,0.0,0.046,-0.1353,-0.0112,21.0,-0.1064,-0.4324,198.0,-0.0641,-0.0459,2127.0,-0.0144,0.0141,462099.0,-0.0903,-0.4513,75,-0.0323,0.1719,0.3818,-0.0416,-0.9636,1.0
202212,53041,"lewis, wa",497500.0,0.0206,0.1583,194,-0.2302,1.1202,79.0,0.2248,0.3333,44,-0.2414,-0.2143,0,,-1.0,0.0,0.0,-0.0221,40.0,-0.6491,0.3333,0.1329,-0.1538,0.0216,77.0,-0.1299,-0.379,270.0,0.0021,0.0843,1792.0,-0.0013,-0.0046,556719.0,0.0113,0.1262,275,-0.19,0.2761,0.3969,0.0457,-0.9583,0.0
202212,53021,"franklin, wa",525000.0,0.0,0.0186,152,-0.053,1.4127,62.0,0.4419,0.1121,32,-0.6098,-0.1111,0,,-1.0,0.0,0.0,-0.0291,36.0,-0.3571,3.5,0.1651,-0.0293,0.1112,32.0,-0.2471,-0.4234,259.0,0.0056,0.0632,2062.0,-0.0143,-0.0285,533336.0,-0.0307,-0.0442,182,-0.1034,0.5424,0.2105,-0.0543,-0.6704,0.0
202212,53011,"clark, wa",604960.0,0.0216,0.0866,926,-0.1454,1.0352,59.0,0.1456,0.3409,324,-0.2768,-0.391,52,0.1818,-0.8972,0.0271,0.0051,-0.1905,160.0,-0.68,-0.3651,0.0883,-0.14,-0.0168,561.0,-0.1474,-0.5904,291.0,-0.0003,0.0391,2099.0,0.0096,0.022,767771.0,0.0215,0.0734,1487,-0.1456,-0.185,0.6058,-0.0015,-2.4041,1.0
202212,53069,"wahkiakum, wa",469650.0,0.0213,0.1337,20,-0.0476,1.3529,107.0,0.1955,1.8344,4,-0.3333,0.0,0,,,0.0,0.0,0.0,0.0,-1.0,-1.0,0.0,-0.0526,-0.087,7.0,0.1667,0.5556,235.0,0.007,-0.1247,1940.0,0.0232,0.4331,532115.0,0.0181,0.2282,28,0.0182,1.0741,0.35,0.0643,-0.1794,1.0
202212,53055,"san juan, wa",1167500.0,-0.0281,-0.022,77,-0.2451,0.4259,120.0,0.201,0.2646,8,0.0,-0.4286,0,,,0.0,0.0,0.0,8.0,-0.2,3.0,0.0741,-0.0064,0.0559,19.0,-0.0952,-0.4242,567.0,-0.016,-0.0688,2088.0,-0.0062,-0.0046,1911737.0,-0.0265,-0.1522,96,-0.2099,0.0847,0.2468,0.0409,-0.3644,0.0
202212,53005,"benton, wa",562350.0,0.007,0.0357,461,-0.1057,0.4163,70.0,0.2963,0.3725,120,-0.2771,-0.4286,8,,-0.5,0.0143,0.0143,-0.0069,84.0,-0.58,1.625,0.1202,-0.1257,0.0759,121.0,-0.107,-0.3547,261.0,0.002,-0.007,2197.0,-0.0028,-0.0185,590596.0,-0.0011,0.021,575,-0.112,0.1154,0.2625,-0.0004,-0.3136,0.0
202212,53077,"yakima, wa",384500.0,-0.0065,-0.0044,275,-0.1433,0.2528,66.0,0.32,0.4831,68,-0.32,-0.5278,4,,-0.5,0.0085,0.0085,-0.0045,60.0,-0.375,0.0345,0.1282,-0.0361,0.0362,107.0,-0.3249,-0.5659,214.0,0.0009,0.003,1919.0,-0.0113,0.0781,433182.0,-0.0115,-0.0007,382,-0.214,-0.182,0.3891,-0.1047,-0.7339,0.0
202212,53029,"island, wa",650000.0,-0.0369,0.0789,176,-0.2178,1.7937,75.0,0.3699,0.7045,36,-0.4706,-0.5,0,,-1.0,0.0,0.0,-0.0142,40.0,-0.4737,3.0,0.1444,-0.0606,0.1038,75.0,-0.0323,-0.3976,348.0,0.0018,0.1005,1904.0,0.0071,-0.0191,860921.0,-0.0076,0.0593,253,-0.1524,0.3602,0.4261,0.0817,-1.5501,1.0
202212,53031,"jefferson, wa",667450.0,-0.0112,0.1266,71,-0.1125,1.254,73.0,0.0035,0.4356,12,-0.5714,-0.5,0,,,0.0,0.0,0.0,4.0,-0.75,1.0,0.0354,-0.0462,0.016,36.0,-0.4146,-0.234,369.0,0.0164,0.0162,2046.0,0.0079,0.2392,766182.0,0.0184,-0.1255,105,-0.2473,0.3125,0.507,-0.2617,-0.985,0.0
202212,53045,"mason, wa",475000.0,-0.0005,-0.0155,153,-0.184,1.7818,75.0,0.2295,0.6304,32,-0.4286,-0.2727,0,-1.0,,0.0,-0.0073,0.0,44.0,-0.4359,6.3333,0.1618,-0.0778,0.1268,59.0,-0.2532,-0.2185,274.0,-0.0146,-0.004,1765.0,-0.0222,-0.0044,589022.0,-0.0379,-0.0872,212,-0.2045,0.6434,0.3856,-0.0357,-0.9871,0.0
202212,53059,"skamania, wa",690000.0,-0.0839,0.1153,24,-0.1429,1.0,111.0,0.3293,0.5417,4,-0.5,-0.3333,0,,-1.0,0.0,0.0,-0.1092,8.0,3.0,0.3333,0.1818,0.1364,0.0129,9.0,0.0588,-0.5263,341.0,-0.0294,0.1038,2093.0,-0.0319,0.1704,825004.0,-0.1087,0.2533,32,-0.1233,0.0492,0.375,0.0714,-1.2083,1.0
202212,53017,"douglas, wa",524900.0,0.041,0.1363,79,-0.202,0.8372,77.0,0.5323,0.2419,12,-0.3333,-0.5714,0,,,0.0,0.0,0.0,20.0,-0.3333,1.5,0.1754,-0.0059,0.0983,23.0,-0.193,-0.3867,283.0,-0.0174,0.0348,2059.0,0.045,0.1452,574256.0,-0.017,-0.0264,102,-0.2,0.2364,0.2911,0.0033,-0.581,0.0
202212,53027,"grays harbor, wa",399000.0,0.0257,0.0378,245,-0.1478,0.6225,86.0,0.0921,0.6618,48,-0.1724,-0.4286,4,0.0,-0.3333,0.0092,0.0009,-0.0051,56.0,-0.4717,1.8,0.1376,-0.0963,0.0819,88.0,-0.1579,-0.4395,269.0,0.0227,-0.0066,1440.0,-0.0117,-0.0329,411132.0,0.0128,-0.0265,334,-0.1534,0.0809,0.3592,-0.0043,-0.6806,0.0
202212,53065,"stevens, wa",425000.0,-0.028,-0.158,124,-0.1329,0.7842,99.0,0.1751,0.0076,16,-0.2727,-0.2,0,,,0.0,0.0,0.0,12.0,-0.625,0.5,0.0736,-0.0677,0.0194,33.0,-0.2979,-0.472,232.0,-0.0409,0.1043,2000.0,0.0537,-0.1357,572935.0,-0.0422,-0.0257,158,-0.164,0.2201,0.2661,-0.0625,-0.6332,1.0
202212,53047,"okanogan, wa",475000.0,-0.0155,0.1665,104,-0.151,0.3684,106.0,0.2582,0.1713,12,2.0,-0.1429,0,-1.0,,0.0,-0.011,0.0,8.0,-0.6923,0.3333,0.0544,-0.0978,0.0115,20.0,-0.375,-0.6226,232.0,-0.027,0.0524,1750.0,-0.0546,0.0276,698236.0,-0.0029,0.1207,124,-0.1948,-0.0198,0.1923,-0.0689,-0.5051,0.0
202212,53007,"chelan, wa",679000.0,0.0176,0.0112,169,-0.2283,0.138,81.0,0.2105,0.0255,20,-0.5,-0.5238,0,,,0.0,0.0,0.0,12.0,-0.6667,-0.3333,0.055,-0.0482,-0.0144,39.0,-0.4135,-0.4348,327.0,-0.0126,0.0421,2084.0,0.0547,-0.0902,908350.0,0.0327,-0.0785,206,-0.2708,-0.0485,0.2308,-0.0729,-0.2339,0.0
202212,53035,"kitsap, wa",549900.0,-0.0719,-0.0827,399,-0.1705,1.2044,64.0,0.2212,0.4432,100,-0.5238,-0.4565,8,0.0,-0.5556,0.012,0.0042,-0.0127,136.0,-0.3982,5.8,0.1683,-0.0492,0.1432,227.0,-0.2816,-0.5592,286.0,-0.025,0.034,2018.0,-0.022,-0.0191,700080.0,-0.092,-0.1122,626,-0.215,-0.0993,0.5689,-0.088,-2.2764,1.0
202212,53071,"walla walla, wa",483000.0,0.0021,-0.0008,97,-0.0935,1.2299,64.0,0.3474,0.1797,20,-0.4444,-0.4737,0,,,0.0,0.0,0.0,24.0,-0.3684,1.4,0.169,-0.0326,0.0954,27.0,-0.2703,-0.5,247.0,-0.0201,0.0253,2046.0,-0.0104,-0.1036,597390.0,-0.0075,-0.2039,126,-0.125,0.2727,0.2784,-0.0674,-0.963,0.0
202212,53063,"spokane, wa",449950.0,-0.0001,-0.0154,839,-0.2177,1.0819,53.0,0.2771,-0.2234,256,-0.4435,-0.4208,8,-0.3333,-0.7143,0.0051,-0.0002,-0.0098,232.0,-0.5451,1.2745,0.1374,-0.0893,0.0845,595.0,-0.1667,-0.3981,221.0,0.0088,0.0026,2126.0,-0.0135,0.0002,540876.0,-0.0184,-0.0585,1433,-0.1938,0.0306,0.7092,0.0434,-1.7437,1.0
202212,53053,"pierce, wa",584475.0,0.0082,0.0725,1277,-0.1623,1.5064,63.0,0.2857,0.6364,344,-0.4007,-0.5029,16,0.1429,-0.7241,0.0061,0.0012,-0.0186,436.0,-0.4453,2.0704,0.1864,-0.0864,0.1325,646.0,-0.1776,-0.5347,293.0,-0.0001,0.0012,2063.0,0.012,0.0706,684798.0,0.0086,0.0286,1923,-0.1666,0.0137,0.5059,-0.0094,-2.2193,1.0
202212,53019,"ferry, wa",369000.0,0.1847,0.0697,21,-0.1064,0.1351,86.0,0.1176,-0.1556,0,-1.0,-1.0,0,,,0.0,0.0,0.0,0.0,-1.0,,0.0,-0.05,0.0,7.0,-0.125,-0.4167,237.0,0.0533,0.1021,1529.0,-0.0197,-0.2723,399590.0,0.0556,-0.0894,28,-0.0968,-0.0667,0.3333,-0.0071,-0.3153,1.0
202212,53009,"clallam, wa",575000.0,0.0,-0.049,166,-0.1509,1.274,80.0,0.28,0.2598,28,-0.5,-0.5484,0,,,0.0,0.0,0.0,32.0,-0.5676,2.2,0.128,-0.0814,0.0882,58.0,-0.2658,-0.5126,306.0,0.0159,0.0463,1928.0,0.0228,-0.0505,690233.0,0.0368,-0.0612,225,-0.1788,0.1628,0.3494,-0.0547,-1.2807,1.0
202212,53061,"snohomish, wa",749000.0,-0.0013,0.0793,859,-0.233,2.2476,58.0,0.2889,0.6111,276,-0.4153,-0.5322,20,0.25,-0.3333,0.0103,0.0039,-0.0084,304.0,-0.392,8.5,0.1763,-0.0303,0.1577,589.0,-0.2506,-0.4482,382.0,0.0026,0.0631,2029.0,0.0005,0.0326,861041.0,0.0061,-0.0029,1448,-0.2415,0.0887,0.6857,-0.0161,-3.3502,1.0
202212,53015,"cowlitz, wa",487000.0,0.0307,0.1736,252,-0.1,1.5584,72.0,0.1429,0.5319,48,-0.4419,-0.4146,0,-1.0,-1.0,0.0,-0.0076,-0.1211,72.0,-0.2941,0.2414,0.1687,-0.0561,-0.0139,93.0,-0.1659,-0.5066,259.0,0.0073,0.0885,2024.0,0.0444,0.0818,567022.0,0.028,0.0454,345,-0.1108,0.2063,0.369,-0.0292,-1.5447,1.0
202211,53045,"mason, wa",475225.0,0.0005,0.0015,188,-0.0482,1.6978,61.0,0.22,0.7429,56,-0.3,0.037,2,,,0.0073,0.0073,0.0073,78.0,-0.35,2.25,0.2396,-0.0496,0.1309,79.0,-0.2547,-0.2476,278.0,-0.0204,0.0268,1805.0,0.023,0.038,612248.0,0.0181,0.0542,267,-0.1205,0.5272,0.4213,-0.1167,-1.0895,1.0
202211,53023,"garfield, wa",217000.0,-0.38,-0.0921,4,-0.2,1.6667,120.0,0.822,0.4315,0,,-1.0,0,,,0.0,0.0,0.0,2.0,-0.5,,0.2857,-0.1143,0.2857,3.0,-0.25,-0.4,152.0,-0.2039,0.0528,2146.0,0.3163,0.1434,270957.0,-0.0973,0.0381,7,-0.2222,0.1667,0.75,-0.05,-2.5833,1.0
202211,53013,"columbia, wa",346750.0,-0.0497,-0.2503,18,0.2,2.0,37.0,-0.4966,-0.4111,2,-0.75,0.0,0,,,0.0,0.0,0.0,6.0,0.5,,0.2738,0.1138,0.2738,3.0,0.25,-0.1667,173.0,0.0266,-0.1445,2169.0,0.1195,-0.1818,461771.0,0.2013,-0.3383,21,0.2059,1.4118,0.1389,0.0056,-0.3611,1.0
202211,53021,"franklin, wa",525000.0,0.005,0.0392,161,0.1146,1.071,43.0,0.0488,-0.0497,82,0.025,0.0,0,,-1.0,0.0,0.0,-0.016,56.0,0.0,2.5,0.1944,-0.0235,0.1211,43.0,-0.0116,-0.4444,258.0,0.0095,0.067,2092.0,0.0075,-0.0268,550202.0,-0.0017,-0.0063,203,0.0914,0.3139,0.2648,-0.0338,-0.7223,0.0
202211,53041,"lewis, wa",487475.0,-0.0031,0.0842,252,-0.0701,1.1631,65.0,0.1121,0.2404,58,-0.463,-0.0645,0,-1.0,-1.0,0.0,-0.0079,-0.0109,114.0,-0.1618,1.1111,0.2867,0.0039,0.1294,89.0,-0.2436,-0.462,269.0,-0.0048,0.0904,1794.0,-0.0087,-0.055,550486.0,0.0093,0.0678,340,-0.1227,0.1975,0.3512,-0.0805,-1.0608,1.0
202211,53019,"ferry, wa",311475.0,-0.0812,-0.1664,24,0.0217,0.0444,77.0,0.224,-0.0671,6,0.5,-0.4,0,,,0.0,0.0,0.0,2.0,-0.5,-0.5,0.05,-0.075,-0.0453,8.0,-0.3846,-0.4286,225.0,-0.0284,-0.0712,1560.0,0.0398,-0.101,378535.0,-0.0377,-0.1652,31,-0.1622,-0.1622,0.3404,-0.2248,-0.2818,1.0
202211,53073,"whatcom, wa",630500.0,-0.0133,0.0511,541,-0.0736,1.3219,58.0,0.25,0.4935,164,-0.2679,-0.2545,2,-0.5,0.0,0.0021,-0.0016,-0.0004,166.0,-0.2315,2.6087,0.1793,-0.0245,0.1163,219.0,-0.1628,-0.3409,348.0,-0.0245,0.0551,1910.0,0.0029,0.0111,826388.0,0.0092,0.0213,762,-0.0902,0.3684,0.4039,-0.043,-1.0189,1.0
202211,53057,"skagit, wa",637250.0,0.0115,0.0623,262,-0.0507,1.1388,56.0,0.12,0.2308,78,-0.25,-0.22,0,-1.0,-1.0,0.0,-0.0076,-0.0105,102.0,-0.2273,2.4,0.2221,-0.0236,0.1474,113.0,-0.2517,-0.3925,333.0,0.0097,0.0457,1953.0,0.0045,0.0019,761137.0,-0.0065,-0.0452,374,-0.1043,0.1971,0.4313,-0.1158,-1.0871,1.0
202211,53009,"clallam, wa",575000.0,-0.0401,0.0509,196,-0.0778,1.1366,63.0,0.0776,0.1161,56,-0.3,-0.2632,0,,,0.0,0.0,0.0,74.0,-0.1957,2.0833,0.2094,-0.0189,0.1342,79.0,-0.1684,-0.4296,302.0,-0.0008,0.0411,1885.0,-0.0162,-0.0456,665759.0,-0.0184,-0.0343,274,-0.1016,0.2097,0.4041,-0.044,-1.1096,1.0
202211,53051,"pend oreille, wa",452850.0,-0.0941,-0.2373,49,-0.0926,0.0,85.0,0.2803,0.2336,8,-0.5,0.3333,0,,,0.0,0.0,0.0,14.0,-0.125,1.3333,0.1792,0.0071,0.1081,16.0,-0.4655,-0.3542,203.0,-0.0891,-0.1862,1934.0,-0.0072,-0.2805,534723.0,-0.048,-0.5099,65,-0.2229,-0.1284,0.3163,-0.2207,-0.1735,1.0
202211,53053,"pierce, wa",579725.0,-0.0004,0.0446,1525,-0.0543,1.0798,49.0,0.0889,0.4203,574,-0.2931,-0.3594,14,0.1667,-0.6818,0.0049,0.0014,-0.0082,786.0,-0.2077,1.8071,0.2728,-0.0232,0.1878,786.0,-0.2505,-0.5265,293.0,-0.0137,0.0262,2038.0,0.0069,0.0231,678952.0,-0.0026,0.021,2308,-0.1306,-0.0363,0.5153,-0.1349,-1.7481,1.0
202211,53029,"island, wa",674923.0,-0.042,-0.0056,225,-0.0175,1.9221,55.0,0.095,0.4408,68,-0.32,-0.2609,0,,-1.0,0.0,0.0,-0.0124,76.0,-0.2692,1.5333,0.205,-0.033,0.1202,78.0,-0.3945,-0.5468,348.0,-0.0179,0.0692,1890.0,-0.0197,-0.0812,867519.0,-0.0465,-0.0413,299,-0.1471,0.1988,0.3444,-0.2145,-1.8763,1.0
202211,53043,"lincoln, wa",346250.0,-0.0036,-0.057,48,-0.0306,0.338,66.0,0.4239,0.1008,2,-0.875,-0.875,0,,-1.0,0.0,0.0,-0.0227,12.0,-0.25,2.0,0.1732,-0.0346,0.1272,15.0,-0.0333,-0.5,170.0,-0.0319,-0.0837,2035.0,-0.0176,-0.0005,389463.0,-0.0515,-0.3006,63,-0.0234,-0.0385,0.3053,-0.0009,-0.5116,1.0
202211,53063,"spokane, wa",450000.0,-0.0426,0.0101,1073,-0.0987,0.988,42.0,0.1528,-0.1263,460,-0.303,-0.1221,12,-0.4,-0.6842,0.0053,-0.0018,-0.0112,510.0,-0.3218,1.2368,0.2266,-0.0548,0.1308,714.0,-0.1398,-0.416,219.0,-0.0185,0.0101,2155.0,-0.0115,0.0134,551002.0,-0.0288,-0.0007,1778,-0.1192,0.004,0.6657,-0.0317,-1.6003,1.0
202211,53015,"cowlitz, wa",472500.0,-0.0053,0.1386,280,0.0646,1.3045,63.0,0.2353,0.2475,86,-0.2586,-0.2182,4,,-0.9231,0.0076,0.0076,-0.1035,102.0,-0.3108,0.6452,0.2248,-0.05,0.0901,112.0,-0.2853,-0.5011,258.0,-0.0255,0.0635,1938.0,0.0372,0.04,551558.0,-0.0201,0.0304,388,-0.0583,0.1345,0.3982,-0.1949,-1.4413,1.0
202211,53017,"douglas, wa",504250.0,-0.0748,0.0561,99,0.0,0.7069,50.0,0.0806,0.0469,18,-0.5909,-0.3571,0,,-1.0,0.0,0.0,-0.013,30.0,-0.1667,1.5,0.1814,-0.0143,0.0868,29.0,-0.2875,-0.3372,288.0,-0.0445,0.0527,1970.0,-0.0342,0.0352,584161.0,-0.0405,-0.0133,128,-0.0827,0.275,0.2879,-0.1162,-0.4535,0.0
202211,53065,"stevens, wa",437250.0,-0.024,-0.1176,143,-0.1488,0.7439,84.0,0.3062,0.0212,22,-0.5,-0.0833,0,,,0.0,0.0,0.0,32.0,-0.4286,1.2857,0.1413,-0.0745,0.0686,47.0,-0.2419,-0.4719,241.0,-0.0102,0.1599,1898.0,-0.0104,-0.2196,598150.0,0.0067,0.0039,189,-0.1747,0.1118,0.3287,-0.0404,-0.7567,1.0
202211,53003,"asotin, wa",404675.0,-0.0697,0.0742,56,0.0882,0.48,55.0,-0.018,0.0381,18,-0.25,-0.1,0,,,0.0,0.0,0.0,18.0,-0.3571,2.0,0.1813,-0.0804,0.1273,24.0,-0.2656,-0.4051,212.0,-0.0229,0.1035,2158.0,-0.036,-0.0235,507957.0,-0.1514,-0.2986,78,-0.0549,-0.0127,0.4234,-0.204,-0.6299,0.0
202211,53055,"san juan, wa",1201250.0,-0.0724,0.001,102,-0.0727,0.5338,100.0,0.0994,0.174,8,-0.6,-0.5556,0,,,0.0,0.0,0.0,10.0,-0.5,1.5,0.0804,-0.0478,0.0464,21.0,-0.2759,-0.4684,577.0,-0.0816,-0.0395,2101.0,-0.0059,0.0035,1963771.0,0.0015,-0.1506,122,-0.1259,0.1462,0.2059,-0.0578,-0.3881,0.0
202211,53061,"snohomish, wa",750000.0,-0.0131,0.085,1120,-0.147,1.735,45.0,0.0976,0.3433,472,-0.3622,-0.4499,16,0.3333,-0.5,0.0064,0.0018,-0.007,500.0,-0.3961,4.814,0.2067,-0.0828,0.1736,786.0,-0.1718,-0.4112,381.0,-0.007,0.0733,2028.0,0.0017,0.01,855841.0,0.0011,0.0165,1909,-0.1553,0.0943,0.7018,-0.021,-2.5583,1.0
202211,53075,"whitman, wa",375000.0,-0.036,0.0776,83,-0.0179,1.0886,57.0,-0.1364,0.551,24,-0.25,0.3333,0,,,0.0,0.0,0.0,22.0,-0.3125,1.75,0.1665,-0.0654,0.0854,26.0,-0.2031,-0.407,196.0,-0.0401,0.2294,2109.0,-0.0075,-0.1043,456043.0,-0.0119,0.0923,108,-0.0609,0.3091,0.3091,-0.0719,-0.7795,0.0
202211,53071,"walla walla, wa",482000.0,-0.122,0.1112,107,0.07,1.2292,48.0,0.1446,-0.1324,36,-0.25,0.2,0,,,0.0,0.0,0.0,38.0,-0.2083,1.375,0.2016,-0.0458,0.0988,37.0,-0.3393,-0.3884,252.0,-0.043,0.0901,2068.0,-0.0589,-0.0817,601886.0,-0.103,-0.1517,144,-0.0588,0.28,0.3458,-0.2142,-0.9146,0.0
202211,53047,"okanogan, wa",482500.0,0.0158,0.1922,123,-0.1058,0.3842,84.0,0.239,0.1993,4,-0.8889,-0.875,2,,,0.011,0.011,0.011,26.0,-0.2778,1.1667,0.1522,-0.0145,0.0864,32.0,0.0667,-0.4797,239.0,-0.0581,0.1173,1851.0,0.0629,0.0113,700273.0,0.0394,0.2107,154,-0.0778,0.0233,0.2612,0.0422,-0.4337,1.0
202211,53077,"yakima, wa",387000.0,-0.0174,0.014,321,0.0456,0.3264,50.0,-0.0196,0.4493,100,-0.3056,-0.4048,0,,-1.0,0.0,0.0,-0.0062,96.0,-0.3684,0.3333,0.1643,-0.0639,0.0549,159.0,-0.2795,-0.4563,214.0,0.0095,0.0216,1941.0,-0.0056,0.0583,438210.0,-0.0235,0.0344,486,-0.069,-0.0873,0.4938,-0.2228,-0.7108,0.0
202211,53039,"klickitat, wa",664250.0,0.2077,0.5192,71,-0.0844,0.7407,90.0,0.2676,-0.0028,12,-0.4,0.0,0,,-1.0,0.0,0.0,-0.0227,26.0,0.0833,0.1818,0.2155,0.0323,-0.0182,29.0,-0.1618,-0.25,300.0,0.014,0.1525,2024.0,0.0762,0.2092,713068.0,0.081,0.2966,99,-0.1126,0.2548,0.4043,-0.0373,-0.534,1.0
202211,53025,"grant, wa",385550.0,-0.0089,0.0575,185,0.0543,0.3872,50.0,0.1,-0.01,50,-0.5,-0.3902,0,,,0.0,0.0,0.0,32.0,-0.6,-0.0588,0.1024,-0.1081,0.0135,106.0,-0.156,-0.3683,226.0,-0.0064,0.0402,1709.0,-0.0106,-0.0423,484086.0,-0.005,0.0376,292,-0.0411,-0.03,0.5718,-0.1425,-0.6838,0.0
202211,53067,"thurston, wa",536575.0,-0.0244,0.0896,506,-0.0175,1.3372,49.0,0.1023,0.3662,202,-0.2986,-0.2937,0,-1.0,-1.0,0.0,-0.0036,-0.0064,256.0,-0.2381,2.2821,0.2626,-0.0448,0.1908,245.0,-0.2213,-0.5382,281.0,0.0084,0.0597,2004.0,-0.0251,0.0799,627881.0,-0.0039,0.0622,753,-0.0988,0.0067,0.4832,-0.1265,-1.9625,1.0
202211,53011,"clark, wa",592175.0,0.0039,0.0398,1084,-0.0428,0.8521,52.0,0.0619,0.0148,448,-0.1765,-0.3896,44,-0.0833,-0.8977,0.0219,0.0021,-0.1308,500.0,-0.2424,0.5337,0.2283,-0.0344,0.1155,658.0,-0.0771,-0.5678,292.0,-0.0072,0.0396,2079.0,0.0092,-0.0019,751583.0,0.0238,0.0344,1741,-0.0673,-0.1682,0.6073,-0.0226,-1.9953,1.0
202211,53031,"jefferson, wa",675000.0,-0.0145,0.102,80,-0.1489,1.2222,72.0,0.1653,0.8889,28,-0.2222,-0.0667,0,,,0.0,0.0,0.0,16.0,-0.5,1.6667,0.0816,-0.0942,0.0351,62.0,-0.1214,0.0696,363.0,-0.0009,-0.0081,2030.0,0.015,0.2296,752325.0,-0.0208,-0.1013,140,-0.1596,0.5,0.7688,0.0241,-0.8285,0.0
202211,53059,"skamania, wa",753200.0,-0.0404,0.178,28,-0.0345,0.6471,84.0,0.3468,0.4034,8,0.0,1.0,0,,,0.0,0.0,0.0,2.0,-0.8333,-0.8,0.0455,-0.2212,-0.1798,9.0,-0.0556,-0.6304,351.0,-0.0088,0.0755,2162.0,-0.1268,0.1937,925583.0,-0.0507,0.4184,37,-0.0135,-0.0875,0.3036,-0.0068,-1.0494,1.0
202211,53049,"pacific, wa",394500.0,-0.0494,0.0999,117,-0.1,0.872,71.0,0.25,0.0478,28,-0.2222,0.75,2,,0.0,0.0093,0.0093,-0.005,22.0,-0.45,0.1,0.1227,-0.0706,-0.0283,43.0,-0.0556,-0.1981,276.0,-0.0055,0.0386,1542.0,-0.0115,0.0842,450947.0,-0.0715,0.0934,161,-0.0829,0.3718,0.3632,0.0171,-0.4848,1.0
202211,53027,"grays harbor, wa",389000.0,-0.0163,0.0204,288,-0.1288,0.7372,79.0,0.2115,0.5594,58,-0.4821,-0.463,4,,,0.0084,0.0084,0.0084,106.0,-0.2639,1.9444,0.2339,-0.038,0.1584,105.0,-0.0833,-0.4627,263.0,-0.0139,-0.0049,1457.0,-0.0155,-0.0189,405943.0,-0.0442,-0.0521,395,-0.1174,0.0838,0.3635,0.018,-0.8117,0.0
202211,53007,"chelan, wa",667248.0,-0.0454,-0.0273,219,-0.0988,0.2269,67.0,0.0391,0.0556,40,-0.5238,-0.4286,0,,,0.0,0.0,0.0,36.0,-0.6786,-0.0526,0.1033,-0.153,-0.0269,67.0,-0.1474,-0.089,332.0,0.0019,0.0583,1976.0,-0.0237,-0.1013,879563.0,-0.0067,-0.0523,283,-0.1199,0.1368,0.3037,-0.0173,-0.1053,0.0
202211,53069,"wahkiakum, wa",459839.0,-0.046,-0.0538,21,-0.125,1.4706,90.0,0.0783,0.7723,6,,2.0,0,,,0.0,0.0,0.0,2.0,-0.5,,0.0526,-0.0764,0.0526,6.0,-0.3333,0.0909,234.0,0.0054,-0.1217,1896.0,-0.0816,-0.1941,522649.0,0.0009,-0.0413,28,-0.1129,0.9643,0.2857,-0.0893,-0.3613,1.0
202211,53001,"adams, wa",332500.0,-0.0186,0.1223,50,-0.0909,0.5152,100.0,0.4632,0.6936,8,0.0,-0.4286,0,,,0.0,0.0,0.0,8.0,-0.3333,1.0,0.1022,-0.0389,0.0528,22.0,-0.0227,-0.3857,201.0,-0.0242,-0.0007,1695.0,-0.0281,0.0173,355018.0,-0.0092,0.0088,72,-0.0592,0.0672,0.43,0.03,-0.6306,0.0
202211,53035,"kitsap, wa",592500.0,-0.0109,-0.012,481,-0.0587,0.8789,52.0,0.0612,0.4054,210,-0.2606,-0.3182,8,,0.0,0.0078,0.0078,0.0007,226.0,-0.2365,1.5682,0.2175,-0.0403,0.1433,316.0,-0.0733,-0.4716,294.0,-0.0154,0.0559,2064.0,-0.007,0.0049,771017.0,-0.0322,0.0446,798,-0.0694,-0.07,0.657,-0.0104,-1.679,1.0
202211,53037,"kittitas, wa",690725.0,-0.0125,0.0848,152,-0.0033,0.7719,58.0,0.0648,0.0748,34,-0.5278,-0.3929,0,,,0.0,0.0,0.0,56.0,-0.2222,0.75,0.2382,0.0006,0.112,49.0,-0.2761,-0.5924,337.0,-0.0327,0.127,2265.0,0.0059,0.0756,1020120.0,-0.0149,-0.1906,198,-0.0771,-0.0342,0.3201,-0.1207,-1.0717,1.0
202211,53033,"king, wa",827125.0,-0.0269,0.1102,3361,-0.1118,1.4578,44.0,0.1892,0.2222,1288,-0.3361,-0.2572,28,-0.2222,-0.5,0.0044,-0.0007,-0.0057,1404.0,-0.2564,3.2545,0.2211,-0.0384,0.168,1711.0,-0.133,-0.4458,510.0,-0.0073,0.0361,1859.0,-0.0318,0.1152,1303920.0,0.0053,0.1494,5063,-0.119,0.1408,0.5089,-0.0125,-1.7481,1.0
202211,53005,"benton, wa",558450.0,-0.0017,0.0436,516,0.0435,0.5229,54.0,0.2273,0.5,166,-0.3413,-0.4113,0,-1.0,-1.0,0.0,-0.0048,-0.0163,200.0,-0.1228,1.8571,0.2459,-0.0077,0.1638,136.0,-0.0845,-0.4258,260.0,-0.0039,0.0396,2203.0,-0.0118,-0.0116,591268.0,-0.0031,0.0381,648,0.0008,0.136,0.2629,-0.0367,-0.4343,0.0
202210,53033,"king, wa",850000.0,-0.0335,0.1334,3784,0.0237,1.016,37.0,-0.0263,0.1563,1940,-0.2283,-0.2062,36,0.125,-0.4375,0.0051,0.001,-0.0042,1888.0,0.0691,2.6308,0.2595,0.0512,0.1906,1973.0,-0.1247,-0.434,514.0,-0.0158,0.0614,1920.0,-0.0315,0.1314,1297096.0,-0.0289,0.164,5746,-0.0327,0.075,0.5214,-0.0884,-1.3358,1.0
202210,53025,"grant, wa",389000.0,-0.0102,0.0746,175,0.1146,0.3258,45.0,-0.1667,0.0227,100,0.1111,0.1905,0,-1.0,,0.0,-0.0054,0.0,80.0,0.4286,0.6667,0.2105,0.0639,0.0954,125.0,-0.1525,-0.4131,228.0,0.0116,0.0626,1727.0,-0.0157,-0.0379,486531.0,0.024,0.0664,304,0.0016,-0.1085,0.7143,-0.2252,-0.8994,0.0
202210,53007,"chelan, wa",699000.0,-0.0007,0.0029,243,-0.0489,0.2591,64.0,0.2019,0.28,84,-0.0233,-0.2222,0,,,0.0,0.0,0.0,112.0,0.2727,1.8,0.2563,0.0735,0.1446,78.0,-0.1429,-0.037,331.0,-0.0446,0.0593,2024.0,-0.01,-0.1,885467.0,-0.0468,-0.0277,321,-0.0709,0.1715,0.321,-0.0352,-0.0987,0.0
202210,53037,"kittitas, wa",699475.0,0.012,0.0761,152,0.0629,0.4757,54.0,-0.0649,0.2273,72,0.2,0.125,0,,,0.0,0.0,0.0,72.0,0.0588,0.8,0.2376,0.0117,0.0916,67.0,-0.2164,-0.5145,349.0,-0.0468,0.1094,2252.0,0.1153,0.0414,1035509.0,0.0588,-0.1238,214,-0.0716,-0.112,0.4408,-0.1571,-0.899,0.0
202210,53043,"lincoln, wa",347500.0,-0.0702,0.144,49,-0.0577,0.2895,46.0,-0.1521,-0.0707,16,0.0,0.0,0,,,0.0,0.0,0.0,16.0,0.3333,0.0,0.2078,0.0464,0.0127,15.0,0.875,-0.4643,175.0,-0.2051,0.1413,2072.0,0.057,0.0245,410627.0,-0.1347,-0.1473,64,0.0579,-0.0303,0.3061,0.1523,-0.4307,0.0
202210,53051,"pend oreille, wa",499900.0,-0.0001,-0.1381,54,-0.2703,0.08,66.0,0.2941,-0.0222,16,-0.3333,-0.2,0,,,0.0,0.0,0.0,16.0,-0.5294,1.0,0.172,-0.0918,0.0944,29.0,-0.1077,-0.1471,223.0,-0.0509,-0.1995,1948.0,-0.0635,-0.2319,561678.0,-0.026,-0.4644,83,-0.2095,-0.046,0.537,0.0978,-0.143,1.0
202210,53045,"mason, wa",475000.0,-0.0281,0.0674,197,-0.0414,1.4625,50.0,0.1236,0.3889,80,-0.2157,-0.2,0,-1.0,,0.0,-0.0042,0.0,120.0,-0.0625,2.3333,0.2892,-0.0248,0.1774,106.0,0.0192,-0.2429,284.0,-0.0032,0.1034,1764.0,-0.0014,-0.0392,601346.0,-0.0089,0.0563,303,-0.0178,0.3899,0.5381,0.032,-1.2119,1.0
202210,53029,"island, wa",704500.0,-0.0607,0.1743,229,0.0133,1.2233,50.0,0.087,0.4286,100,-0.3333,-0.1071,0,,-1.0,0.0,0.0,-0.0087,104.0,0.3333,2.7143,0.238,0.077,0.1771,128.0,-0.1551,-0.2644,354.0,-0.0271,0.0824,1928.0,-0.0316,-0.0394,909810.0,-0.033,0.0833,350,-0.0753,0.2681,0.559,-0.1114,-1.1304,1.0
202210,53017,"douglas, wa",545000.0,-0.0063,0.162,99,-0.005,0.4348,47.0,-0.25,0.7885,44,-0.0435,-0.3529,0,,-1.0,0.0,0.0,-0.0217,36.0,-0.2174,0.125,0.1957,-0.0653,0.0315,40.0,-0.0244,-0.2308,302.0,-0.0055,0.1366,2040.0,0.0342,0.0817,608808.0,-0.0757,0.0496,139,-0.0142,0.1583,0.404,-0.008,-0.3496,0.0
202210,53013,"columbia, wa",364900.0,-0.0164,-0.1891,15,0.1538,1.1429,74.0,-0.039,0.451,8,3.0,1.0,0,,,0.0,0.0,0.0,4.0,-0.3333,,0.16,-0.0993,0.16,2.0,-0.6,0.0,169.0,0.0064,-0.3759,1937.0,0.0212,-0.0401,384400.0,-0.0777,-0.3869,17,-0.0286,0.8889,0.1333,-0.2513,-0.1524,1.0
202210,53053,"pierce, wa",579980.0,-0.0203,0.0409,1612,-0.026,0.7891,45.0,0.0465,0.4063,812,-0.1135,-0.3142,12,-0.3333,-0.6667,0.0034,-0.0013,-0.0058,992.0,-0.0462,1.2752,0.296,0.0236,0.1844,1048.0,-0.1702,-0.4096,297.0,-0.0037,0.0419,2024.0,-0.0266,0.0138,680746.0,-0.0157,0.037,2654,-0.0905,-0.0119,0.6501,-0.113,-1.3199,1.0
202210,53075,"whitman, wa",389000.0,-0.0395,0.1824,84,0.012,1.0488,66.0,0.1478,0.4348,32,0.0,0.1429,0,,,0.0,0.0,0.0,32.0,0.0,3.0,0.2319,0.0164,0.1399,32.0,0.1852,-0.2195,204.0,0.0158,0.3587,2125.0,-0.0311,-0.1109,461530.0,-0.0286,0.1718,115,0.0407,0.369,0.381,0.0557,-0.619,0.0
202210,53073,"whatcom, wa",638975.0,0.0029,0.0651,584,-0.0299,1.1159,46.0,0.0575,0.3529,224,-0.2774,-0.2113,4,-0.3333,0.0,0.0038,-0.0008,-0.0006,216.0,-0.194,2.375,0.2038,-0.0032,0.1327,261.0,-0.2006,-0.2435,357.0,-0.0158,0.0937,1904.0,0.0147,0.0117,818858.0,0.0058,0.015,837,-0.0942,0.3478,0.4469,-0.0954,-0.8031,0.0
202210,53023,"garfield, wa",350000.0,0.4644,-0.0528,5,-0.4444,4.0,66.0,0.5904,-0.1698,0,-1.0,,0,,,0.0,0.0,0.0,4.0,-0.5,,0.4,-0.2,0.4,4.0,0.3333,-0.2,191.0,0.1135,0.4771,1630.0,0.0,-0.4246,300156.0,0.0267,-0.1877,9,-0.2174,0.5,0.8,0.4667,-4.2,1.0
202210,53011,"clark, wa",589900.0,-0.0167,0.061,1132,-0.0174,0.6264,49.0,0.043,0.0543,544,-0.0963,-0.3234,48,-0.3846,-0.9104,0.0198,-0.0095,-0.1529,660.0,-0.0652,0.6176,0.2627,0.0032,0.1302,713.0,-0.2186,-0.5535,294.0,-0.0027,0.0515,2060.0,-0.0113,0.0118,734084.0,-0.0143,0.0364,1866,-0.0946,-0.1873,0.6299,-0.1622,-1.6647,1.0
202210,53039,"klickitat, wa",550000.0,-0.0984,0.1983,77,-0.0994,0.4808,71.0,0.1094,0.2241,20,0.1111,0.0,0,,-1.0,0.0,0.0,-0.0748,24.0,-0.25,-0.1429,0.1832,-0.0447,-0.0809,34.0,-0.0556,-0.1053,296.0,-0.019,0.073,1881.0,-0.0279,0.0567,659621.0,-0.0229,0.1186,111,-0.0939,0.2198,0.4416,0.0205,-0.2892,0.0
202210,53061,"snohomish, wa",759950.0,-0.0066,0.0857,1313,-0.0172,1.3363,41.0,0.0649,0.2813,740,-0.161,-0.2128,12,-0.7,-0.625,0.0046,-0.0062,-0.0078,828.0,-0.0024,3.9286,0.2895,0.0607,0.2366,949.0,-0.1851,-0.3618,384.0,-0.0201,0.0789,2024.0,-0.002,0.0107,854874.0,-0.0093,0.0315,2260,-0.094,0.096,0.7228,-0.1489,-1.9231,1.0
202210,53063,"spokane, wa",470000.0,-0.0207,0.0468,1190,-0.0038,0.6667,36.0,-0.027,0.1613,660,-0.0598,-0.199,20,0.1111,-0.4444,0.0072,0.0009,-0.0064,752.0,-0.0234,0.88,0.2815,0.0016,0.1434,830.0,-0.1249,-0.364,223.0,-0.0001,0.0695,2180.0,-0.0134,-0.0005,567319.0,-0.0219,0.0409,2018,-0.057,0.002,0.6975,-0.0966,-1.1303,1.0
202210,53067,"thurston, wa",549975.0,0.0138,0.1224,515,-0.0356,0.7399,44.0,0.121,0.5172,288,-0.1111,-0.3514,4,,0.0,0.0036,0.0036,0.0002,336.0,0.0633,1.8966,0.3074,0.058,0.2257,314.0,-0.2111,-0.4614,279.0,0.005,0.0585,2055.0,0.0141,0.0737,630326.0,0.0014,0.0763,835,-0.1041,-0.0435,0.6097,-0.1356,-1.3599,1.0
202210,53021,"franklin, wa",522400.0,0.0562,0.0806,144,0.2361,0.92,41.0,0.0186,0.1081,80,-0.0698,0.1111,0,,-1.0,0.0,0.0,-0.0163,56.0,-0.0667,1.0,0.2179,-0.0118,0.1036,43.0,-0.2252,-0.4756,255.0,0.011,0.0482,2077.0,-0.0065,0.011,551133.0,0.0011,0.0558,186,0.0909,0.1772,0.2986,-0.1778,-0.7947,0.0
202210,53009,"clallam, wa",599000.0,0.0093,0.0417,212,0.0242,0.7667,58.0,0.1262,0.234,80,-0.2453,0.0526,0,,-1.0,0.0,0.0,-0.0098,92.0,0.0222,1.5556,0.2283,0.01,0.1202,95.0,-0.108,-0.3493,302.0,-0.0188,0.0621,1916.0,0.0111,-0.0239,678240.0,-0.004,0.015,305,-0.0193,0.1381,0.4481,-0.0664,-0.7686,0.0
202210,53027,"grays harbor, wa",395450.0,-0.01,0.034,330,-0.0421,0.7188,65.0,0.0569,0.3265,112,-0.1111,-0.0345,0,,-1.0,0.0,0.0,-0.0071,144.0,0.0746,1.1176,0.2719,0.0689,0.1513,114.0,-0.2111,-0.5043,267.0,-0.0152,0.021,1480.0,-0.0013,-0.0263,424707.0,-0.0301,-0.0344,447,-0.0859,0.0542,0.3455,-0.074,-0.8525,0.0
202210,53069,"wahkiakum, wa",482000.0,-0.0025,0.0371,24,-0.2131,2.4286,83.0,0.4188,0.6939,0,-1.0,-1.0,0,,,0.0,0.0,0.0,4.0,-0.8,0.0,0.129,-0.3371,0.0209,9.0,0.2857,-0.25,232.0,-0.0819,-0.14,2065.0,0.0,-0.204,522170.0,-0.0093,-0.0446,31,-0.1622,0.7222,0.375,0.1455,-1.3393,1.0
202210,53059,"skamania, wa",784900.0,0.1214,0.2558,29,-0.0938,0.1154,62.0,0.3855,0.4253,8,-0.3333,-0.3333,0,,-1.0,0.0,0.0,-0.1333,12.0,0.2,0.0,0.2667,0.0933,0.0667,9.0,-0.25,-0.6087,354.0,-0.0009,0.1951,2476.0,-0.0004,0.3717,975034.0,0.0226,0.4866,37,-0.1494,-0.2292,0.3103,-0.0647,-0.5743,0.0
202210,53057,"skagit, wa",630000.0,0.0403,0.0518,276,-0.066,0.6527,50.0,0.1494,0.2821,104,-0.2973,-0.1875,4,,-0.6667,0.0076,0.0076,-0.0151,132.0,0.0,1.5385,0.2457,0.0248,0.1335,151.0,-0.065,-0.2011,330.0,-0.0124,0.0449,1944.0,0.0346,-0.0122,766137.0,0.0087,-0.0361,417,-0.0885,0.2087,0.5471,0.0006,-0.5846,0.0
202210,53031,"jefferson, wa",684900.0,-0.0203,0.0958,94,-0.1005,1.4737,62.0,0.4011,0.4762,36,-0.25,-0.1818,0,-1.0,,0.0,-0.0087,0.0,32.0,-0.3846,3.0,0.1758,-0.0555,0.1199,70.0,-0.0345,-0.1026,363.0,0.0079,0.0896,2000.0,0.0124,0.1614,768344.0,-0.0234,-0.0599,166,-0.0568,0.4435,0.7447,0.0509,-1.308,1.0
202210,53035,"kitsap, wa",599000.0,-0.0099,0.0034,511,-0.0058,0.6431,49.0,0.1264,0.3611,284,-0.1013,-0.297,0,-1.0,-1.0,0.0,-0.017,-0.0059,296.0,-0.0263,1.1765,0.2578,0.036,0.1467,341.0,-0.2134,-0.4345,298.0,-0.0296,0.0503,2078.0,0.0002,0.0046,796655.0,-0.0295,0.0887,857,-0.0974,-0.0603,0.6673,-0.1761,-1.2716,1.0
202210,53001,"adams, wa",338800.0,0.0,0.0946,55,-0.009,0.9643,68.0,0.277,0.8378,8,-0.2,0.0,0,,,0.0,0.0,0.0,12.0,-0.3333,2.0,0.1412,-0.0752,0.0878,22.0,0.2941,-0.45,206.0,0.0554,0.0045,1744.0,0.0289,0.0431,358303.0,0.0077,-0.0117,76,0.0411,0.0704,0.4,0.0937,-1.0286,1.0
202210,53019,"ferry, wa",339000.0,0.1052,-0.0583,23,-0.1786,-0.1786,63.0,-0.2188,0.0776,4,-0.5,-0.5,0,,,0.0,0.0,0.0,4.0,-0.6,-0.5,0.125,-0.0977,-0.0259,13.0,0.5294,0.0833,232.0,0.1461,-0.0207,1500.0,-0.0385,-0.0625,393358.0,0.0891,-0.0862,37,0.0137,-0.0976,0.5652,0.2616,0.1366,0.0
202210,53065,"stevens, wa",448000.0,0.0419,-0.0705,168,-0.0667,0.5,65.0,0.1266,0.1316,44,-0.4054,0.1,0,-1.0,,0.0,-0.005,0.0,56.0,-0.1515,0.2727,0.2158,0.0097,0.061,62.0,-0.1622,-0.4259,244.0,-0.0255,0.1565,1918.0,-0.0021,-0.2413,594171.0,0.0147,-0.0253,229,-0.0966,0.0457,0.369,-0.0421,-0.5952,0.0
202210,53077,"yakima, wa",393850.0,-0.0128,0.0673,307,-0.0376,0.2634,51.0,0.2439,0.4167,144,-0.1529,-0.3333,0,-1.0,-1.0,0.0,-0.0027,-0.0055,152.0,-0.038,0.3571,0.2282,0.0047,0.0886,220.0,-0.0456,-0.3146,212.0,-0.0065,0.0169,1952.0,-0.017,0.0844,448760.0,-0.0332,0.09,522,-0.0543,-0.0728,0.7166,-0.006,-0.6044,0.0
202210,53071,"walla walla, wa",549000.0,0.0092,0.22,100,0.105,0.6393,42.0,-0.1399,0.0641,48,-0.25,-0.0769,0,,,0.0,0.0,0.0,48.0,0.2,0.7143,0.2474,0.0623,0.1141,56.0,-0.2057,-0.1385,264.0,0.0278,0.1162,2197.0,-0.0363,-0.0148,671011.0,-0.0193,-0.0101,153,-0.0526,0.2047,0.56,-0.219,-0.5056,0.0
202210,53005,"benton, wa",559425.0,0.0172,0.0656,494,0.1529,0.5935,44.0,-0.12,0.3333,252,0.008,-0.2588,4,-0.6,-0.6667,0.0048,-0.0066,-0.008,228.0,0.0556,1.375,0.2536,0.0181,0.1516,148.0,-0.2506,-0.4127,261.0,0.0172,0.0547,2230.0,-0.0239,-0.0004,593136.0,0.0076,0.0612,647,0.0311,0.1451,0.2996,-0.1613,-0.5133,0.0
202210,53003,"asotin, wa",435000.0,0.0496,0.2117,51,-0.0973,0.3784,56.0,-0.0133,0.0183,24,-0.2941,0.2,0,,,0.0,0.0,0.0,28.0,1.0,1.3333,0.2617,0.1616,0.1582,32.0,-0.2099,-0.2195,217.0,0.0429,0.1774,2238.0,0.062,0.0168,598578.0,0.0646,-0.1803,82,-0.1414,0.0649,0.6275,-0.0894,-0.4807,0.0
202210,53049,"pacific, wa",415000.0,-0.0084,0.0506,130,-0.0441,0.6667,57.0,0.0179,0.1287,36,-0.4,0.0,0,,-1.0,0.0,0.0,-0.0396,40.0,0.0,0.25,0.1932,0.0265,0.0083,45.0,-0.1176,-0.3077,277.0,-0.0186,0.0426,1560.0,0.0156,0.0304,485661.0,-0.0151,0.1019,175,-0.0566,0.2238,0.3462,-0.0288,-0.4872,0.0
202210,53055,"san juan, wa",1295000.0,0.0528,0.0792,110,-0.0179,0.4865,91.0,0.2107,0.1456,20,-0.1667,-0.2857,0,,,0.0,0.0,0.0,20.0,0.4286,1.5,0.1282,0.0464,0.073,29.0,-0.1944,-0.4082,628.0,-0.041,-0.0705,2114.0,0.0051,0.032,1960927.0,-0.0634,-0.1487,139,-0.0576,0.1032,0.2636,-0.0578,-0.3985,0.0
202210,53047,"okanogan, wa",475000.0,-0.0226,0.1905,137,-0.0249,0.398,68.0,0.0794,0.0303,36,-0.1429,0.2857,0,,,0.0,0.0,0.0,36.0,-0.28,1.25,0.1667,-0.0422,0.0894,30.0,-0.3407,-0.5652,253.0,-0.0734,0.172,1742.0,0.0497,0.0507,673749.0,0.0443,0.1936,167,-0.1022,0.0183,0.219,-0.1049,-0.4851,0.0
202210,53041,"lewis, wa",489000.0,0.0036,0.1372,271,-0.0623,0.8311,58.0,0.0,0.6571,108,-0.1563,-0.0357,4,1.0,0.0,0.0079,0.0043,-0.0013,136.0,-0.2527,1.125,0.2827,-0.0466,0.1353,117.0,0.013,-0.3118,270.0,-0.0041,0.1121,1810.0,0.0003,-0.0756,545424.0,-0.009,0.0706,387,-0.0349,0.2286,0.4317,0.0321,-0.7169,0.0
202210,53015,"cowlitz, wa",475000.0,0.0199,0.1573,263,0.0057,0.7533,51.0,0.1591,0.4167,116,-0.1471,-0.0938,0,-1.0,-1.0,0.0,-0.0101,-0.123,148.0,0.0278,0.48,0.2748,0.0147,0.0795,156.0,-0.0687,-0.3188,264.0,-0.0029,0.1187,1869.0,0.0202,0.048,562898.0,0.017,0.0788,412,-0.0306,0.0928,0.5932,-0.0474,-0.9335,0.0
202209,53003,"asotin, wa",414450.0,0.0506,0.2921,57,-0.0088,0.6618,56.0,0.2931,0.2295,34,0.5455,0.0,0,,,0.0,0.0,0.0,14.0,-0.4615,0.1667,0.1001,-0.1229,0.0009,41.0,-0.0122,-0.2059,208.0,0.0199,0.3304,2107.0,0.0,0.0158,562262.0,-0.0284,-0.2409,96,-0.0255,0.1105,0.7168,-0.0025,-0.7832,0.0
202209,53077,"yakima, wa",398950.0,-0.0375,0.0799,319,0.0192,0.2634,41.0,0.0581,0.4138,170,-0.2735,-0.2411,2,-0.6667,-0.8,0.0027,-0.005,-0.0092,158.0,0.1791,0.6809,0.2235,0.0597,0.1122,231.0,-0.0943,-0.3099,214.0,-0.009,0.0235,1986.0,-0.0139,0.1097,464185.0,-0.018,0.1247,552,-0.0247,-0.0636,0.7226,-0.0905,-0.6002,0.0
202209,53065,"stevens, wa",430000.0,-0.072,-0.1134,180,-0.011,0.44,57.0,0.0701,0.2312,74,0.0571,-0.0976,2,-0.5,0.0,0.005,-0.0068,-0.0019,66.0,-0.1081,0.65,0.2061,-0.0193,0.0732,74.0,-0.0976,-0.3273,250.0,-0.0263,0.1205,1922.0,-0.0661,-0.1825,585547.0,-0.0517,-0.0173,254,-0.0361,0.0833,0.4111,-0.0394,-0.4689,1.0
202209,53019,"ferry, wa",306725.0,0.0915,-0.1359,28,-0.0345,-0.1385,80.0,0.1307,0.8605,8,1.0,0.0,0,,,0.0,0.0,0.0,10.0,1.5,1.5,0.2227,0.1227,0.1367,9.0,0.0625,0.2143,202.0,-0.0415,-0.215,1560.0,0.013,-0.0769,361194.0,0.0657,-0.2582,37,0.0139,-0.0759,0.3036,0.0277,0.0882,1.0
202209,53073,"whatcom, wa",637125.0,-0.0137,0.0402,602,-0.0353,1.1616,44.0,0.2083,0.2429,310,-0.0882,-0.0127,6,,0.5,0.0046,0.0046,0.0005,268.0,-0.036,2.9412,0.207,-0.0083,0.1363,327.0,-0.0777,-0.1328,363.0,0.0048,0.0872,1877.0,0.0023,-0.0027,814152.0,0.0081,-0.0092,924,-0.0538,0.4085,0.5424,-0.0249,-0.8095,0.0
202209,53013,"columbia, wa",371000.0,0.0465,-0.2251,13,-0.0714,2.7143,77.0,0.1324,1.9057,2,-0.5,-0.5,0,,,0.0,0.0,0.0,6.0,0.0,2.0,0.2593,0.0185,0.0593,5.0,-0.2857,4.0,168.0,-0.034,-0.4003,1897.0,0.1103,0.2219,416782.0,0.1371,-0.0892,18,-0.1667,3.375,0.3846,-0.1154,0.0989,1.0
202209,53057,"skagit, wa",605600.0,0.0103,0.011,296,-0.0084,0.7331,44.0,0.1678,0.2609,148,-0.1591,-0.0864,0,,,0.0,0.0,0.0,132.0,-0.2048,1.129,0.2209,-0.0248,0.1051,162.0,-0.1199,-0.1884,334.0,-0.0075,0.061,1879.0,-0.0134,-0.0673,759515.0,-0.003,-0.0333,458,-0.0449,0.2282,0.5465,-0.0692,-0.6206,0.0
202209,53033,"king, wa",879475.0,-0.0222,0.1727,3697,-0.0112,0.7665,38.0,0.1515,0.3103,2514,0.0545,-0.1911,32,0.0667,-0.3333,0.0041,0.0006,-0.0014,1766.0,0.1051,1.7594,0.2083,0.0222,0.1335,2254.0,-0.0946,-0.3681,522.0,-0.0015,0.1059,1983.0,-0.0053,0.1616,1335764.0,-0.0008,0.2327,5941,-0.0448,0.0552,0.6098,-0.0561,-1.0949,1.0
202209,53011,"clark, wa",599900.0,0.0008,0.0809,1152,-0.0179,0.5727,47.0,0.1923,0.24,602,-0.1616,-0.3048,78,-0.7347,-0.8582,0.0293,-0.0695,-0.1386,706.0,-0.1615,0.6573,0.2595,-0.0281,0.1282,913.0,-0.1201,-0.4473,294.0,-0.0005,0.0787,2084.0,-0.0048,-0.0225,744746.0,0.0167,0.0471,2061,-0.0678,-0.1351,0.7921,-0.092,-1.4618,1.0
202209,53047,"okanogan, wa",485975.0,-0.0251,0.1592,141,0.0934,0.4789,63.0,0.0957,0.0723,42,0.0,-0.3,0,,,0.0,0.0,0.0,50.0,0.6667,0.5625,0.2088,0.0686,0.06,46.0,-0.0808,-0.2155,273.0,-0.0611,0.1968,1659.0,0.0206,-0.0606,645165.0,0.0027,0.0517,186,0.042,0.2117,0.3238,-0.0614,-0.2867,0.0
202209,53001,"adams, wa",338800.0,0.0,0.1115,56,0.0091,0.85,53.0,0.3396,0.4589,10,-0.375,-0.5,0,-1.0,,0.0,-0.022,0.0,18.0,0.2857,,0.2164,0.0571,0.2164,17.0,-0.2273,-0.5526,195.0,-0.1151,-0.0469,1695.0,0.0229,0.0282,355565.0,-0.0196,-0.0003,73,-0.0331,0.0657,0.3063,-0.0937,-0.9604,0.0
202209,53071,"walla walla, wa",544000.0,-0.0099,0.1587,91,0.0112,0.7921,48.0,0.1627,0.5078,64,0.3333,-0.1579,0,,,0.0,0.0,0.0,40.0,0.0526,1.2222,0.1851,0.0048,0.0771,71.0,0.093,0.4242,257.0,-0.0381,0.0882,2280.0,0.0334,0.0134,684194.0,-0.0042,0.0489,162,0.0453,0.6396,0.779,0.0583,-0.2012,0.0
202209,53055,"san juan, wa",1230000.0,-0.0277,-0.0582,112,-0.0427,0.4088,75.0,0.168,-0.0099,24,-0.25,-0.0769,0,,-1.0,0.0,0.0,-0.0133,14.0,-0.4167,-0.125,0.0818,-0.0553,-0.0209,36.0,0.2203,-0.2577,655.0,-0.0017,-0.0426,2103.0,0.0023,0.0179,2093722.0,-0.0747,-0.0921,148,0.0208,0.1346,0.3214,0.0693,-0.2886,0.0
202209,53049,"pacific, wa",418500.0,-0.0502,0.0595,136,0.0751,0.7436,56.0,0.0516,0.4177,60,0.0345,-0.0625,0,,-1.0,0.0,0.0,-0.0294,40.0,-0.1667,0.1111,0.1667,-0.0449,0.0012,51.0,-0.0467,-0.3419,282.0,0.0112,0.0379,1536.0,-0.0116,0.0453,493106.0,-0.0276,0.1083,186,0.0249,0.1891,0.375,-0.0479,-0.6186,0.0
202209,53037,"kittitas, wa",691213.0,0.0,0.0741,143,-0.0921,0.2655,58.0,0.1,0.5197,60,-0.2105,-0.3333,0,,-1.0,0.0,0.0,-0.0237,68.0,-0.15,0.619,0.2259,-0.0364,0.104,86.0,-0.0116,-0.3547,366.0,-0.0425,0.1926,2019.0,0.0318,-0.0562,977966.0,0.0167,-0.149,231,-0.0592,-0.0649,0.5979,0.0487,-0.5747,0.0
202209,53025,"grant, wa",393000.0,0.0142,0.1578,157,-0.0309,0.1939,54.0,0.1077,0.1934,90,0.0714,-0.1509,2,-0.5,0.0,0.0054,-0.0047,0.0011,56.0,-0.1765,0.6471,0.1466,-0.0165,0.0712,148.0,-0.081,-0.314,225.0,-0.0205,0.0455,1755.0,0.0414,0.028,475140.0,-0.0156,0.0845,304,-0.069,-0.1177,0.9395,-0.0513,-0.6955,0.0
202209,53063,"spokane, wa",479950.0,-0.0304,0.0668,1195,0.0072,0.686,37.0,0.2333,0.2542,702,-0.1481,-0.2703,18,0.0,-0.6897,0.0063,0.0003,-0.013,770.0,0.0132,1.1154,0.2798,0.0302,0.1582,949.0,-0.076,-0.2836,223.0,-0.0113,0.0862,2210.0,-0.0058,-0.0185,580006.0,-0.0188,0.0313,2140,-0.0328,0.0552,0.7941,-0.0715,-1.0747,1.0
202209,53017,"douglas, wa",548450.0,-0.0028,0.2158,100,0.0365,0.5308,62.0,0.2984,2.1392,46,-0.0417,-0.4524,0,,-1.0,0.0,0.0,-0.0353,46.0,0.5333,1.875,0.261,0.0897,0.1723,41.0,-0.1458,-0.1368,303.0,-0.0218,0.2548,1973.0,0.03,0.0755,658644.0,0.0082,0.2736,141,-0.014,0.2703,0.4121,-0.0879,-0.3187,1.0
202209,53067,"thurston, wa",542495.0,-0.0108,0.0915,534,-0.0557,0.8225,39.0,0.1214,0.3772,324,-0.2212,-0.3597,0,-1.0,-1.0,0.0,-0.0043,-0.0044,316.0,-0.1271,1.5079,0.2494,-0.022,0.1557,398.0,0.0013,-0.357,277.0,-0.0245,0.0652,2027.0,0.0032,-0.0022,629446.0,-0.0212,0.0692,932,-0.0327,0.031,0.7453,0.0424,-1.3673,1.0
202209,53005,"benton, wa",549950.0,0.028,0.0923,429,-0.0562,0.5497,50.0,0.3333,1.0,250,-0.0157,-0.2733,10,0.6667,-0.1667,0.0114,0.0049,-0.0021,216.0,-0.0847,1.5714,0.2355,-0.0366,0.1418,198.0,-0.0706,-0.249,257.0,0.0132,0.0656,2284.0,0.0254,0.0288,588642.0,0.0279,0.0803,628,-0.0557,0.1685,0.4609,-0.0072,-0.4903,0.0
202209,53041,"lewis, wa",487250.0,-0.0254,0.0841,289,0.0158,0.9013,58.0,0.2889,0.6224,128,0.1429,0.0667,2,-0.6667,-0.6667,0.0037,-0.0079,-0.0086,182.0,0.0706,1.275,0.3293,0.0041,0.1359,116.0,-0.0571,-0.2034,271.0,-0.0111,0.0814,1810.0,-0.0286,-0.0159,550365.0,-0.0227,0.0786,401,-0.0172,0.3663,0.3997,-0.0309,-0.5543,0.0
202209,53007,"chelan, wa",699495.0,-0.0189,0.0011,256,-0.0229,0.4,53.0,0.2988,0.2102,86,-0.2321,-0.2712,0,,,0.0,0.0,0.0,88.0,-0.1698,0.913,0.1828,-0.0403,0.0608,91.0,-0.1122,0.0898,346.0,-0.0137,0.0809,2045.0,-0.0169,-0.0721,928974.0,-0.0043,0.0203,346,-0.0495,0.3038,0.3562,-0.0358,-0.1014,0.0
202209,53023,"garfield, wa",239000.0,0.1318,0.1846,9,0.3846,1.25,42.0,0.8652,-0.1123,2,-0.5,,0,,,0.0,0.0,0.0,8.0,3.0,3.0,0.6,0.4571,0.4,3.0,-0.3333,-0.4545,171.0,0.1142,0.553,1630.0,0.0896,-0.2652,292339.0,0.1719,0.1905,12,0.0455,0.2105,0.3333,-0.359,-1.0417,1.0
202209,53031,"jefferson, wa",699125.0,-0.0201,0.1433,105,-0.0586,1.1111,44.0,0.3111,-0.0535,48,-0.4286,0.0435,2,-0.5,,0.0087,-0.0102,0.0087,52.0,-0.037,5.5,0.2313,-0.0012,0.1869,73.0,0.16,-0.2033,360.0,0.035,0.1189,1976.0,-0.0003,0.0466,786745.0,0.032,0.06,176,0.0086,0.2754,0.6938,0.1307,-1.1446,1.0
202209,53027,"grays harbor, wa",399450.0,-0.0014,0.1019,345,-0.035,0.6366,62.0,0.1884,0.528,126,-0.0597,-0.2125,0,,-1.0,0.0,0.0,-0.0032,134.0,-0.1519,0.6341,0.203,-0.0441,0.0712,145.0,-0.0647,-0.3731,271.0,-0.0168,0.0969,1482.0,-0.0025,-0.0143,437889.0,-0.02,0.0164,489,-0.0431,0.1139,0.4194,-0.0133,-0.6756,0.0
202209,53035,"kitsap, wa",605000.0,-0.0396,0.0431,514,-0.073,0.6474,44.0,0.2701,0.2429,316,-0.0539,-0.1771,24,0.7143,0.7143,0.017,0.0068,0.0061,304.0,-0.0065,1.7636,0.2219,-0.0035,0.1341,434.0,-0.0902,-0.3157,307.0,-0.0254,0.1062,2078.0,-0.0098,0.0114,820878.0,-0.0302,0.1494,950,-0.0804,0.0032,0.8434,-0.0159,-1.1871,1.0
202209,53069,"wahkiakum, wa",483225.0,-0.0056,0.2111,31,0.2708,2.8125,59.0,0.1878,0.2381,6,-0.25,2.0,0,,,0.0,0.0,0.0,20.0,0.6667,4.0,0.4661,0.1745,0.337,7.0,-0.125,-0.6,253.0,-0.0317,0.0412,2065.0,-0.0225,0.0432,527062.0,-0.0698,0.1037,37,0.1385,0.451,0.2295,-0.1038,-1.958,1.0
202209,53059,"skamania, wa",699900.0,0.0003,0.0773,32,-0.0154,0.1228,45.0,0.0056,0.5169,12,-0.1429,-0.25,0,-1.0,-1.0,0.0,-0.0313,-0.0671,10.0,-0.4444,-0.375,0.1733,-0.1849,-0.0747,12.0,-0.0769,-0.4,354.0,0.0501,0.1939,2477.0,0.0282,0.2497,953527.0,0.0807,0.3917,44,-0.0333,-0.1031,0.375,-0.025,-0.3268,0.0
202209,53039,"klickitat, wa",610000.0,-0.1248,0.0918,86,-0.05,0.6931,64.0,0.3196,0.2736,18,-0.55,-0.25,0,-1.0,-1.0,0.0,-0.0246,-0.019,32.0,0.0,0.1429,0.2279,0.0297,0.0009,36.0,0.1803,0.0141,302.0,-0.0381,0.0238,1935.0,-0.0387,0.0389,675110.0,-0.0541,0.068,123,0.0166,0.4327,0.4211,0.0822,-0.2819,0.0
202209,53021,"franklin, wa",494625.0,0.0238,0.0541,117,-0.0127,0.513,40.0,0.1667,1.9273,86,-0.1042,-0.3065,0,,-1.0,0.0,0.0,-0.0368,60.0,-0.0323,2.75,0.2297,0.0075,0.1704,56.0,-0.1462,-0.3232,253.0,0.0093,0.0685,2090.0,-0.0176,0.0293,550509.0,0.0141,0.1448,171,-0.0632,0.1,0.4764,-0.0745,-0.5885,1.0
202209,53043,"lincoln, wa",373750.0,-0.0098,0.1157,52,0.2381,0.3333,54.0,-0.1389,0.4863,16,0.0,-0.3333,0,,,0.0,0.0,0.0,12.0,0.5,2.0,0.1614,0.0391,0.1138,8.0,-0.4074,-0.7091,221.0,0.042,0.4005,1960.0,-0.1355,0.002,474563.0,-0.1319,0.0009,61,0.1,-0.097,0.1538,-0.1676,-0.5513,0.0
202209,53075,"whitman, wa",405000.0,-0.0061,0.2525,83,0.0061,1.0,58.0,0.3068,0.3068,32,-0.0588,-0.0588,0,,-1.0,0.0,0.0,-0.0172,32.0,-0.2,0.6,0.2155,-0.0395,0.0358,27.0,-0.2059,-0.4433,201.0,-0.0145,0.4045,2193.0,-0.0056,-0.045,475095.0,0.0002,0.2571,111,-0.0515,0.2278,0.3253,-0.0868,-0.8434,0.0
202209,53061,"snohomish, wa",764975.0,-0.0129,0.1055,1336,-0.0859,1.003,39.0,0.1667,0.4,882,-0.1109,-0.2153,40,3.0,0.4286,0.0108,0.008,0.0024,830.0,-0.0258,2.9904,0.2288,-0.0085,0.1665,1165.0,-0.0165,-0.246,392.0,-0.0084,0.1169,2028.0,0.0057,0.0115,862937.0,0.0083,0.0707,2495,-0.0526,0.1234,0.8716,0.0615,-1.444,1.0
202209,53045,"mason, wa",488750.0,-0.0166,0.138,206,-0.0284,0.9855,45.0,0.2361,0.8542,102,-0.0377,-0.0556,2,,,0.0042,0.0042,0.0042,128.0,0.1636,1.3704,0.3139,0.0474,0.153,104.0,-0.0545,-0.2997,285.0,-0.0163,0.0791,1767.0,0.0017,0.0273,606762.0,-0.0143,0.0967,309,-0.0359,0.2218,0.5061,-0.014,-0.9287,0.0
202209,53009,"clallam, wa",593500.0,-0.0092,0.0552,207,0.0049,0.5055,52.0,0.1977,0.2561,106,-0.0702,0.0192,0,-1.0,,0.0,-0.0093,0.0,90.0,0.125,0.6071,0.2183,0.0294,0.0858,107.0,0.0047,-0.3195,308.0,-0.023,0.0821,1895.0,-0.0272,-0.056,680958.0,-0.0147,0.0245,311,0.0,0.0542,0.5145,-0.0001,-0.6237,0.0
202209,53051,"pend oreille, wa",499974.0,-0.0167,-0.1112,74,0.0,0.48,51.0,0.3247,-0.0286,24,-0.3333,-0.1429,0,,,0.0,0.0,0.0,34.0,0.1333,0.7,0.2639,0.0501,0.1009,33.0,0.0156,-0.2529,235.0,-0.0858,-0.1448,2080.0,-0.025,-0.2012,576670.0,-0.0963,-0.4763,105,-0.0187,0.129,0.4392,0.0068,-0.4308,1.0
202209,53029,"island, wa",750000.0,-0.0092,0.1952,226,-0.0131,1.0829,46.0,0.2432,0.3939,150,0.1364,0.0417,0,,-1.0,0.0,0.0,-0.0041,78.0,-0.3158,0.7727,0.161,-0.0565,0.0604,152.0,-0.0648,-0.25,364.0,-0.005,0.1505,1991.0,0.0144,-0.0035,940895.0,0.0146,0.0801,379,-0.0282,0.2329,0.6704,-0.0371,-1.1914,1.0
202209,53053,"pierce, wa",592000.0,-0.0133,0.0715,1655,-0.0518,0.6983,43.0,0.2113,0.5088,916,-0.1792,-0.2921,18,-0.1818,-0.625,0.0047,-0.0005,-0.0073,1040.0,-0.0764,1.3318,0.2724,0.0033,0.1658,1263.0,-0.0887,-0.3128,299.0,-0.0074,0.0463,2079.0,-0.0129,0.0448,691601.0,-0.008,0.0553,2918,-0.0578,0.0395,0.7631,-0.0309,-1.123,1.0
202209,53015,"cowlitz, wa",465725.0,-0.0281,0.1319,262,-0.0421,0.7492,44.0,0.1733,0.8723,136,-0.0556,-0.236,6,-0.8636,-0.9091,0.0101,-0.0656,-0.1023,144.0,-0.191,0.44,0.2601,-0.0348,0.0898,168.0,-0.097,-0.3366,265.0,0.0226,0.1251,1832.0,-0.0025,-0.0608,553465.0,0.0059,0.0482,425,-0.0608,0.0801,0.6405,-0.039,-1.0484,1.0
202208,53053,"pierce, wa",599950.0,-0.0001,0.0958,1746,0.0232,0.9341,36.0,0.2679,0.449,1116,-0.2207,-0.2271,22,-0.0833,-0.3889,0.0052,-0.0005,-0.0031,1126.0,-0.0831,1.6682,0.269,-0.0045,0.1727,1386.0,0.0313,-0.2914,301.0,-0.016,0.0614,2107.0,0.005,0.0747,697171.0,-0.0137,0.0858,3097,0.0154,0.0772,0.794,0.0062,-1.3733,1.0
202208,53045,"mason, wa",497000.0,-0.004,0.1501,212,0.1949,1.4034,36.0,0.2414,0.6,106,-0.1452,-0.1846,0,,-1.0,0.0,0.0,-0.0103,110.0,0.0577,1.5,0.2665,0.0251,0.1468,110.0,0.0185,-0.3146,290.0,-0.0338,0.1114,1764.0,0.0066,0.0009,615561.0,-0.0351,0.1136,320,0.115,0.3088,0.5201,-0.0901,-1.3038,1.0
202208,53021,"franklin, wa",483125.0,0.0618,0.2348,118,0.0826,1.2476,35.0,0.1129,0.8649,96,0.0435,-0.0769,0,,,0.0,0.0,0.0,62.0,-0.0313,5.2,0.2222,-0.0456,0.1768,65.0,0.413,-0.1975,250.0,0.0317,0.1292,2128.0,0.0358,0.0664,542847.0,0.0066,0.1825,182,0.1098,0.3893,0.5508,0.1288,-0.992,0.0
202208,53009,"clallam, wa",599000.0,0.0,0.1558,206,0.0619,0.5316,43.0,0.3871,0.2647,114,0.0179,-0.1231,4,,,0.0093,0.0093,0.0093,80.0,0.0526,1.2222,0.1889,-0.0171,0.1068,106.0,0.0928,-0.3312,315.0,0.0232,0.1189,1948.0,-0.0226,0.0183,691111.0,-0.0442,0.0641,311,0.0614,0.0596,0.5146,0.0146,-0.6639,0.0
202208,53067,"thurston, wa",548425.0,-0.001,0.1256,566,0.0771,0.8694,35.0,0.3462,0.8182,416,-0.0631,-0.221,6,0.5,0.0,0.0043,0.0014,0.0002,362.0,-0.0055,2.3519,0.2713,0.0108,0.1993,398.0,-0.0799,-0.3774,284.0,-0.0022,0.1095,2020.0,0.0,-0.0014,643111.0,-0.0082,0.1073,964,0.01,0.0185,0.7029,-0.1199,-1.4078,1.0
202208,53069,"wahkiakum, wa",485925.0,-0.0262,0.088,24,-0.04,0.6552,49.0,0.026,0.0368,8,1.0,0.3333,0,,,0.0,0.0,0.0,12.0,0.0,0.2,0.2917,0.006,0.0285,8.0,0.3333,-0.5152,261.0,0.0269,-0.0404,2112.0,0.0471,0.1839,566607.0,0.0588,0.2104,33,0.0484,0.0484,0.3333,0.0933,-0.8046,0.0
202208,53061,"snohomish, wa",774975.0,-0.0301,0.1397,1462,-0.0092,1.0455,33.0,0.2692,0.5,992,-0.253,-0.2298,10,-0.5,-0.8148,0.0027,-0.0029,-0.0122,852.0,-0.1932,1.84,0.2374,-0.0158,0.1551,1184.0,0.0823,-0.2783,395.0,-0.0125,0.1262,2017.0,-0.0115,0.0099,855828.0,-0.0387,0.0895,2633,0.0269,0.1185,0.8101,0.0684,-1.4859,1.0
202208,53001,"adams, wa",338800.0,0.0929,0.1612,55,0.5714,1.4444,40.0,-0.0966,0.325,16,0.0,0.0,2,,,0.022,0.022,0.022,14.0,-0.125,6.0,0.1593,-0.0246,0.1355,22.0,-0.0833,-0.5165,220.0,0.393,0.0814,1657.0,-0.1563,0.0,362690.0,-0.0087,0.0441,76,0.2583,0.0863,0.4,-0.2857,-1.6222,1.0
202208,53035,"kitsap, wa",629948.0,0.0499,0.0918,555,0.0326,0.7437,34.0,0.2232,0.161,334,-0.2269,-0.1971,14,0.75,0.0,0.0102,0.0048,0.0004,306.0,-0.0192,1.125,0.2254,0.0134,0.125,477.0,0.0496,-0.3013,316.0,0.0064,0.1216,2098.0,0.0087,0.0557,846400.0,0.063,0.1757,1033,0.0472,0.031,0.8593,0.0139,-1.2853,1.0
202208,53005,"benton, wa",534950.0,-0.022,0.0248,454,0.0835,0.876,38.0,0.2097,0.5957,254,-0.2616,-0.2013,6,-0.7,-0.6667,0.0064,-0.0123,-0.0155,236.0,0.2553,2.2778,0.2721,0.0748,0.1846,213.0,-0.0996,-0.2384,253.0,0.0118,0.0564,2228.0,-0.0013,-0.0091,572670.0,0.0009,0.0256,665,0.0145,0.2791,0.4681,-0.0952,-0.6848,0.0
202208,53037,"kittitas, wa",691213.0,-0.0772,0.092,158,0.0294,0.3816,53.0,0.3125,0.3548,76,-0.1739,-0.3091,0,,-1.0,0.0,0.0,-0.0189,80.0,0.1765,1.3529,0.2622,0.0415,0.1676,87.0,0.0058,-0.3569,382.0,0.0009,0.2255,1957.0,-0.0261,-0.1097,961923.0,-0.1676,-0.1838,245,0.0338,-0.0041,0.5492,-0.0129,-0.6306,0.0
202208,53041,"lewis, wa",499925.0,-0.0478,0.1446,285,0.1612,1.0321,45.0,0.25,0.4876,112,-0.1765,0.0,6,-0.25,0.5,0.0116,-0.004,0.0012,170.0,0.0119,1.125,0.3253,0.0284,0.1161,123.0,0.0652,-0.1779,274.0,-0.0404,0.0699,1863.0,0.0072,0.0232,563131.0,-0.0355,0.0788,408,0.1209,0.4291,0.4306,-0.0388,-0.6337,0.0
202208,53057,"skagit, wa",599450.0,-0.0008,0.0072,298,0.1462,0.8921,37.0,0.2016,0.2016,176,-0.1373,0.0353,0,,-1.0,0.0,0.0,-0.0038,166.0,0.2576,3.6111,0.2457,0.0314,0.1775,184.0,0.0607,-0.0614,337.0,0.024,0.1058,1905.0,-0.007,-0.063,761764.0,-0.0233,-0.0554,479,0.0936,0.3474,0.6158,-0.0496,-0.6255,0.0
202208,53017,"douglas, wa",550000.0,-0.0349,0.1766,96,0.0549,0.8641,48.0,0.447,1.1954,48,-0.0769,-0.3684,0,,,0.0,0.0,0.0,30.0,-0.25,0.5,0.1713,-0.0461,0.0632,48.0,0.0435,0.0213,310.0,0.0193,0.2983,1915.0,-0.0425,0.0094,653306.0,-0.0516,0.1179,143,0.0288,0.4592,0.5,-0.0055,-0.4126,1.0
202208,53015,"cowlitz, wa",479200.0,0.0088,0.219,273,0.1098,1.0222,38.0,0.0417,0.1905,144,-0.2,-0.1325,44,-0.2143,-0.3714,0.0758,-0.0122,-0.0564,178.0,0.0349,1.0698,0.2949,-0.0043,0.1341,186.0,-0.0438,-0.2319,259.0,0.0007,0.1026,1836.0,0.0132,0.0217,550221.0,0.002,0.0877,453,0.0499,0.2148,0.6795,-0.1091,-1.1094,1.0
202208,53007,"chelan, wa",712999.0,-0.0083,0.0812,262,0.1469,0.5116,41.0,0.0789,0.2059,112,-0.2821,-0.082,0,,-1.0,0.0,0.0,-0.0054,106.0,-0.0185,1.12,0.2231,0.0097,0.0892,103.0,-0.0144,0.2813,351.0,-0.0193,0.0814,2080.0,0.0321,-0.0224,932983.0,0.0147,0.0632,364,0.0883,0.4396,0.392,-0.0642,-0.0705,0.0
202208,53043,"lincoln, wa",377442.0,0.0018,0.1795,42,0.0,0.4483,63.0,0.575,0.8529,16,1.0,-0.2,0,,,0.0,0.0,0.0,8.0,-0.6667,-0.2,0.1223,-0.2413,-0.0093,14.0,-0.2895,-0.5,212.0,0.0385,0.3591,2267.0,0.0651,0.1795,546658.0,0.0228,0.1456,55,-0.1129,-0.0179,0.3214,-0.131,-0.6096,0.0
202208,53063,"spokane, wa",495000.0,-0.0098,0.1031,1186,0.0911,0.9701,30.0,0.1538,0.2,824,-0.1592,-0.1399,18,-0.3571,-0.64,0.006,-0.0026,-0.0115,760.0,0.0326,1.7338,0.2496,0.0203,0.1556,1027.0,0.0005,-0.2515,225.0,-0.0128,0.1046,2223.0,0.005,0.0053,591127.0,-0.0237,0.0472,2213,0.0506,0.1222,0.8655,-0.0784,-1.4127,1.0
202208,53065,"stevens, wa",463375.0,-0.0326,-0.0245,182,0.0,0.5489,54.0,0.4861,0.209,70,0.0294,-0.186,4,,,0.0118,0.0118,0.0118,74.0,-0.075,0.5417,0.2255,-0.026,0.0585,82.0,0.025,-0.23,257.0,-0.0223,0.1439,2058.0,0.029,-0.0855,617452.0,-0.0109,0.0282,263,0.0115,0.19,0.4505,0.011,-0.4558,0.0
202208,53073,"whatcom, wa",646000.0,-0.0015,0.0767,624,0.0667,1.2049,36.0,0.3333,0.2,340,-0.1584,0.0119,0,-1.0,-1.0,0.0,-0.0034,-0.0038,278.0,0.0859,2.3095,0.2152,0.0155,0.1313,354.0,0.1028,-0.1345,361.0,0.0003,0.0942,1872.0,0.0234,-0.004,807622.0,0.0121,-0.0217,977,0.0778,0.4224,0.5673,0.0186,-0.8779,0.0
202208,53051,"pend oreille, wa",508450.0,-0.1309,-0.0465,74,0.0882,0.5417,39.0,0.1159,-0.0552,36,0.5,0.8,0,,-1.0,0.0,0.0,-0.0157,30.0,0.5,1.5,0.2138,0.0177,0.0944,32.0,0.1852,-0.2195,257.0,-0.0905,0.0009,2133.0,-0.0073,-0.1601,638098.0,-0.0936,-0.42,107,0.1263,0.209,0.4324,0.0354,-0.4217,1.0
202208,53023,"garfield, wa",211175.0,-0.1362,0.1461,7,0.625,0.8571,22.0,0.4833,-0.3551,4,0.0,0.0,0,,,0.0,0.0,0.0,2.0,,0.0,0.1429,0.1429,0.0179,5.0,0.5,-0.4375,154.0,-0.0438,0.3801,1496.0,-0.1037,-0.1847,249456.0,-0.1095,0.0543,11,0.5714,-0.0435,0.6923,-0.0577,-1.5934,1.0
202208,53003,"asotin, wa",394500.0,-0.0317,0.1732,57,-0.0339,0.5405,44.0,0.45,0.2609,22,-0.3889,-0.3529,0,,,0.0,0.0,0.0,26.0,0.3,0.8571,0.223,0.0948,0.112,41.0,0.0789,-0.2336,204.0,-0.0244,0.3483,2107.0,0.0229,-0.1097,578703.0,-0.0161,-0.1852,98,0.0103,0.1136,0.7193,0.0752,-0.7266,0.0
202208,53027,"grays harbor, wa",399999.0,-0.0123,0.112,357,0.0348,0.8076,52.0,0.3986,0.4375,134,-0.2386,-0.2386,0,,-1.0,0.0,0.0,-0.0107,158.0,-0.0366,0.6809,0.2472,-0.0036,0.0948,155.0,0.1115,-0.3133,275.0,-0.0187,0.1229,1486.0,0.01,-0.039,446820.0,-0.0056,0.0405,511,0.045,0.2095,0.4328,0.0299,-0.7065,0.0
202208,53049,"pacific, wa",440625.0,0.0307,0.0893,127,0.0542,0.7095,53.0,0.2384,0.7177,58,0.3182,-0.0333,0,-1.0,-1.0,0.0,-0.0165,-0.029,48.0,-0.2,0.8462,0.2116,-0.0465,0.086,54.0,0.0288,-0.2914,279.0,-0.0035,0.0191,1554.0,0.0217,0.0052,507128.0,0.0081,0.0545,181,0.0585,0.223,0.4229,-0.0104,-0.5973,0.0
202208,53011,"clark, wa",599450.0,-0.0008,0.09,1173,0.0051,0.658,39.0,0.2581,0.2283,718,-0.1244,-0.2834,294,-0.1833,-0.5273,0.0988,-0.019,-0.0825,842.0,-0.0927,1.0537,0.2876,-0.0161,0.1694,1037.0,-0.0048,-0.4026,295.0,-0.0118,0.084,2094.0,0.0029,-0.0002,732488.0,-0.0168,0.0444,2211,0.0,-0.0963,0.8841,-0.0088,-1.5697,1.0
202208,53059,"skamania, wa",699675.0,-0.0214,0.1088,33,0.0484,0.7568,45.0,0.1558,0.1711,14,0.1667,-0.5,2,-0.5,0.0,0.0313,-0.0402,0.0,18.0,0.5,0.2857,0.3582,0.1647,0.1286,13.0,-0.2353,-0.3953,337.0,-0.0233,0.1145,2409.0,0.0764,0.1328,882324.0,0.0272,0.2679,45,-0.0625,0.0976,0.4,-0.1484,-0.7622,0.0
202208,53025,"grant, wa",387500.0,-0.0064,0.1761,162,0.0385,0.1613,49.0,0.1607,0.1747,84,-0.2222,-0.25,4,,1.0,0.0102,0.0102,0.0057,68.0,-0.1053,0.619,0.1631,-0.0078,0.0737,161.0,-0.1277,-0.2035,230.0,-0.0009,0.0813,1685.0,0.0031,-0.0052,482675.0,0.0065,0.132,326,-0.0412,-0.0454,0.9907,-0.1887,-0.4537,0.0
202208,53055,"san juan, wa",1265000.0,-0.063,-0.0078,117,0.0086,0.3605,64.0,0.2427,0.1429,32,-0.3333,0.0,0,,,0.0,0.0,0.0,24.0,-0.4,0.7143,0.1371,-0.0885,0.0547,30.0,0.2292,-0.4272,656.0,0.0779,0.0574,2098.0,-0.0224,-0.0085,2262733.0,-0.0302,0.0413,145,0.0471,0.0433,0.2521,0.0452,-0.3467,0.0
202208,53071,"walla walla, wa",549450.0,0.0466,0.2271,90,-0.0165,1.2375,42.0,0.3607,0.2969,48,-0.25,0.0909,0,-1.0,,0.0,-0.0191,0.0,38.0,-0.05,0.9,0.1803,-0.0111,0.0301,65.0,-0.0373,0.2286,267.0,-0.0018,0.1963,2206.0,0.0308,-0.0367,687091.0,0.0366,0.0503,155,-0.0222,0.6793,0.7207,-0.0156,-0.5918,0.0
202208,53029,"island, wa",756988.0,0.083,0.259,229,-0.0087,0.877,37.0,0.2333,0.2333,132,-0.2979,-0.1538,0,,-1.0,0.0,0.0,-0.0219,114.0,-0.1094,1.375,0.2174,-0.0038,0.1105,162.0,0.0728,-0.0386,366.0,0.0301,0.1454,1963.0,0.0244,0.0005,927310.0,0.0657,0.0715,390,0.0196,0.3294,0.7074,0.0537,-0.6737,0.0
202208,53013,"columbia, wa",354500.0,-0.0406,0.4929,14,0.1667,6.0,68.0,0.3204,1.0923,4,,1.0,0,,,0.0,0.0,0.0,6.0,0.5,,0.2407,0.0302,0.2407,7.0,0.0,3.6667,173.0,-0.0993,-0.3439,1708.0,0.0397,0.3973,366547.0,-0.035,0.022,21,0.1053,5.0,0.5,-0.0833,-0.25,1.0
202208,53033,"king, wa",899475.0,-0.0006,0.2001,3739,-0.0091,0.7564,33.0,0.1379,0.2,2384,-0.2021,-0.1841,30,-0.0625,-0.6053,0.0035,-0.0001,-0.005,1598.0,-0.1607,1.3092,0.186,-0.0161,0.107,2490.0,0.0553,-0.345,523.0,-0.0068,0.1115,1993.0,-0.0134,0.1934,1336784.0,-0.0039,0.2426,6219,0.0224,0.0504,0.6659,0.0407,-1.1199,1.0
202208,53075,"whitman, wa",407475.0,0.0329,0.2096,83,0.0185,0.7188,44.0,0.1579,0.1139,34,-0.3462,-0.1905,0,,-1.0,0.0,0.0,-0.0124,40.0,0.4286,1.5,0.255,0.0986,0.1523,34.0,-0.3061,-0.4848,203.0,0.0378,0.2942,2206.0,0.0185,0.0272,474992.0,0.0005,0.2471,117,-0.1107,0.0219,0.4121,-0.1928,-0.9629,0.0
202208,53039,"klickitat, wa",697000.0,0.0,0.183,90,0.0465,1.0225,49.0,0.1279,0.0104,40,0.1111,0.4286,4,0.0,0.0,0.0246,-0.0028,-0.017,32.0,-0.4286,0.7778,0.1982,-0.1854,0.034,31.0,0.3261,-0.0317,314.0,-0.0264,-0.0591,2013.0,0.0419,0.1441,713750.0,0.0325,-0.0387,121,0.1262,0.596,0.3389,0.0714,-0.369,0.0
202208,53047,"okanogan, wa",498500.0,-0.092,0.16,129,0.0708,0.5482,58.0,0.3068,0.1386,42,0.05,0.6154,0,,-1.0,0.0,0.0,-0.0125,30.0,0.0714,0.3636,0.1402,0.0118,0.0159,50.0,-0.161,0.0206,291.0,-0.0629,0.2023,1626.0,-0.0272,-0.062,643416.0,0.0051,0.0281,179,-0.0083,0.3523,0.3852,-0.1065,-0.1991,0.0
202208,53019,"ferry, wa",281000.0,-0.0787,-0.2817,29,0.0357,0.0741,71.0,0.3873,0.072,4,-0.6667,-0.7143,0,,,0.0,0.0,0.0,4.0,-0.75,0.0,0.1,-0.1807,0.0204,8.0,-0.3333,-0.1579,211.0,-0.0897,-0.0417,1540.0,-0.0253,-0.3228,338920.0,-0.09,-0.3873,36,-0.122,-0.0137,0.2759,-0.1527,-0.076,1.0
202208,53031,"jefferson, wa",713473.0,0.0207,0.137,111,0.2472,0.8347,34.0,-0.0625,0.015,84,0.1053,0.5,4,,,0.0189,0.0189,0.0189,54.0,0.6875,1.4545,0.2325,0.0709,0.1237,63.0,-0.1319,-0.3455,348.0,0.0236,0.1321,1976.0,0.04,-0.0176,762331.0,0.0483,0.033,175,0.0839,0.1222,0.5631,-0.2459,-1.0154,1.0
202208,53077,"yakima, wa",414475.0,-0.036,0.1843,313,0.1139,0.4227,39.0,0.2109,0.6667,234,0.1471,-0.1203,6,0.5,-0.7,0.0078,0.0022,-0.018,134.0,0.0806,0.675,0.1638,0.0027,0.0667,255.0,-0.0468,-0.2323,216.0,-0.0425,0.0613,2014.0,0.0001,0.1466,472701.0,-0.0312,0.144,566,0.0501,0.031,0.8131,-0.1371,-0.6937,0.0
202207,53069,"wahkiakum, wa",499000.0,0.0223,0.0889,25,0.1111,0.3158,48.0,0.641,0.2973,4,-0.7143,-0.5,0,,,0.0,0.0,0.0,12.0,1.0,2.0,0.2857,0.1192,0.1832,6.0,0.3333,-0.6667,255.0,-0.0498,0.0346,2017.0,0.0947,0.1131,535150.0,-0.0131,0.1195,31,0.1481,-0.1143,0.24,0.04,-0.7074,0.0
202207,53013,"columbia, wa",369500.0,-0.0693,-0.4562,12,-0.0769,11.0,52.0,0.8727,3.2917,0,-1.0,-1.0,0,,,0.0,0.0,0.0,4.0,0.0,,0.2105,0.0677,0.2105,7.0,0.2727,1.3333,193.0,-0.1614,-0.3177,1643.0,-0.1051,-0.3177,379831.0,-0.2161,-0.441,19,0.0857,3.75,0.5833,0.1603,-2.4167,1.0
202207,53053,"pierce, wa",599990.0,-0.0361,0.1111,1706,0.3481,1.0213,28.0,0.2444,0.2174,1432,-0.0971,0.0113,24,-0.2,-0.5,0.0057,-0.0012,-0.0056,1228.0,0.3891,3.7231,0.2735,0.0745,0.2124,1344.0,-0.1259,-0.3178,306.0,-0.0131,0.0933,2096.0,-0.0038,0.0765,706825.0,-0.0321,0.0885,3050,0.0885,0.0751,0.7878,-0.4271,-1.5463,1.0
202207,53005,"benton, wa",547000.0,-0.0352,0.1278,419,0.3135,1.1269,31.0,0.0333,0.3478,344,0.0238,0.0488,20,-0.2308,0.25,0.0187,-0.0109,-0.001,188.0,0.3623,3.2727,0.1973,0.0538,0.143,236.0,-0.1339,-0.148,250.0,-0.0166,0.1297,2231.0,-0.0039,0.0365,572133.0,-0.0135,0.0832,655,0.1074,0.3819,0.5632,-0.291,-0.8428,0.0
202207,53007,"chelan, wa",719000.0,0.0155,0.0877,228,0.1906,0.52,38.0,0.3571,0.0,156,0.0263,0.3,0,,,0.0,0.0,0.0,108.0,0.3171,2.375,0.2134,0.0312,0.1144,104.0,-0.1034,0.2683,358.0,-0.0046,0.0723,2015.0,0.0042,-0.0098,919441.0,-0.0132,0.0284,334,0.0951,0.4459,0.4561,-0.1496,-0.0905,0.0
202207,53037,"kittitas, wa",749000.0,-0.0838,0.2483,153,0.1418,0.4037,40.0,0.9048,0.6327,92,-0.098,-0.0417,0,,-1.0,0.0,0.0,-0.0118,68.0,0.36,1.125,0.2208,0.0676,0.1363,86.0,-0.0995,-0.3065,382.0,-0.0456,0.2364,2009.0,-0.0221,-0.0334,1155650.0,-0.0541,0.0591,237,0.0327,0.0085,0.5621,-0.1506,-0.5755,0.0
202207,53063,"spokane, wa",499900.0,-0.031,0.1492,1087,0.3329,1.028,26.0,0.2093,0.1064,980,-0.0485,0.0793,28,0.0769,-0.6667,0.0086,0.0002,-0.0211,736.0,0.5397,3.0889,0.2293,0.0679,0.1664,1026.0,-0.0827,-0.2522,228.0,-0.0104,0.1455,2212.0,-0.0124,0.0002,605501.0,-0.0478,0.0875,2106,0.0915,0.1044,0.9439,-0.4277,-1.6158,1.0
202207,53027,"grays harbor, wa",405000.0,-0.0169,0.1571,345,0.3168,0.8548,37.0,0.1563,0.1746,176,-0.0222,0.1,0,-1.0,-1.0,0.0,-0.0106,-0.0076,164.0,0.3016,1.2778,0.2508,0.0485,0.117,139.0,-0.0885,-0.3682,281.0,-0.036,0.1473,1471.0,0.0253,-0.0479,449331.0,-0.0095,0.0851,489,0.1797,0.1869,0.4029,-0.1792,-0.7799,0.0
202207,53025,"grant, wa",390000.0,0.0223,0.1677,156,0.1103,0.2787,42.0,0.4237,0.3548,108,-0.1148,0.0385,0,-1.0,-1.0,0.0,-0.0046,-0.0193,76.0,0.2258,1.375,0.1709,0.0337,0.0938,184.0,-0.016,-0.08,230.0,-0.0123,0.1212,1680.0,-0.0161,-0.0281,479580.0,0.0179,0.0918,340,0.0429,0.0559,1.1795,-0.1515,-0.4599,0.0
202207,53043,"lincoln, wa",376768.0,-0.051,0.0921,42,0.012,0.6154,40.0,0.3793,0.3793,8,-0.7143,-0.5,0,,,0.0,0.0,0.0,24.0,1.0,2.0,0.3636,0.2368,0.2424,19.0,-0.2083,-0.3448,204.0,-0.0389,0.2539,2129.0,0.0106,-0.004,534482.0,-0.022,0.1218,62,-0.0388,0.1481,0.4524,-0.1259,-0.663,0.0
202207,53039,"klickitat, wa",697000.0,0.0109,0.0657,86,0.5088,1.3243,43.0,0.1781,0.1944,36,-0.0526,1.25,4,-0.6,0.0,0.0274,-0.0515,-0.0197,56.0,0.4737,2.5,0.3836,0.0936,0.1836,23.0,-0.3521,-0.1481,322.0,-0.0158,-0.1332,1932.0,0.0052,0.1548,691267.0,0.0112,-0.0805,107,0.1694,0.6462,0.2674,-0.3554,-0.4623,1.0
202207,53077,"yakima, wa",429950.0,0.0116,0.2111,281,0.3039,0.3911,32.0,0.2075,0.4545,204,-0.1053,-0.1639,4,0.0,-0.8,0.0056,-0.0005,-0.0231,124.0,0.3778,0.7222,0.161,0.0406,0.0588,267.0,0.2109,-0.1217,225.0,-0.0002,0.1169,2014.0,-0.0209,0.1434,487904.0,-0.0236,0.1779,539,0.2477,0.0673,0.9502,-0.073,-0.5548,0.0
202207,53003,"asotin, wa",407400.0,-0.0526,0.381,59,0.4048,1.1071,30.0,-0.1111,-0.3023,36,0.0588,0.5,0,,,0.0,0.0,0.0,20.0,0.25,0.6667,0.1282,-0.0098,0.0106,38.0,0.0857,-0.1739,209.0,-0.038,0.337,2060.0,-0.063,0.0158,588143.0,-0.1365,0.0897,97,0.2597,0.2436,0.6441,-0.1893,-0.9988,0.0
202207,53029,"island, wa",699000.0,-0.0196,0.1184,231,0.3238,1.0811,30.0,0.3187,0.0,188,-0.0505,0.119,0,-1.0,-1.0,0.0,-0.007,-0.0085,128.0,0.4884,2.5556,0.2212,0.0585,0.1444,151.0,-0.0621,-0.1703,355.0,0.0046,0.1213,1916.0,0.0116,-0.0608,870180.0,0.0202,-0.0154,382,0.1186,0.3038,0.6537,-0.269,-0.986,0.0
202207,53045,"mason, wa",499000.0,-0.0165,0.1551,177,0.2826,1.1585,29.0,0.2609,0.2609,124,-0.2346,-0.1143,0,-1.0,,0.0,-0.0045,0.0,104.0,0.4857,2.25,0.2414,0.0692,0.1502,108.0,0.0435,-0.2848,300.0,-0.0086,0.1281,1752.0,-0.0234,0.0186,637957.0,-0.0414,0.1818,287,0.1909,0.2478,0.6102,-0.1398,-1.2313,1.0
202207,53075,"whitman, wa",394500.0,-0.0099,0.1435,81,0.08,0.5283,38.0,0.505,0.4074,52,-0.2353,-0.0714,0,-1.0,-1.0,0.0,-0.01,-0.0213,28.0,-0.2222,0.75,0.1564,-0.0334,0.065,49.0,-0.0577,-0.3,196.0,-0.0101,0.2334,2166.0,-0.0153,-0.0977,474766.0,-0.0519,0.2177,131,0.0565,0.0738,0.6049,-0.0884,-0.7158,0.0
202207,53009,"clallam, wa",599000.0,-0.0408,0.2017,194,0.3153,0.5772,31.0,0.0333,0.2917,112,-0.2,-0.3333,0,-1.0,,0.0,-0.0105,0.0,76.0,-0.1739,1.1111,0.206,-0.0136,0.1275,97.0,-0.1674,-0.4294,308.0,-0.0146,0.1131,1993.0,-0.0218,0.0579,723087.0,-0.053,0.1674,293,0.1057,-0.0068,0.5,-0.2898,-0.8821,0.0
202207,53023,"garfield, wa",244475.0,-0.4073,0.2537,4,0.3333,1.0,15.0,-0.3023,-0.1429,4,,,0,,,0.0,0.0,0.0,0.0,-1.0,,0.0,-0.1818,0.0,3.0,0.0,-0.5,161.0,0.0,0.9221,1669.0,0.0239,-0.3848,280142.0,-0.3459,0.3699,7,0.0769,-0.125,0.75,-0.25,-2.25,1.0
202207,53065,"stevens, wa",479000.0,-0.1166,-0.0224,182,0.3633,0.82,36.0,0.2203,0.1613,68,-0.3333,-0.2273,0,-1.0,,0.0,-0.0124,0.0,80.0,0.4286,0.8182,0.2515,0.0831,0.1063,80.0,-0.0303,-0.2661,263.0,-0.0504,0.1321,2000.0,-0.0112,-0.1379,624283.0,-0.1044,-0.073,260,0.1982,0.244,0.4396,-0.1784,-0.6504,0.0
202207,53031,"jefferson, wa",699000.0,0.0101,0.0762,89,0.2448,0.3692,36.0,0.2743,0.3585,76,0.4615,0.1176,0,,,0.0,0.0,0.0,32.0,-0.0588,1.6667,0.1616,-0.0144,0.1045,72.0,0.0667,-0.0649,340.0,-0.0172,0.0511,1900.0,0.0102,-0.0423,727175.0,-0.0071,-0.0659,161,0.1625,0.1338,0.809,-0.1351,-0.3756,0.0
202207,53035,"kitsap, wa",600000.0,-0.0561,0.087,537,0.384,0.7607,28.0,0.2444,0.2174,432,-0.1462,-0.1148,8,-0.3333,-0.5,0.0054,-0.0034,-0.0053,312.0,0.1908,2.12,0.2121,0.029,0.1424,454.0,-0.063,-0.3274,314.0,0.0075,0.1151,2080.0,-0.0095,0.0944,796254.0,-0.0209,0.1006,986,0.1301,0.0041,0.8454,-0.4033,-1.3677,1.0
202207,53021,"franklin, wa",455000.0,0.005,0.1818,109,0.2674,1.5952,31.0,0.4253,0.4091,92,0.0222,0.4375,0,-1.0,-1.0,0.0,-0.0392,-0.0205,64.0,0.1852,15.0,0.2678,0.0435,0.2478,46.0,0.0698,-0.5054,243.0,-0.0016,0.1588,2054.0,-0.0108,0.0188,539299.0,0.0083,0.158,164,0.3016,0.1799,0.422,-0.078,-1.7923,1.0
202207,53015,"cowlitz, wa",475000.0,0.0171,0.2211,246,0.2615,0.9219,36.0,0.4694,0.3585,180,-0.1089,0.2162,56,0.4,-0.125,0.0879,0.021,-0.027,172.0,0.1781,1.6875,0.2992,0.0537,0.1696,194.0,-0.0651,-0.1883,259.0,-0.029,0.1018,1812.0,0.0049,0.0017,549127.0,-0.0559,0.141,431,0.0802,0.1712,0.7886,-0.2755,-1.0786,1.0
202207,53057,"skagit, wa",599900.0,-0.0324,0.0065,260,0.256,0.831,31.0,0.1171,0.1071,204,0.0303,0.275,0,-1.0,,0.0,-0.0066,0.0,132.0,0.2,2.6667,0.2143,0.0337,0.1427,173.0,-0.0749,-0.2136,329.0,-0.0125,0.0517,1918.0,0.0014,-0.0486,779916.0,-0.0619,-0.0627,438,0.1145,0.2201,0.6654,-0.238,-0.8839,0.0
202207,53001,"adams, wa",310000.0,0.0403,0.0717,35,0.1864,0.75,44.0,-0.0222,0.9556,16,-0.2,-0.2,0,,,0.0,0.0,0.0,16.0,0.0,3.0,0.1839,-0.0274,0.1214,24.0,-0.3514,-0.3514,158.0,-0.0167,-0.1185,1964.0,-0.0006,0.2387,365861.0,0.0369,0.1004,60,-0.0769,0.0345,0.6857,-0.5685,-1.1643,1.0
202207,53051,"pend oreille, wa",585000.0,-0.0045,0.2062,68,0.4167,0.7,35.0,0.4839,0.15,24,-0.3684,-0.4,0,,,0.0,0.0,0.0,20.0,-0.0909,0.6667,0.1961,-0.0103,0.0985,27.0,-0.1148,-0.413,283.0,-0.0281,0.1947,2149.0,0.0156,-0.1016,704024.0,-0.0291,-0.3574,95,0.2102,0.1728,0.3971,-0.2384,-0.7529,0.0
202207,53071,"walla walla, wa",525000.0,-0.1056,0.1551,91,0.1447,1.6765,31.0,0.0517,-0.0161,64,-0.1111,0.6,4,,,0.0191,0.0191,0.0191,40.0,0.1111,4.0,0.1914,0.0298,0.1377,67.0,-0.0429,0.1754,267.0,-0.0036,0.2434,2140.0,-0.046,-0.0708,662815.0,-0.0324,0.0403,158,0.0712,0.6989,0.7363,-0.1442,-0.9402,0.0
202207,53011,"clark, wa",599900.0,-0.0141,0.1043,1167,0.2475,0.7444,31.0,0.3191,-0.0606,820,-0.1529,-0.1833,360,-0.1549,-0.5161,0.1178,-0.0207,-0.1049,928.0,0.2575,2.0526,0.3037,0.0638,0.2147,1042.0,-0.1247,-0.41,298.0,-0.009,0.0998,2088.0,0.006,0.0213,745039.0,-0.0252,0.0676,2211,0.041,-0.0894,0.8929,-0.3797,-1.7469,1.0
202207,53019,"ferry, wa",305000.0,-0.008,-0.2218,28,0.0566,0.12,51.0,0.2289,-0.1207,12,1.0,0.5,0,,,0.0,0.0,0.0,16.0,0.6,3.0,0.2807,0.0721,0.1807,12.0,-0.1724,0.0909,232.0,0.0101,0.2282,1580.0,-0.0496,-0.3001,372447.0,-0.0358,-0.3117,41,0.0,0.1389,0.4286,-0.1186,-0.0114,1.0
202207,53055,"san juan, wa",1350000.0,0.0822,0.08,116,0.2889,0.45,52.0,0.1839,0.2262,48,0.2,0.0,0,,,0.0,0.0,0.0,40.0,1.0,1.0,0.2256,0.1048,0.1139,24.0,-0.2381,-0.5294,608.0,-0.0133,-0.0381,2146.0,0.073,0.0621,2333160.0,0.0641,0.1146,138,0.1265,0.0534,0.2069,-0.1431,-0.4306,0.0
202207,53041,"lewis, wa",525000.0,0.0527,0.2353,245,0.2661,1.0588,36.0,0.4118,0.3846,136,0.0149,0.0625,8,1.0,,0.0156,0.0076,0.0156,168.0,0.2,2.2308,0.2969,-0.0057,0.1731,115.0,0.0502,-0.1844,286.0,0.0086,0.1475,1850.0,0.0497,0.0509,583845.0,-0.0554,0.111,364,0.2013,0.4,0.4694,-0.0965,-0.7155,0.0
202207,53059,"skamania, wa",715000.0,0.0764,0.144,31,0.1071,0.8235,39.0,0.3509,1.4063,12,-0.1429,-0.4,4,-0.3333,0.0,0.0714,-0.0243,-0.0238,12.0,-0.4,2.0,0.1935,-0.169,0.129,17.0,0.0625,-0.1905,346.0,-0.0084,0.1946,2238.0,0.0835,0.223,858927.0,0.0684,0.2716,48,0.0909,0.2632,0.5484,-0.023,-0.6869,1.0
202207,53033,"king, wa",900000.0,-0.04,0.1855,3773,0.2469,0.7252,29.0,0.3182,0.0741,2988,-0.176,-0.0639,32,-0.2,-0.5789,0.0036,-0.0007,-0.0048,1904.0,0.2988,2.2603,0.2021,0.043,0.1394,2359.0,-0.1485,-0.3772,526.0,-0.0309,0.0822,2020.0,-0.0039,0.1967,1342033.0,-0.0317,0.2136,6083,0.0517,0.0338,0.6252,-0.2903,-1.1068,1.0
202207,53061,"snohomish, wa",799000.0,-0.0226,0.1837,1475,0.2656,1.3752,26.0,0.3,0.1818,1328,-0.0621,0.0607,20,-0.4737,-0.4444,0.0056,-0.0046,-0.0048,1056.0,0.2632,6.5429,0.2532,0.0357,0.2117,1094.0,-0.0974,-0.3243,400.0,-0.0277,0.1559,2040.0,-0.0034,0.0205,890301.0,-0.0392,0.1369,2564,0.0746,0.1431,0.7417,-0.2982,-1.8654,1.0
202207,53017,"douglas, wa",569900.0,-0.095,0.2693,91,0.2817,1.1667,33.0,0.2222,0.8857,52,-0.1875,-0.2353,0,,,0.0,0.0,0.0,40.0,-0.0476,4.0,0.2174,-0.0241,0.1594,46.0,-0.0417,-0.0417,304.0,-0.0255,0.2102,2000.0,-0.0357,0.0582,688870.0,-0.1385,0.0832,139,0.1681,0.5795,0.5055,-0.1706,-0.6374,0.0
202207,53049,"pacific, wa",427500.0,0.0556,0.0427,120,0.2435,0.875,43.0,0.2836,0.5926,44,-0.4211,-0.3529,4,1.0,0.0,0.0165,0.0077,-0.0089,60.0,0.3043,1.5,0.2581,0.0541,0.135,52.0,-0.1261,-0.1746,280.0,-0.0152,0.0408,1521.0,0.0411,-0.0517,503064.0,0.0401,0.019,171,0.0927,0.4132,0.4333,-0.1832,-0.551,0.0
202207,53073,"whatcom, wa",647000.0,-0.0406,0.1165,585,0.3732,1.1828,27.0,0.1739,-0.1818,404,-0.1404,0.2469,4,1.0,0.0,0.0034,0.0018,-0.0007,256.0,0.3333,2.5556,0.1997,0.0387,0.1264,321.0,0.0239,-0.2074,361.0,-0.0343,0.0857,1830.0,-0.0123,-0.0014,797970.0,-0.0412,-0.0094,906,0.2137,0.3402,0.5487,-0.1872,-0.9625,0.0
202207,53047,"okanogan, wa",549000.0,-0.0139,0.0775,120,0.0619,0.6667,44.0,0.375,-0.0435,40,-0.375,0.0,0,,,0.0,0.0,0.0,28.0,-0.125,1.3333,0.1284,-0.0019,0.0625,59.0,-0.1449,-0.0484,311.0,-0.0233,0.1066,1671.0,-0.0549,-0.0826,640161.0,-0.0488,-0.1506,180,-0.011,0.3433,0.4917,-0.119,-0.3694,0.0
202207,53067,"thurston, wa",549000.0,0.0005,0.1681,525,0.3393,1.027,26.0,0.5294,0.0612,444,-0.2238,-0.2128,4,0.0,-0.5,0.0029,0.0,-0.0044,364.0,0.4918,2.3704,0.2606,0.0913,0.1891,432.0,-0.1211,-0.2848,285.0,-0.0057,0.1157,2020.0,-0.0062,0.0285,648460.0,-0.0236,0.1164,954,0.0798,0.1277,0.8229,-0.431,-1.5092,1.0
202206,53041,"lewis, wa",498700.0,-0.0752,0.2523,194,0.5542,0.8169,26.0,0.275,0.0408,134,-0.1625,0.1552,4,-0.3333,-0.3333,0.008,-0.0053,-0.0065,140.0,1.5,1.6923,0.3026,0.1621,0.1701,110.0,-0.095,-0.3634,284.0,0.0111,0.1444,1762.0,-0.0151,0.0716,618109.0,-0.054,0.2059,303,0.2625,0.0978,0.5659,-0.406,-1.0491,1.0
202206,53025,"grant, wa",381500.0,-0.0019,0.1867,141,0.3641,0.3842,30.0,0.0,0.0926,122,0.0339,-0.0317,2,,0.0,0.0046,0.0046,0.0005,62.0,0.55,1.5833,0.1373,0.0406,0.09,187.0,0.0506,-0.1262,233.0,0.0255,0.1262,1707.0,-0.0312,0.031,471163.0,-0.0184,0.0923,326,0.1769,0.0432,1.331,-0.3972,-0.7774,0.0
202206,53013,"columbia, wa",397000.0,-0.0988,,13,0.3684,,28.0,-0.0351,,6,-0.4,,0,,,0.0,0.0,,4.0,1.0,,0.1429,0.0559,,6.0,0.5714,,230.0,-0.0315,,1836.0,-0.1549,,484571.0,-0.0585,,18,0.2963,,0.4231,0.0547,,0.0
202206,53007,"chelan, wa",707999.0,0.0,0.1054,192,0.2599,0.5138,28.0,0.1429,0.3333,152,-0.1059,-0.013,0,,,0.0,0.0,0.0,82.0,0.7826,1.7333,0.1823,0.0669,0.1093,116.0,0.1717,0.2609,360.0,0.0033,0.0762,2007.0,-0.0606,-0.0117,931747.0,-0.0263,0.1071,305,0.2249,0.3895,0.6057,-0.0456,-0.1215,0.0
202206,53039,"klickitat, wa",689500.0,0.1014,0.3769,57,0.4074,0.8387,37.0,0.6404,0.4314,38,0.0556,0.2667,10,1.5,0.0,0.0789,0.0461,-0.0288,38.0,0.7273,1.7143,0.29,0.1096,0.135,36.0,-0.0779,0.1452,327.0,-0.0144,0.0237,1922.0,0.0856,0.185,683589.0,0.0233,-0.0631,92,0.1731,0.5124,0.6228,-0.3278,-0.3772,0.0
202206,53021,"franklin, wa",452725.0,-0.0509,0.2057,86,0.4454,1.15,22.0,0.3182,-0.0543,90,-0.0816,-0.0625,8,,0.0,0.0392,0.0392,0.0066,54.0,1.4545,1.4545,0.2243,0.1257,0.1389,43.0,-0.2456,-0.6073,243.0,-0.0194,0.1895,2077.0,0.029,0.034,534868.0,-0.0042,0.2687,126,0.0633,-0.1544,0.5,-0.458,-2.2375,1.0
202206,53049,"pacific, wa",405000.0,0.0087,0.1574,97,0.3986,0.9109,34.0,-0.0694,0.5227,76,0.3103,0.2258,2,,-0.6667,0.0088,0.0088,-0.0253,46.0,0.6429,4.75,0.204,0.0415,0.1565,60.0,0.1333,-0.1905,285.0,0.0566,0.1819,1461.0,-0.0426,0.0146,483675.0,0.0126,0.0374,157,0.2776,0.252,0.6166,-0.1443,-0.8389,0.0
202206,53061,"snohomish, wa",817495.0,-0.0382,0.2138,1166,0.4144,1.0412,20.0,0.3333,0.25,1416,0.0028,0.0114,38,-0.1364,-0.3448,0.0102,-0.003,-0.0027,836.0,0.9,6.6,0.2175,0.1028,0.1889,1212.0,-0.0776,-0.325,411.0,-0.0097,0.2031,2047.0,-0.0207,0.0431,926653.0,-0.0318,0.2055,2386,0.1247,0.016,1.0399,-0.5548,-2.1046,1.0
202206,53071,"walla walla, wa",587000.0,0.0366,0.3228,80,0.2823,2.6136,29.0,0.0087,0.1048,72,-0.1429,1.25,0,,,0.0,0.0,0.0,36.0,0.8,17.0,0.1616,0.0718,0.1425,70.0,-0.1515,0.8667,268.0,-0.0243,0.2695,2243.0,0.0394,-0.0951,685001.0,-0.0367,0.0853,148,0.0387,1.479,0.8805,-0.4501,-0.824,1.0
202206,53057,"skagit, wa",620000.0,0.0,0.1246,207,0.2545,0.6429,28.0,0.3059,-0.075,198,-0.0198,0.125,4,-0.5,,0.0066,-0.0073,0.0066,110.0,0.375,3.5833,0.1806,0.0422,0.1431,187.0,-0.0435,-0.1633,333.0,-0.0078,0.0497,1915.0,0.0339,0.0177,831416.0,-0.0159,0.0663,393,0.1055,0.1245,0.9034,-0.2815,-0.8704,0.0
202206,53059,"skamania, wa",664250.0,-0.0203,0.1164,28,0.2174,1.4348,29.0,0.0364,0.1068,14,-0.3,0.0,6,0.0,0.0,0.0957,-0.0077,-0.0114,20.0,0.25,1.5,0.3626,0.0769,0.1681,16.0,0.1034,-0.3333,348.0,0.0359,0.2281,2066.0,0.0395,-0.0285,803950.0,0.0536,0.1892,44,0.1429,0.2941,0.5714,-0.059,-1.5155,1.0
202206,53009,"clallam, wa",624500.0,0.0221,0.2156,148,0.209,0.4532,30.0,0.0169,0.6,140,0.0769,-0.1463,4,,,0.0105,0.0105,0.0105,92.0,0.4839,3.1818,0.2195,0.0509,0.1629,117.0,0.1888,-0.2532,312.0,0.0019,0.1485,2038.0,0.0073,0.0631,763570.0,0.0147,0.2378,265,0.1991,0.0372,0.7898,-0.0134,-0.7471,0.0
202206,53053,"pierce, wa",622481.0,-0.0118,0.1801,1266,0.3491,0.6998,23.0,0.4516,0.25,1586,-0.0582,0.0745,30,-0.2857,-0.5,0.007,-0.0034,-0.0048,884.0,0.747,2.4803,0.1991,0.0829,0.1434,1538.0,-0.0154,-0.2819,310.0,0.0063,0.1253,2104.0,0.0014,0.0645,730285.0,0.0119,0.1138,2802,0.1239,-0.0242,1.2149,-0.4498,-1.6608,1.0
202206,53035,"kitsap, wa",635675.0,-0.0067,0.1632,388,0.4317,0.5614,23.0,0.1538,0.0,506,0.2105,0.1,12,0.0,1.0,0.0088,-0.0003,0.0049,262.0,1.0469,2.1951,0.1831,0.0808,0.1289,485.0,-0.0202,-0.2758,311.0,-0.0152,0.1105,2100.0,0.0302,0.0479,813225.0,-0.0036,0.1075,873,0.139,-0.0537,1.2487,-0.576,-1.4434,1.0
202206,53029,"island, wa",713000.0,0.0371,0.1408,175,0.3904,0.7538,23.0,0.3582,0.1519,198,0.0532,0.1786,4,,0.0,0.007,0.007,-0.0002,86.0,0.4828,1.8667,0.1627,0.0403,0.1001,161.0,0.1103,-0.2388,353.0,-0.0181,0.0861,1894.0,0.0923,-0.0173,852964.0,0.0504,-0.0763,342,0.2625,0.0981,0.9226,-0.2327,-1.203,1.0
202206,53051,"pend oreille, wa",587650.0,-0.113,0.3827,48,0.5238,1.0,23.0,-0.1058,-0.2439,38,-0.05,0.0556,0,,,0.0,0.0,0.0,22.0,2.6667,2.6667,0.2064,0.1415,0.154,31.0,0.0,-0.4352,291.0,-0.0259,0.1698,2116.0,-0.018,-0.057,725093.0,-0.1046,0.081,79,0.2661,0.0064,0.6354,-0.3328,-1.6146,1.0
202206,53077,"yakima, wa",425000.0,-0.0116,0.2879,216,0.1195,0.2314,27.0,0.06,0.1277,228,0.1068,-0.088,4,-0.3333,-0.75,0.0061,-0.004,-0.0151,90.0,0.1842,1.8125,0.1204,-0.0031,0.0746,221.0,0.0678,-0.2747,225.0,-0.003,0.1923,2057.0,0.0413,0.177,499719.0,0.0342,0.2944,432,0.0814,-0.1084,1.0232,-0.0495,-0.7139,0.0
202206,53055,"san juan, wa",1247500.0,0.0267,0.0091,90,0.1765,0.25,44.0,0.2083,0.1373,40,-0.2593,-0.1304,0,,,0.0,0.0,0.0,20.0,0.25,1.5,0.1208,0.0204,0.079,32.0,0.0328,-0.4878,617.0,0.0376,0.0184,2000.0,-0.0025,-0.0696,2192601.0,0.1081,0.0638,123,0.1611,-0.0684,0.35,-0.0487,-0.5042,0.0
202206,53001,"adams, wa",298000.0,-0.0325,0.0739,30,0.1132,0.6389,45.0,0.374,0.8,20,0.1111,-0.1667,0,-1.0,,0.0,-0.0468,0.0,16.0,0.1429,3.0,0.2113,0.0304,0.168,37.0,-0.0133,0.2131,161.0,-0.0251,-0.1644,1965.0,-0.0283,0.2657,352852.0,-0.0238,0.1552,65,0.0156,0.3542,1.2542,-0.1609,-0.4402,0.0
202206,53037,"kittitas, wa",817500.0,0.0803,0.5174,134,0.7179,0.5402,21.0,0.3333,-0.0118,102,-0.2273,-0.0377,0,,-1.0,0.0,0.0,-0.004,50.0,0.6667,2.125,0.1532,0.0462,0.1087,96.0,0.0495,-0.2075,400.0,0.0361,0.2367,2055.0,-0.028,0.1357,1221690.0,-0.0855,0.0555,230,0.3421,0.106,0.7127,-0.454,-0.6724,1.0
202206,53073,"whatcom, wa",674375.0,-0.0325,0.2402,426,0.4247,0.4614,23.0,0.0455,-0.1858,470,0.2434,0.0352,2,-0.6667,0.0,0.0016,-0.0041,-0.0008,192.0,1.4,2.4286,0.161,0.0847,0.1152,314.0,-0.086,-0.3344,374.0,0.0042,0.2208,1852.0,-0.0267,0.0348,832217.0,-0.0468,0.1215,747,0.1637,-0.0267,0.7359,-0.4112,-0.8799,0.0
202206,53067,"thurston, wa",548700.0,-0.0016,0.1443,392,0.4177,0.6367,17.0,0.0625,0.1333,572,0.1532,0.04,4,-0.5,0.0,0.0028,-0.0039,-0.0001,244.0,1.0678,2.2105,0.1693,0.0794,0.12,492.0,0.024,-0.2254,287.0,-0.0028,0.0961,2033.0,0.0272,0.0422,664153.0,0.0056,0.123,884,0.1725,-0.0039,1.2538,-0.4822,-1.3954,1.0
202206,53031,"jefferson, wa",692000.0,-0.0696,0.1895,72,0.3119,0.3491,28.0,0.6377,-0.0887,52,-0.2778,-0.1034,0,-1.0,,0.0,-0.0191,0.0,34.0,1.125,1.8333,0.176,0.0926,0.1166,68.0,0.08,-0.1718,346.0,-0.0274,0.0647,1881.0,-0.0522,-0.0116,732401.0,-0.0459,-0.0621,139,0.1838,0.0259,0.9441,-0.2027,-0.5937,0.0
202206,53047,"okanogan, wa",556750.0,0.0036,-0.0705,113,0.2418,0.6496,32.0,0.3196,-0.3043,64,-0.2381,0.6,0,,-1.0,0.0,0.0,-0.0099,32.0,0.7778,1.2857,0.1304,0.0588,0.0576,69.0,0.0952,-0.1977,318.0,0.0557,0.0045,1768.0,-0.0099,0.084,673003.0,-0.0723,-0.1212,182,0.1818,0.1818,0.6106,-0.0817,-0.6449,0.0
202206,53063,"spokane, wa",515900.0,0.0148,0.2328,816,0.3413,0.8683,22.0,0.2286,0.1944,1030,-0.0374,0.0446,26,-0.48,-0.6389,0.0084,-0.0115,-0.017,478.0,0.797,2.1039,0.1615,0.0723,0.1072,1119.0,-0.0093,-0.2132,231.0,-0.0078,0.1816,2239.0,0.0001,0.0088,635920.0,0.0068,0.1481,1930,0.1108,0.039,1.3716,-0.4854,-1.885,1.0
202206,53023,"garfield, wa",412475.0,0.6836,0.6188,3,1.0,0.5,22.0,0.8696,-0.3485,0,-1.0,,0,,,0.0,0.0,0.0,2.0,,-0.5,0.1818,0.1818,-0.3182,3.0,0.0,-0.4545,161.0,0.0601,0.3388,1630.0,0.0087,-0.2574,428279.0,0.7481,0.6757,7,0.3,-0.1875,1.0,-1.0,-1.75,1.0
202206,53043,"lincoln, wa",397000.0,-0.0155,-0.0766,42,0.4561,1.4412,29.0,-0.1594,-0.3696,28,0.5556,0.75,0,,,0.0,0.0,0.0,12.0,0.0,5.0,0.1268,-0.0416,0.1008,24.0,0.0667,-0.2727,212.0,0.025,0.1276,2106.0,-0.0715,-0.076,546527.0,-0.0259,0.0609,65,0.29,0.2772,0.5783,-0.2112,-1.3629,1.0
202206,53075,"whitman, wa",398450.0,-0.0014,0.1417,75,0.1811,0.4423,25.0,0.0978,0.0745,68,0.1724,0.0625,2,,-0.75,0.01,0.01,-0.0319,36.0,0.6364,1.25,0.1899,0.0578,0.094,52.0,0.284,-0.2239,198.0,-0.0513,0.3643,2199.0,0.029,-0.0873,500735.0,-0.069,0.2791,124,0.1754,0.0164,0.6933,0.0555,-0.5951,0.0
202206,53003,"asotin, wa",430000.0,0.0035,0.2474,42,0.2727,0.68,34.0,-0.069,-0.1964,34,0.3077,0.4167,0,,,0.0,0.0,0.0,16.0,0.3333,0.1429,0.138,0.0168,-0.0136,35.0,0.0294,-0.3519,217.0,0.0692,0.2503,2199.0,-0.0637,0.1118,681134.0,-0.0952,0.0731,77,0.1579,-0.0128,0.8333,-0.197,-1.3267,1.0
202206,53033,"king, wa",937475.0,-0.0124,0.2335,3026,0.3699,0.4348,22.0,0.4194,0.0353,3626,-0.0533,-0.03,40,-0.5349,-0.5745,0.0043,-0.0053,-0.0037,1466.0,0.9443,2.0798,0.1592,0.0789,0.1116,2771.0,-0.09,-0.3365,543.0,-0.0071,0.1253,2028.0,-0.0083,0.1894,1386033.0,-0.0272,0.256,5784,0.1032,-0.0753,0.9156,-0.4627,-1.0643,1.0
202206,53065,"stevens, wa",542225.0,0.0753,0.0842,134,0.2535,0.7451,30.0,0.0261,0.0926,102,0.1087,0.5455,4,1.0,,0.0124,0.0049,0.0124,56.0,0.75,3.0,0.1684,0.041,0.1158,83.0,0.1224,-0.1316,277.0,0.0865,0.1149,2023.0,-0.0445,-0.0649,697060.0,0.0589,-0.0003,217,0.2436,0.2878,0.618,-0.0722,-0.6239,0.0
202206,53045,"mason, wa",507375.0,-0.0225,0.3247,138,0.4301,0.84,23.0,0.0824,0.3333,162,0.2857,0.0946,2,,,0.0045,0.0045,0.0045,70.0,0.3462,2.8889,0.1722,0.0212,0.1258,104.0,-0.0282,-0.3591,302.0,-0.0091,0.2091,1794.0,0.0251,0.1498,665538.0,-0.0756,0.3005,241,0.1643,0.0105,0.75,-0.3536,-1.4033,1.0
202206,53017,"douglas, wa",629738.0,0.115,0.4621,71,0.2348,1.058,27.0,0.2,0.6119,64,-0.1579,-0.0303,0,,,0.0,0.0,0.0,42.0,2.0,4.25,0.2415,0.1617,0.1915,48.0,-0.1504,-0.1933,312.0,0.0336,0.2527,2074.0,-0.0482,0.0859,799638.0,0.041,0.3939,119,0.0531,0.266,0.6761,-0.3066,-1.0486,1.0
202206,53005,"benton, wa",566975.0,0.031,0.1352,319,0.085,0.9333,30.0,-0.04,0.1111,336,-0.0233,0.2,26,1.6,0.8571,0.0296,0.0187,0.0097,138.0,0.5333,4.3077,0.1436,0.0462,0.1073,273.0,-0.0354,0.0055,255.0,-0.0019,0.1597,2239.0,0.0221,-0.0171,579971.0,0.0186,0.0764,592,0.0198,0.3567,0.8542,-0.1067,-0.7882,0.0
202206,53015,"cowlitz, wa",467000.0,0.0236,0.1547,195,0.3732,0.6183,25.0,0.2564,0.0103,202,0.0632,0.1348,40,-0.4286,-0.4286,0.0669,-0.0628,-0.0661,146.0,0.825,1.5172,0.2455,0.0941,0.1408,208.0,0.0614,-0.1531,267.0,0.001,0.1393,1803.0,-0.0054,0.0017,581657.0,0.0021,0.076,399,0.1787,0.0962,1.0641,-0.3127,-0.9691,0.0
202206,53027,"grays harbor, wa",411950.0,0.0142,0.1137,262,0.3199,0.8516,32.0,0.0159,0.1532,180,-0.0816,0.2,6,2.0,0.0,0.0106,0.0071,-0.0029,126.0,0.6154,2.5,0.2022,0.0636,0.1425,153.0,-0.0256,-0.3161,291.0,-0.0324,0.115,1435.0,-0.0115,-0.052,453658.0,0.0039,0.0499,415,0.1676,0.1294,0.5821,-0.2064,-0.9939,0.0
202206,53011,"clark, wa",608450.0,0.0188,0.1216,936,0.3355,0.6255,24.0,0.1463,-0.1966,968,-0.1168,-0.032,426,-0.1776,-0.3844,0.1385,-0.0341,-0.0682,738.0,0.9628,2.0,0.2398,0.1197,0.1668,1191.0,-0.0574,-0.3392,301.0,-0.0044,0.11,2075.0,0.0247,0.0022,764272.0,0.0184,0.1017,2124,0.087,-0.1159,1.2726,-0.5304,-1.8577,1.0
202206,53019,"ferry, wa",307450.0,0.1941,-0.1445,27,0.1778,0.1522,42.0,0.3719,0.1528,6,-0.625,-0.5,0,,,0.0,0.0,0.0,10.0,1.5,0.6667,0.2086,0.1239,0.0808,15.0,0.0357,0.0357,229.0,0.1094,0.1536,1663.0,0.1017,-0.2034,386291.0,0.0864,-0.2523,41,0.1233,0.1233,0.5472,-0.0751,-0.0615,1.0
202206,53069,"wahkiakum, wa",488125.0,-0.1125,0.089,23,0.7308,0.3235,29.0,0.7727,-0.1522,14,0.1667,0.4,0,,,0.0,0.0,0.0,6.0,2.0,0.5,0.1665,0.111,0.0674,5.0,-0.1,-0.6667,268.0,-0.0127,0.0939,1843.0,-0.1262,-0.0822,542244.0,-0.0979,0.1058,27,0.4595,-0.1148,0.2,-0.1846,-0.5941,0.0
202205,53019,"ferry, wa",257475.0,-0.0284,-0.3482,23,0.3235,0.5,30.0,-0.0833,-0.1103,16,-0.2,0.0,0,,,0.0,0.0,0.0,4.0,0.0,,0.0846,0.0132,0.0846,14.0,0.5556,-0.0667,207.0,-0.0391,0.1802,1509.0,0.006,-0.2413,355580.0,0.0007,-0.3452,37,0.4038,0.1774,0.6222,0.0928,-0.3778,1.0
202205,53061,"snohomish, wa",849950.0,0.0302,0.3076,824,0.819,0.7311,15.0,0.0714,0.0714,1412,0.1926,0.1066,44,1.2,-0.2143,0.0132,0.0066,-0.0034,440.0,2.1429,4.5,0.1147,0.0688,0.092,1314.0,-0.0274,-0.2369,415.0,0.0175,0.2233,2090.0,0.0186,0.0842,957062.0,0.0408,0.2679,2122,0.1702,-0.0422,1.5947,-1.3877,-2.023,1.0
202205,53069,"wahkiakum, wa",550000.0,0.1,0.2941,13,2.25,-0.1333,17.0,-0.8136,-0.4107,12,2.0,0.0,0,,,0.0,0.0,0.0,2.0,-0.5,-0.75,0.0556,-0.1944,-0.1044,5.0,-0.1667,-0.6667,271.0,0.1937,0.0881,2109.0,-0.1579,0.073,601068.0,-0.0168,0.1706,19,0.6818,-0.3621,0.3846,-1.1154,-0.6154,0.0
202205,53077,"yakima, wa",430000.0,0.0118,0.2741,193,0.2107,0.2833,25.0,-0.1935,0.1905,206,0.0957,-0.0804,6,0.5,-0.25,0.0101,0.0033,-0.0025,76.0,0.9,1.1111,0.1235,0.053,0.0704,207.0,0.0172,-0.2928,226.0,-0.0006,0.1958,1975.0,0.0265,0.1161,483203.0,-0.0305,0.223,400,0.0975,-0.0879,1.0727,-0.204,-0.8739,0.0
202205,53053,"pierce, wa",629925.0,0.0508,0.2,938,0.7566,0.4148,16.0,-0.2619,0.0333,1684,0.2796,0.144,42,-0.125,-0.3438,0.0103,-0.0051,-0.0062,506.0,1.6915,1.9419,0.1162,0.061,0.076,1562.0,0.0213,-0.2296,308.0,-0.0116,0.1297,2101.0,0.0676,0.0838,721682.0,-0.0021,0.1298,2493,0.1928,-0.0797,1.6647,-1.1986,-1.3926,1.0
202205,53067,"thurston, wa",549575.0,0.0569,0.1883,277,0.5276,0.2127,16.0,0.0323,0.3333,496,0.1171,-0.0388,8,1.0,-0.3333,0.0067,0.0028,-0.0028,118.0,1.1071,1.6818,0.0898,0.0406,0.0551,480.0,0.048,-0.132,287.0,0.0069,0.1142,1979.0,0.0147,0.0511,660430.0,0.0409,0.1145,754,0.1979,-0.0462,1.736,-0.7944,-0.6895,0.0
202205,53021,"franklin, wa",477000.0,-0.0922,0.3623,60,0.1667,0.6081,17.0,-0.2326,-0.5147,98,0.2895,0.225,0,,-1.0,0.0,0.0,-0.0172,22.0,1.75,4.5,0.0986,0.0489,0.0813,57.0,-0.0172,-0.5366,248.0,-0.0125,0.3192,2018.0,-0.0947,0.001,537140.0,-0.0923,0.3429,119,0.0872,-0.2946,0.958,-0.1793,-2.3663,1.0
202205,53035,"kitsap, wa",639975.0,0.0631,0.1636,271,0.4263,0.2723,20.0,-0.1136,-0.1136,418,0.1,-0.0142,12,2.0,0.0,0.0091,0.0049,-0.0008,128.0,0.8824,1.9091,0.1023,0.0307,0.0678,495.0,0.0499,-0.2285,316.0,0.0268,0.1752,2039.0,0.0167,0.0052,816184.0,0.0223,0.1004,766,0.1554,-0.0988,1.8247,-0.6542,-1.1847,1.0
202205,53037,"kittitas, wa",756750.0,-0.098,0.4414,78,0.5294,0.2381,16.0,-0.1923,-0.0735,132,0.8333,0.375,0,,,0.0,0.0,0.0,30.0,0.875,0.875,0.107,0.0191,0.0507,91.0,0.3582,-0.2353,386.0,-0.0431,0.1972,2114.0,-0.0474,0.1862,1335854.0,-0.2389,0.0543,171,0.4492,-0.0339,1.1667,-0.1471,-0.7222,0.0
202205,53015,"cowlitz, wa",456225.0,0.0027,0.1706,142,0.2566,0.4343,20.0,-0.2642,-0.1522,190,0.131,0.1047,70,0.0938,0.4583,0.1297,-0.0045,0.0244,80.0,0.1765,0.8182,0.1514,0.0194,0.0634,196.0,-0.0176,-0.0601,266.0,-0.0008,0.1297,1813.0,-0.0028,0.0289,580416.0,-0.0524,0.0843,339,0.0955,0.0712,1.3768,-0.3843,-0.7242,0.0
202205,53055,"san juan, wa",1215000.0,-0.0846,0.0125,77,0.5,0.2143,36.0,-0.2421,0.0435,54,0.2273,0.0385,0,,,0.0,0.0,0.0,16.0,0.0,1.0,0.1004,-0.0287,0.06,31.0,0.0517,-0.4352,594.0,-0.1125,0.171,2005.0,-0.0657,-0.1136,1978737.0,0.0011,0.04,106,0.3188,-0.0983,0.3987,-0.1699,-0.4585,0.0
202205,53043,"lincoln, wa",403250.0,-0.0399,-0.0283,29,0.0962,0.6765,35.0,-0.1977,0.0781,18,-0.25,0.125,0,,-1.0,0.0,0.0,-0.0588,12.0,2.0,2.0,0.1684,0.0983,0.1049,23.0,0.25,-0.1964,207.0,-0.1723,0.363,2269.0,0.0693,-0.0306,561057.0,-0.1036,0.1832,50,0.1628,0.087,0.7895,0.0972,-0.8576,0.0
202205,53075,"whitman, wa",399000.0,0.0872,0.1114,64,0.3511,0.6282,23.0,-0.0612,0.0455,58,-0.1471,0.0357,0,,-1.0,0.0,0.0,-0.0727,22.0,4.5,1.75,0.132,0.1059,0.0835,41.0,-0.0122,-0.4938,209.0,-0.0073,0.3031,2137.0,0.0139,-0.0659,537862.0,0.1894,0.2865,106,0.1989,-0.1281,0.6378,-0.2345,-1.4135,1.0
202205,53033,"king, wa",949248.0,0.0548,0.2657,2209,0.7504,0.1845,16.0,-0.0882,-0.3261,3830,0.2516,0.1186,86,0.7917,0.1316,0.0096,0.0034,0.0014,754.0,1.6929,0.9842,0.0803,0.0394,0.0417,3045.0,0.0272,-0.2445,547.0,0.0136,0.1231,2045.0,0.0757,0.2246,1424754.0,0.0371,0.292,5243,0.2276,-0.1147,1.3782,-0.9704,-0.7826,0.0
202205,53031,"jefferson, wa",743733.0,0.1558,0.3401,55,0.6515,-0.0439,17.0,-0.4153,-0.5793,72,0.3846,0.2857,4,,,0.0191,0.0191,0.0191,16.0,1.0,0.3333,0.0834,0.0315,0.0228,63.0,0.1161,-0.2188,356.0,-0.0028,0.1542,1984.0,0.1476,0.18,767603.0,0.0549,0.0946,117,0.3295,-0.1397,1.1468,-0.5502,-0.2567,0.0
202205,53003,"asotin, wa",428500.0,-0.0149,0.226,33,0.1786,0.5714,36.0,0.1154,-0.2204,26,-0.0714,-0.2778,0,,,0.0,0.0,0.0,12.0,0.0,,0.1211,-0.0234,0.1211,34.0,-0.1282,-0.3333,203.0,-0.0125,0.221,2348.0,0.085,0.1973,752773.0,-0.0155,0.1555,67,0.0556,-0.0221,1.0303,-0.3626,-1.3983,1.0
202205,53025,"grant, wa",382225.0,-0.0072,0.2646,103,0.2716,0.2262,30.0,-0.1449,0.1569,118,0.2292,-0.0781,0,-1.0,-1.0,0.0,-0.0206,-0.018,40.0,0.6667,2.3333,0.0967,0.0279,0.0672,178.0,-0.0964,-0.1835,227.0,0.016,0.1272,1762.0,-0.0123,0.1096,479989.0,-0.0309,0.2843,277,0.0073,-0.0767,1.7282,-0.7039,-0.8671,0.0
202205,53001,"adams, wa",308000.0,-0.0595,0.12,27,0.3947,1.0385,33.0,-0.1813,-0.7102,18,-0.1,0.5,4,0.0,,0.0468,-0.0058,0.0468,14.0,2.5,,0.181,0.1283,0.181,38.0,0.1719,0.2097,165.0,-0.0384,-0.135,2023.0,-0.0229,0.1735,361445.0,-0.0641,0.1397,64,0.2549,0.5238,1.4151,-0.2691,-0.9695,1.0
202205,53017,"douglas, wa",564800.0,0.1893,0.2987,58,0.5132,0.4375,23.0,-0.2105,0.0227,76,0.2667,0.3571,0,,,0.0,0.0,0.0,14.0,0.75,0.75,0.0798,0.0325,0.0351,57.0,-0.0887,0.0273,302.0,0.0587,0.2292,2179.0,0.0504,0.1529,768149.0,0.1933,0.3844,113,0.13,0.2151,0.9826,-0.649,-0.3924,0.0
202205,53045,"mason, wa",519063.0,0.0381,0.3309,97,0.3403,0.5565,21.0,-0.0761,-0.0761,126,0.2115,0.0161,0,,-1.0,0.0,0.0,-0.01,52.0,1.1667,2.25,0.151,0.0448,0.1029,107.0,0.2384,-0.2655,305.0,0.0233,0.2689,1750.0,0.0186,0.0802,719964.0,0.0461,0.5922,207,0.2857,0.0,1.1036,-0.0908,-1.2351,1.0
202205,53047,"okanogan, wa",554750.0,0.0567,-0.0739,91,0.5424,0.4,24.0,-0.4489,-0.1917,84,0.75,0.75,0,,,0.0,0.0,0.0,18.0,3.5,3.5,0.0716,0.0388,0.0506,63.0,0.1887,-0.2025,301.0,0.1256,-0.0248,1786.0,0.0862,0.0661,725452.0,0.029,-0.0186,154,0.375,0.0769,0.6923,-0.206,-0.5231,1.0
202205,53073,"whatcom, wa",697000.0,0.074,0.3276,299,0.3972,0.1115,22.0,0.0,-0.2143,378,0.0618,0.0161,6,,0.5,0.0057,0.0057,0.0018,80.0,1.0,1.2222,0.0763,0.0339,0.0423,343.0,0.0889,-0.2005,372.0,0.0112,0.2438,1903.0,0.0248,0.0912,873039.0,0.0206,0.2238,642,0.2127,-0.0809,1.1472,-0.3248,-0.4476,0.0
202205,53051,"pend oreille, wa",662500.0,0.1423,0.5588,32,0.4318,0.3125,26.0,-0.3333,-0.2571,40,0.6667,0.4286,0,,,0.0,0.0,0.0,6.0,-0.25,0.5,0.0649,-0.0527,0.0282,31.0,0.1731,-0.337,299.0,0.1445,0.2636,2155.0,-0.1209,0.2837,809794.0,-0.0372,0.6485,62,0.24,-0.1268,0.9683,-0.2136,-0.9484,1.0
202205,53013,"columbia, wa",440500.0,-0.0101,1.0167,10,0.9,,29.0,0.5,-0.3448,10,0.25,1.5,0,,,0.0,0.0,0.0,2.0,-0.5,,0.087,-0.0669,0.087,4.0,-0.65,-0.3636,237.0,-0.0476,0.263,2173.0,0.1216,0.8097,514697.0,0.1204,1.1236,14,-0.1,26.0,0.3684,-1.6316,,1.0
202205,53057,"skagit, wa",619999.0,0.0,0.0973,165,0.2595,0.3636,21.0,-0.1827,-0.2797,202,0.2625,0.2949,8,,0.0,0.0138,0.0138,-0.0024,80.0,1.2222,1.8571,0.1383,0.0546,0.0869,196.0,0.1108,-0.0778,335.0,-0.0218,0.0768,1853.0,0.026,-0.0188,844822.0,-0.0258,0.1001,356,0.1811,0.0708,1.1848,-0.1587,-0.5672,0.0
202205,53039,"klickitat, wa",626000.0,0.2646,0.1796,41,0.7609,1.8929,22.0,-0.2328,-0.1442,36,0.2857,0.5,4,-0.5,-0.6667,0.0328,-0.0648,-0.1316,22.0,0.8333,1.75,0.1803,0.034,0.0513,39.0,0.2419,0.0694,332.0,0.0432,0.0768,1771.0,0.1066,0.0415,668031.0,0.1081,0.0297,78,0.4182,0.4444,0.9506,-0.3972,-1.6208,1.0
202205,53029,"island, wa",687500.0,0.0338,0.1477,126,0.9921,0.494,17.0,0.0469,0.0152,188,0.3056,0.0,0,,,0.0,0.0,0.0,58.0,2.625,1.4167,0.1224,0.0737,0.0647,145.0,0.1885,-0.2162,360.0,0.0284,0.106,1734.0,-0.0591,-0.083,812072.0,0.0154,-0.041,271,0.4622,0.0484,1.1554,-0.7811,-1.047,1.0
202205,53041,"lewis, wa",539225.0,0.1062,0.3514,125,0.4148,0.3681,20.0,-0.2308,-0.0909,160,0.3793,0.1429,6,-0.25,-0.25,0.0133,-0.0117,-0.0087,56.0,0.4,0.75,0.1405,0.0001,0.0648,121.0,0.0804,-0.2667,280.0,0.0336,0.1406,1789.0,-0.0464,0.1237,653420.0,0.0076,0.3662,240,0.194,-0.0625,0.9719,-0.3008,-0.8413,0.0
202205,53059,"skamania, wa",678000.0,0.0089,0.2509,23,0.3529,1.5556,28.0,-0.0833,1.75,20,0.25,0.25,6,0.5,0.5,0.1034,-0.0108,0.0146,16.0,0.3333,3.0,0.2857,0.0408,0.2102,15.0,-0.0333,-0.3958,336.0,-0.0278,0.2464,1987.0,0.0524,-0.0288,763080.0,0.066,0.288,39,0.2031,0.1667,0.6304,-0.2519,-2.0362,1.0
202205,53071,"walla walla, wa",566250.0,0.1103,0.3418,62,0.4419,3.7692,29.0,0.25,0.15,84,0.1667,2.0,0,,,0.0,0.0,0.0,20.0,1.5,1.5,0.0898,0.0439,-0.0278,83.0,0.5278,4.8929,275.0,0.0097,0.3422,2158.0,-0.0118,-0.1151,711116.0,-0.0437,0.0183,142,0.3922,4.2593,1.3306,0.0748,0.2537,1.0
202205,53049,"pacific, wa",401500.0,0.0375,0.0566,69,0.3269,1.0909,36.0,0.0286,0.0,58,0.2083,0.2083,0,-1.0,-1.0,0.0,-0.0233,-0.0227,28.0,0.4,1.3333,0.1625,0.0526,0.0779,53.0,-0.0094,-0.2808,269.0,-0.0046,0.1295,1526.0,0.0367,0.0026,477652.0,0.0681,0.0653,123,0.1343,0.0938,0.7609,-0.2584,-1.4513,1.0
202205,53007,"chelan, wa",707999.0,0.0093,0.3488,152,0.4074,0.6,25.0,-0.1552,-0.1552,170,0.4167,0.2879,0,,,0.0,0.0,0.0,46.0,1.875,1.875,0.1153,0.0611,0.0648,99.0,-0.066,0.1124,359.0,0.0363,0.1429,2136.0,-0.0324,0.0734,956894.0,0.0006,0.2476,249,0.1528,0.3105,0.6513,-0.3302,-0.2855,0.0
202205,53023,"garfield, wa",245000.0,0.2963,0.4,2,0.5,-0.25,12.0,0.0,-0.75,4,0.0,0.0,0,,,0.0,0.0,0.0,0.0,,,0.0,0.0,0.0,3.0,0.0,-0.4,152.0,-0.0536,0.932,1616.0,0.5553,-0.3818,245000.0,0.2963,0.4314,5,0.25,-0.375,2.0,-1.0,-0.5,1.0
202205,53065,"stevens, wa",504250.0,0.0527,0.2233,107,0.5214,0.7459,29.0,0.0648,-0.0726,92,0.3529,0.2778,2,,,0.0075,0.0075,0.0075,32.0,1.6667,1.0,0.1274,0.0629,0.0677,74.0,0.2458,-0.265,255.0,0.0459,0.2491,2117.0,0.0714,0.0222,658263.0,0.0631,0.0825,175,0.374,0.0706,0.6901,-0.1527,-0.9492,0.0
202205,53011,"clark, wa",597250.0,0.0089,0.1275,701,0.5464,0.4095,21.0,-0.2679,-0.2679,1096,0.3564,0.1322,518,-0.075,-0.2471,0.1726,-0.0463,-0.0402,376.0,0.6786,0.5667,0.1201,0.0357,0.0501,1263.0,-0.0186,-0.2787,302.0,-0.0125,0.137,2025.0,0.0326,-0.0246,750475.0,0.0261,0.1088,1954,0.1159,-0.1339,1.803,-1.0381,-1.7201,1.0
202205,53009,"clallam, wa",610975.0,-0.0065,0.2221,122,0.4353,0.8209,30.0,-0.0328,0.0536,130,0.413,-0.0152,0,-1.0,-1.0,0.0,-0.012,-0.0122,62.0,0.9375,2.875,0.1687,0.0609,0.1227,98.0,-0.1478,-0.351,312.0,-0.0048,0.2339,2023.0,0.0149,-0.0176,752479.0,-0.0205,0.252,221,0.0941,0.0,0.8033,-0.5497,-1.4505,1.0
202205,53063,"spokane, wa",508375.0,-0.0032,0.2552,608,0.6567,0.9,18.0,-0.1463,-0.3137,1070,0.2327,0.3375,50,-0.0385,-0.3421,0.0199,-0.0021,-0.009,266.0,2.1667,2.1667,0.0892,0.0516,0.054,1129.0,0.0681,-0.1289,232.0,-0.0264,0.198,2239.0,0.0257,0.0347,631635.0,-0.0274,0.2073,1737,0.2232,0.0729,1.8569,-1.0232,-2.1931,1.0
202205,53005,"benton, wa",549950.0,0.0475,0.1482,294,0.0691,0.8375,31.0,-0.1319,0.3021,344,0.1026,0.0886,10,-0.5,-0.6429,0.0109,-0.0111,-0.0253,90.0,0.0227,1.5,0.0974,-0.0047,0.0438,283.0,0.0541,-0.0018,255.0,-0.0322,0.1806,2191.0,0.0228,-0.0358,569366.0,0.0205,0.0803,580,0.0565,0.3093,0.9609,-0.0137,-0.8079,0.0
202205,53027,"grays harbor, wa",406175.0,-0.0316,0.1638,199,0.2643,0.6542,32.0,-0.1486,0.4318,196,0.5313,0.0889,2,-0.5,,0.0036,-0.0054,0.0036,78.0,0.1471,2.25,0.1387,-0.0045,0.0945,157.0,-0.074,-0.2214,301.0,-0.0312,0.2956,1452.0,0.008,-0.0491,451880.0,-0.0347,0.1159,355,0.0957,0.1025,0.7884,-0.288,-0.8866,0.0
202204,53033,"king, wa",899950.0,0.0592,0.2286,1262,0.1962,-0.2969,17.0,-0.0556,-0.3061,3060,0.1469,-0.0772,48,0.0909,-0.6522,0.0061,-0.0006,-0.0113,280.0,0.7722,-0.2553,0.0409,0.0166,0.0003,2964.0,0.1122,-0.2048,539.0,0.0125,0.118,1901.0,0.048,0.1695,1373729.0,0.0702,0.261,4271,0.1514,-0.2303,2.3487,-0.1774,0.2721,0.0
202204,53015,"cowlitz, wa",455000.0,-0.0076,0.1448,113,0.1244,0.4214,27.0,-0.0093,-0.1587,168,0.012,0.2923,64,0.0,0.28,0.1342,-0.0145,0.012,68.0,0.5455,1.4286,0.132,0.0299,0.063,199.0,0.1536,0.0179,267.0,-0.0025,0.2023,1818.0,0.0034,-0.0807,612534.0,0.0046,0.1135,309,0.1444,0.1055,1.7611,0.0446,-0.6981,0.0
202204,53067,"thurston, wa",519990.0,0.0401,0.1621,181,0.3507,-0.0321,16.0,-0.3922,-0.3737,444,0.3136,0.0326,4,0.0,-0.6,0.0039,-0.0008,-0.0059,56.0,1.0,0.75,0.0492,0.0169,0.0173,458.0,0.161,-0.0691,285.0,0.0007,0.1079,1950.0,0.0301,0.0576,634480.0,0.016,0.084,629,0.189,-0.0577,2.5304,-0.4136,-0.1006,0.0
202204,53059,"skamania, wa",672000.0,-0.0345,0.6866,17,0.1333,1.0,30.0,0.6216,0.2766,16,-0.1111,0.1429,4,,,0.1143,0.1143,0.1143,12.0,0.5,0.5,0.2449,0.0691,0.0482,15.0,0.0714,0.2,346.0,-0.0345,0.2925,1888.0,0.0152,0.0694,715865.0,-0.0461,0.2544,32,0.0492,0.4545,0.8824,-0.051,-0.5882,1.0
202204,53031,"jefferson, wa",643500.0,0.0442,0.1399,33,-0.0435,-0.4261,30.0,0.2041,-0.2625,52,0.3684,0.1304,0,,-1.0,0.0,0.0,-0.0244,8.0,-0.5,-0.2,0.0519,-0.0768,-0.0021,56.0,0.037,-0.145,357.0,-0.0036,0.1514,1729.0,-0.0179,-0.0353,727627.0,-0.1635,-0.034,88,0.0,-0.2727,1.697,0.1318,0.5578,0.0
202204,53035,"kitsap, wa",602000.0,-0.0123,0.0702,190,0.1411,0.0497,22.0,-0.0222,-0.0222,380,0.1111,-0.0206,4,-0.8462,-0.8333,0.0042,-0.0231,-0.0178,68.0,0.4167,1.8333,0.0717,0.0233,0.0503,471.0,-0.0126,-0.2104,308.0,0.0058,0.1661,2005.0,-0.0006,-0.0262,798400.0,-0.0083,0.0708,663,0.0416,-0.1538,2.4789,-0.3859,-0.8166,0.0
202204,53069,"wahkiakum, wa",499999.0,0.002,0.2121,4,0.1429,-0.6923,89.0,-0.0781,2.6495,4,1.0,-0.5,0,,-1.0,0.0,0.0,-0.0556,4.0,1.0,0.0,0.25,0.1591,0.165,6.0,-0.25,-0.6364,227.0,-0.0314,0.0261,2504.0,0.0313,0.2825,611333.0,0.0877,0.2312,11,0.0,-0.6452,1.5,-0.7857,0.2308,1.0
202204,53029,"island, wa",665000.0,-0.0665,0.1085,63,0.2353,-0.1,16.0,-0.3786,-0.0857,144,0.3585,-0.1325,0,,,0.0,0.0,0.0,16.0,-0.1111,0.6,0.0486,-0.0159,0.0215,122.0,0.0893,-0.2254,350.0,-0.0026,0.0883,1843.0,-0.0466,-0.0872,799760.0,-0.0254,-0.0746,185,0.1491,-0.1921,1.9365,-0.2596,-0.3135,0.0
202204,53073,"whatcom, wa",649000.0,0.0034,0.3124,214,0.3129,-0.123,22.0,-0.0538,-0.3803,356,0.3185,0.0723,0,-1.0,-1.0,0.0,-0.0056,-0.002,40.0,0.4286,0.25,0.0424,0.0034,0.0097,315.0,0.1887,-0.2279,368.0,0.0084,0.2464,1857.0,-0.0034,0.1277,855378.0,-0.0695,0.2662,529,0.2245,-0.188,1.472,-0.1538,-0.2002,0.0
202204,53025,"grant, wa",385000.0,0.0132,0.206,81,-0.095,0.0946,35.0,-0.2159,-0.08,96,0.1163,-0.0588,8,0.3333,0.0,0.0206,0.0042,0.0009,24.0,0.0909,1.0,0.0688,0.0106,0.0409,197.0,0.0795,-0.0641,224.0,-0.0392,0.1421,1784.0,0.0241,0.1178,495300.0,0.1573,0.2737,275,0.0129,-0.0283,2.4321,0.393,-0.4125,0.0
202204,53001,"adams, wa",327498.0,-0.0596,0.2843,19,0.0556,0.3571,40.0,-0.6694,-0.5733,20,1.5,2.3333,4,1.0,,0.0526,0.0175,0.0526,4.0,,1.0,0.0526,0.0526,0.0193,32.0,0.0667,0.0847,171.0,-0.1977,0.042,2070.0,0.1195,0.1637,386210.0,-0.0418,0.4173,51,0.0625,0.2143,1.6842,0.0175,-0.4229,1.0
202204,53071,"walla walla, wa",510000.0,-0.108,0.1441,43,0.2647,-0.0652,23.0,-0.4458,-0.08,72,0.8,0.0909,0,,,0.0,0.0,0.0,8.0,0.3333,-0.3333,0.046,0.0004,-0.0193,54.0,0.0,-0.2286,272.0,0.1014,0.3108,2184.0,-0.042,-0.1065,743650.0,-0.0741,0.1975,102,0.1591,-0.1207,1.2558,-0.3324,-0.2659,0.0
202204,53005,"benton, wa",525000.0,-0.0704,0.1077,275,0.0456,0.7405,36.0,-0.0526,0.1077,312,0.1143,0.1908,20,-0.2308,-0.0909,0.022,-0.0115,-0.0094,88.0,0.913,2.1429,0.1021,0.0431,0.0626,268.0,0.1991,-0.0446,263.0,-0.0211,0.2078,2142.0,-0.0013,-0.0274,557951.0,-0.0393,0.0623,549,0.1331,0.2491,0.9745,0.1247,-0.8008,0.0
202204,53077,"yakima, wa",425000.0,0.0819,0.2239,159,0.0461,0.1866,31.0,-0.2051,0.3053,188,0.1899,0.033,4,-0.5,-0.3333,0.0067,-0.008,-0.0038,40.0,0.0,0.4286,0.0705,-0.0047,0.0197,203.0,0.1278,-0.1798,226.0,0.0088,0.1998,1924.0,0.0725,0.0569,498386.0,0.0552,0.2307,364,0.0753,-0.0521,1.2767,0.0925,-0.5703,0.0
202204,53053,"pierce, wa",599450.0,0.0381,0.1481,534,0.1546,-0.0184,21.0,0.1351,0.0244,1316,0.1483,-0.0352,48,-0.3143,-0.4,0.0154,-0.0073,-0.0071,188.0,0.88,0.88,0.0552,0.0228,0.0287,1529.0,0.0483,-0.1995,311.0,0.0071,0.1466,1968.0,0.0005,0.0107,723190.0,-0.0106,0.1103,2090,0.0871,-0.1461,2.8633,-0.2902,-0.6477,0.0
202204,53063,"spokane, wa",510000.0,0.0625,0.2832,367,0.3249,0.3273,21.0,-0.1277,-0.0889,868,0.352,0.1573,52,0.5294,-0.4348,0.0221,0.0037,-0.0178,84.0,0.68,0.2353,0.0376,0.0105,0.0082,1057.0,0.1366,-0.1614,239.0,0.0263,0.2737,2183.0,0.0668,0.0161,649431.0,0.021,0.2489,1420,0.1765,-0.0794,2.8801,-0.4773,-1.6787,1.0
202204,53027,"grays harbor, wa",419450.0,0.0362,0.3765,157,0.0295,0.8916,37.0,0.0207,0.0647,128,-0.0986,0.3913,4,1.0,1.0,0.009,0.0046,0.0035,68.0,0.619,2.7778,0.1432,0.0459,0.0972,169.0,0.1943,-0.1914,311.0,0.0007,0.408,1440.0,-0.0003,-0.0683,468138.0,0.028,0.2483,324,0.102,0.1115,1.0764,0.1486,-1.4416,1.0
202204,53047,"okanogan, wa",525000.0,0.1388,0.085,59,0.3409,-0.0248,44.0,-0.391,0.4194,48,0.6,-0.1429,0,,,0.0,0.0,0.0,4.0,1.0,-0.3333,0.0328,0.0141,-0.0012,53.0,0.4521,-0.1092,268.0,0.0882,0.0305,1644.0,0.0142,-0.0687,705012.0,0.1456,0.1324,112,0.4,-0.0894,0.8983,0.0688,-0.0852,0.0
202204,53019,"ferry, wa",265000.0,0.1524,-0.3291,17,0.4783,0.3077,33.0,-0.685,-0.4677,20,2.3333,1.5,0,,,0.0,0.0,0.0,4.0,,,0.0714,0.0714,0.0714,9.0,0.0588,-0.4375,215.0,-0.0201,0.1584,1500.0,-0.0294,-0.3158,355335.0,0.0619,-0.4214,26,0.3,-0.0714,0.5294,-0.2097,-0.7014,1.0
202204,53075,"whitman, wa",367000.0,-0.0882,0.1121,47,0.3056,-0.0408,25.0,-0.305,-0.1695,68,1.0,0.1724,0,-1.0,-1.0,0.0,-0.018,-0.0481,4.0,-0.5,-0.75,0.0261,-0.0475,-0.0595,41.0,0.1081,-0.3643,210.0,0.0644,0.3841,2108.0,-0.0177,-0.0532,452224.0,0.0006,0.2656,88,0.2138,-0.2072,0.8723,-0.1554,-0.444,0.0
202204,53003,"asotin, wa",435000.0,0.0058,0.3778,28,0.3659,0.6,33.0,0.5294,-0.381,28,-0.125,0.4,0,,,0.0,0.0,0.0,12.0,5.0,2.0,0.1446,0.1242,0.0949,39.0,-0.025,-0.1429,206.0,0.0857,0.2223,2164.0,-0.0546,0.1764,764594.0,-0.1932,0.2048,63,0.05,0.0328,1.3929,-0.5584,-1.2071,1.0
202204,53065,"stevens, wa",479000.0,0.0151,0.1108,70,0.2963,0.3592,27.0,-0.3533,-0.2703,68,0.36,0.0,0,,-1.0,0.0,0.0,-0.0176,12.0,-0.1429,0.5,0.0645,-0.0313,0.028,59.0,0.3258,-0.398,244.0,0.0095,0.2955,1976.0,0.0648,-0.1264,619167.0,-0.0098,0.0388,127,0.2893,-0.1419,0.8429,0.0188,-1.0601,1.0
202204,53023,"garfield, wa",189000.0,-0.6021,0.1909,1,0.0,-0.3333,12.0,10.5,-0.8733,4,1.0,,0,,,0.0,0.0,0.0,0.0,,,0.0,0.0,0.0,3.0,-0.25,-0.5,160.0,-0.3404,1.3252,1039.0,-0.4688,-0.574,189000.0,-0.6021,0.1693,4,-0.1111,-0.5294,3.0,-1.0,-1.0,1.0
202204,53021,"franklin, wa",525425.0,0.0834,0.3742,51,0.1724,0.2439,22.0,-0.0337,-0.2773,76,-0.0732,0.1875,0,-1.0,-1.0,0.0,-0.0103,-0.0068,8.0,0.0,0.3333,0.0497,0.0062,0.0268,58.0,0.045,-0.6221,251.0,0.0012,0.3096,2229.0,0.0399,0.0815,591760.0,0.0626,0.471,109,0.0739,-0.4495,1.1373,-0.1386,-2.6066,1.0
202204,53037,"kittitas, wa",839000.0,-0.1173,0.5537,51,0.7,0.2,20.0,-0.4,0.2381,72,0.6364,0.0588,0,,,0.0,0.0,0.0,16.0,1.6667,1.6667,0.0879,0.042,0.0608,67.0,0.1074,-0.3093,403.0,-0.022,0.2925,2219.0,-0.1221,0.1876,1755140.0,-0.1359,0.2104,118,0.2757,-0.1777,1.3137,-0.7029,-0.9686,1.0
202204,53061,"snohomish, wa",825000.0,0.0824,0.3092,453,0.3111,0.0969,14.0,0.3333,-0.125,1184,0.0783,0.0137,20,-0.2308,-0.697,0.0067,-0.0032,-0.0141,140.0,1.1212,1.8,0.0458,0.0207,0.0289,1351.0,0.1406,-0.1153,408.0,0.0375,0.2604,2052.0,0.0432,0.0621,919552.0,0.0313,0.2516,1813,0.1861,-0.0647,2.9823,-0.446,-0.715,0.0
202204,53007,"chelan, wa",701475.0,0.0043,0.5489,108,0.1368,0.2486,29.0,-0.4021,-0.0569,120,-0.2,0.0345,0,,-1.0,0.0,0.0,-0.006,16.0,1.0,0.1429,0.0542,0.0281,0.0092,106.0,0.191,0.4722,346.0,0.0625,0.1624,2208.0,0.0377,0.2764,956339.0,0.0449,0.4163,216,0.1803,0.3628,0.9815,0.0446,0.1491,1.0
202204,53043,"lincoln, wa",420000.0,-0.003,0.1351,26,0.5294,0.5758,43.0,-0.4911,-0.0549,24,0.7143,0.5,0,,,0.0,0.0,0.0,4.0,,1.0,0.0702,0.0702,0.0338,18.0,-0.027,-0.3333,250.0,0.3013,0.7625,2122.0,-0.1031,-0.1052,625869.0,-0.114,0.5306,43,0.2113,-0.0337,0.6923,-0.3959,-0.9441,0.0
202204,53055,"san juan, wa",1327250.0,-0.1202,0.3509,51,0.2289,0.0099,48.0,-0.554,-0.2245,44,1.75,0.5714,0,,,0.0,0.0,0.0,16.0,1.0,7.0,0.129,0.0425,0.1136,29.0,0.4872,-0.4314,670.0,-0.0344,0.3029,2146.0,-0.0942,-0.032,1976540.0,-0.1106,-0.0591,80,0.3008,-0.2118,0.5686,0.0987,-0.4413,0.0
202204,53013,"columbia, wa",445000.0,0.107,0.6453,5,-0.2308,-0.0909,19.0,-0.5065,-0.5366,8,0.0,0.3333,0,,,0.0,0.0,0.0,4.0,,,0.1538,0.1538,0.1538,10.0,1.8571,-0.0476,249.0,-0.0114,0.4512,1937.0,-0.0932,0.0775,459393.0,0.0066,0.4009,15,0.4286,-0.0909,2.0,1.4615,0.0909,1.0
202204,53051,"pend oreille, wa",579950.0,-0.1108,0.8195,22,0.1579,0.0233,39.0,-0.0429,-0.1959,24,0.7143,0.0909,0,-1.0,,0.0,-0.0323,0.0,8.0,1.0,1.0,0.1176,0.0462,0.0661,26.0,0.1556,-0.1875,261.0,-0.0501,0.605,2451.0,-0.08,0.2927,841110.0,-0.4757,0.7834,50,0.2195,-0.0566,1.1818,-0.0024,-0.3066,1.0
202204,53049,"pacific, wa",387000.0,-0.0295,0.1316,52,0.3165,0.2683,35.0,-0.125,-0.0909,48,0.2,0.2632,4,0.0,-0.3333,0.0233,-0.0041,-0.0156,20.0,0.25,1.0,0.1099,-0.0048,0.045,53.0,-0.0862,-0.3537,271.0,0.0084,0.2413,1472.0,-0.1084,-0.0329,447213.0,-0.06,-0.0126,108,0.0964,-0.1111,1.0192,-0.4491,-0.9808,0.0
202204,53017,"douglas, wa",474900.0,-0.0365,0.1098,38,0.4615,0.1176,29.0,-0.341,-0.2192,60,0.2,0.5789,0,,,0.0,0.0,0.0,8.0,1.0,1.0,0.0473,0.0212,0.0182,62.0,0.3053,0.0333,285.0,-0.0348,0.2631,2075.0,0.0136,0.043,643722.0,-0.069,0.1773,100,0.3423,0.0526,1.6316,-0.1953,-0.1331,0.0
202204,53045,"mason, wa",500000.0,-0.0049,0.2962,72,0.4257,0.2414,23.0,-0.1238,0.1358,104,0.4054,0.0,0,,-1.0,0.0,0.0,-0.0066,24.0,0.3333,0.0,0.1062,0.0233,0.0206,86.0,0.1862,-0.3036,298.0,0.0347,0.2397,1718.0,-0.0483,0.0951,688261.0,-0.0033,0.5341,161,0.2627,-0.1129,1.1944,-0.2412,-0.9349,0.0
202204,53057,"skagit, wa",619999.0,0.0339,0.1821,131,0.2657,0.1491,26.0,-0.1186,-0.1875,160,0.0667,0.0127,0,-1.0,-1.0,0.0,-0.0148,-0.004,36.0,0.8,0.5,0.0837,0.0319,0.0359,176.0,0.1892,-0.1222,343.0,0.0146,0.1257,1806.0,0.0095,-0.0058,867192.0,0.087,0.1838,301,0.2088,-0.0429,1.3435,-0.0864,-0.4153,0.0
202204,53011,"clark, wa",592000.0,0.0253,0.1929,453,0.0331,-0.0174,28.0,0.1667,-0.0345,808,-0.0404,-0.0734,560,-0.1331,-0.0939,0.2188,-0.0345,0.0133,224.0,0.3494,0.1667,0.0845,0.0192,0.0155,1287.0,0.0134,-0.1903,306.0,0.0211,0.1702,1961.0,0.0093,-0.0375,731363.0,0.0572,0.0598,1751,0.0228,-0.145,2.8411,-0.0552,-0.6069,0.0
202204,53009,"clallam, wa",615000.0,0.0435,0.2185,85,0.1039,0.4286,31.0,-0.0758,-0.0615,92,-0.0612,-0.08,4,,,0.012,0.012,0.012,32.0,0.2308,3.0,0.1077,0.0182,0.0772,115.0,-0.0295,-0.08,313.0,-0.0044,0.2523,1993.0,0.0581,0.0361,768247.0,0.011,0.2599,202,0.0521,0.0949,1.3529,-0.186,-0.7479,0.0
202204,53039,"klickitat, wa",495000.0,-0.1141,-0.0755,23,0.0,0.6429,29.0,-0.6352,0.4321,28,0.0,0.0769,8,1.0,0.3333,0.0976,0.0362,0.0165,12.0,0.5,1.0,0.1463,0.0431,0.0615,31.0,0.3191,-0.1842,318.0,0.291,0.0629,1600.0,-0.1054,-0.1136,602849.0,-0.0218,-0.0322,55,0.134,0.1111,1.3478,0.3261,-1.3665,1.0
202204,53041,"lewis, wa",487450.0,0.0784,0.2612,88,0.1892,0.2222,26.0,-0.1613,-0.2778,116,0.1373,-0.0938,8,0.3333,-0.3333,0.025,0.0047,-0.0079,40.0,0.4286,1.2222,0.1404,0.0486,0.0865,112.0,-0.0427,-0.3212,271.0,-0.0006,0.128,1876.0,0.0507,0.1732,648477.0,0.1339,0.386,201,0.0415,-0.159,1.2727,-0.3084,-1.0189,1.0
202203,53025,"grant, wa",379975.0,0.0677,0.215,90,-0.1225,-0.0677,44.0,-0.1927,0.0539,86,0.2286,-0.3768,6,0.0,-0.25,0.0164,-0.0012,-0.0034,22.0,0.1,0.375,0.0582,0.0013,0.019,183.0,0.0928,0.0735,233.0,0.0395,0.2505,1742.0,0.0104,0.1018,427975.0,0.0526,0.18,272,0.0207,0.0018,2.0391,0.4019,0.2683,0.0
202203,53031,"jefferson, wa",616250.0,-0.0517,0.1006,35,0.15,-0.3491,25.0,-0.5025,-0.3875,38,0.1176,-0.3214,0,,-1.0,0.0,0.0,-0.011,16.0,0.6,0.6,0.1288,0.0366,0.0636,54.0,0.3171,-0.0609,358.0,-0.0376,0.125,1761.0,0.0313,0.0298,869801.0,-0.0292,0.1592,88,0.1892,-0.1814,1.5652,0.1986,0.4803,0.0
202203,53057,"skagit, wa",599688.0,0.0389,0.2006,104,0.107,0.0508,30.0,-0.1194,-0.0635,150,0.0714,-0.2105,6,2.0,-0.7273,0.0148,0.0095,-0.0327,20.0,0.25,-0.0909,0.0519,0.0076,0.0064,148.0,0.0423,-0.1868,338.0,0.0014,0.1565,1789.0,0.0025,-0.0017,797810.0,-0.0223,0.1242,249,0.0529,-0.1091,1.43,-0.0888,-0.4178,0.0
202203,53065,"stevens, wa",471875.0,-0.0738,0.0516,54,0.2135,0.08,42.0,-0.4057,0.0503,50,1.0833,-0.0741,0,,-1.0,0.0,0.0,-0.0098,14.0,0.4,0.4,0.0958,0.0082,0.0471,45.0,-0.043,-0.4943,241.0,0.1036,0.2839,1856.0,-0.0802,-0.1325,625282.0,0.0341,-0.0154,99,0.1006,-0.2836,0.8241,-0.2209,-0.9359,0.0
202203,53039,"klickitat, wa",558725.0,-0.027,0.1287,23,0.1795,0.2432,80.0,-0.4034,0.9273,28,2.5,0.75,4,0.0,-0.3333,0.0614,-0.0218,-0.0616,8.0,-0.2,0.0,0.1033,-0.124,-0.0176,24.0,0.3824,0.3429,247.0,0.0746,-0.0246,1789.0,-0.1643,-0.0661,616300.0,-0.0432,0.0927,49,0.3288,0.2597,1.0217,0.1499,0.0758,1.0
202203,53075,"whitman, wa",402500.0,0.0537,0.103,36,-0.1429,-0.2,35.0,0.2589,0.1463,34,-0.2273,-0.3704,2,-0.6667,-0.75,0.018,-0.0325,-0.0323,8.0,0.0,-0.2,0.0737,0.0075,0.001,37.0,0.2542,-0.3211,198.0,0.1005,0.1933,2146.0,-0.0742,-0.0958,451947.0,0.0072,0.2252,73,0.0284,-0.2714,1.0278,0.3254,-0.1833,0.0
202203,53019,"ferry, wa",229950.0,0.1873,-0.2979,12,0.15,-0.1786,105.0,-0.1343,-0.2751,6,,0.5,0,,,0.0,0.0,0.0,0.0,,-1.0,0.0,0.0,-0.0667,9.0,-0.15,-0.32,220.0,0.1948,0.2857,1546.0,0.131,-0.3459,334610.0,0.0726,-0.1156,20,0.0,-0.2157,0.7391,-0.2609,-0.1537,1.0
202203,53005,"benton, wa",564750.0,0.014,0.2369,263,0.0354,0.4411,38.0,-0.2585,0.1969,280,0.0145,0.2174,26,0.0833,-0.1875,0.0335,0.0015,-0.0181,46.0,0.2105,0.5333,0.0589,0.0083,0.0107,224.0,-0.0045,-0.0802,269.0,0.005,0.2359,2145.0,-0.0216,-0.0386,580748.0,0.0103,0.1286,485,0.0211,0.1254,0.8498,-0.034,-0.4817,0.0
202203,53021,"franklin, wa",485000.0,-0.0296,0.2492,44,-0.1122,-0.1792,22.0,-0.1982,-0.4145,82,0.2059,-0.2407,2,0.0,-0.9286,0.0103,-0.0029,-0.0767,8.0,0.3333,0.0,0.0435,0.0085,0.0184,56.0,0.3373,-0.6498,251.0,0.0543,0.2542,2144.0,0.0008,0.0648,556921.0,0.0163,0.3611,102,0.1341,-0.519,1.2759,0.4289,-1.7147,1.0
202203,53059,"skamania, wa",696000.0,0.0816,0.9429,15,0.5,1.7273,19.0,-0.6244,-0.5099,18,0.2857,3.5,0,,-1.0,0.0,0.0,-0.0909,8.0,0.0,0.3333,0.1758,-0.063,-0.1313,14.0,0.8667,0.4737,358.0,0.1415,0.6822,1860.0,0.0028,0.2037,750444.0,-0.0367,0.7104,31,0.6486,1.1034,0.9333,0.1833,-0.7939,1.0
202203,53037,"kittitas, wa",950499.0,0.2425,0.9448,30,-0.0476,-0.1304,33.0,-0.3011,0.2264,44,0.4667,-0.3125,0,,-1.0,0.0,0.0,-0.044,6.0,0.5,0.0,0.0459,0.0131,0.0129,61.0,-0.0242,-0.2798,413.0,0.246,0.4253,2528.0,0.0275,0.3645,2031258.0,0.0952,0.2298,93,0.0,-0.2161,2.0167,0.0484,-0.4181,1.0
202203,53007,"chelan, wa",698500.0,0.0049,0.6303,95,0.3869,0.0734,49.0,-0.3899,-0.106,150,2.125,0.4423,0,-1.0,,0.0,-0.0088,0.0,8.0,3.0,1.0,0.0261,0.0147,0.0094,89.0,0.5214,0.3798,326.0,0.0193,0.078,2127.0,-0.0077,0.2657,915278.0,-0.0978,0.3446,183,0.4297,0.22,0.9368,0.0828,0.208,1.0
202203,53071,"walla walla, wa",571725.0,0.2177,0.2714,34,-0.0933,-0.0423,42.0,-0.3083,-0.2385,40,0.5385,-0.3103,0,,,0.0,0.0,0.0,6.0,-0.5,-0.4,0.0456,-0.0621,-0.0245,54.0,0.0588,-0.2059,247.0,-0.0049,0.2367,2280.0,0.0047,-0.0691,803184.0,0.0342,0.2617,88,-0.0056,-0.133,1.5882,0.2282,-0.3273,0.0
202203,53041,"lewis, wa",452000.0,0.0519,0.2512,74,0.0571,-0.0573,31.0,-0.0815,-0.2346,102,0.2439,-0.2388,6,-0.25,0.0,0.0203,-0.0101,0.0048,28.0,0.0769,0.2727,0.0917,-0.0001,0.0347,117.0,-0.0331,-0.3118,271.0,0.011,0.191,1786.0,0.0472,0.1373,571897.0,0.0841,0.2478,193,0.0026,-0.2074,1.5811,-0.1475,-0.5845,0.0
202203,53077,"yakima, wa",392838.0,-0.0226,0.1337,152,-0.0288,0.1429,39.0,-0.358,0.6596,158,0.1127,-0.0247,8,1.0,0.0,0.0148,0.0066,-0.0012,40.0,0.4286,0.6667,0.0752,0.0132,0.0265,180.0,0.0286,-0.1569,224.0,-0.0148,0.1893,1794.0,0.0013,0.0141,472314.0,0.0212,0.1107,339,0.0242,-0.0245,1.1842,0.066,-0.4211,0.0
202203,53001,"adams, wa",348245.0,-0.0027,0.3724,18,-0.1,0.5,121.0,0.0637,0.3711,8,1.0,-0.3333,2,0.0,,0.0351,-0.0006,0.0351,0.0,-1.0,-1.0,0.0,-0.0351,-0.0286,30.0,-0.1549,-0.1549,214.0,0.0855,0.491,1849.0,0.02,0.0766,403059.0,0.0664,0.6283,48,-0.1504,0.0,1.6667,-0.1083,-1.2917,1.0
202203,53043,"lincoln, wa",421250.0,0.0801,0.4415,17,-0.1905,-0.0556,85.0,0.006,0.2158,14,1.3333,0.0,0,,,0.0,0.0,0.0,0.0,-1.0,-1.0,0.0,-0.0444,-0.1005,19.0,0.0571,-0.1778,192.0,-0.0188,0.4506,2366.0,0.274,0.0146,706372.0,0.2013,0.892,36,-0.0779,-0.1235,1.0882,0.2549,-0.1618,0.0
202203,53015,"cowlitz, wa",458475.0,0.1832,0.2129,101,0.2182,0.4255,27.0,-0.2411,-0.0932,166,0.2576,0.3607,64,0.5238,0.1429,0.1487,0.0403,0.0082,44.0,0.0476,0.4667,0.1021,-0.0047,0.0308,173.0,0.0,-0.1687,267.0,-0.0047,0.2089,1812.0,0.1074,0.085,609717.0,0.1308,0.2982,270,0.0568,-0.0146,1.7164,-0.3745,-1.2268,1.0
202203,53017,"douglas, wa",492913.0,0.1599,0.1539,26,0.0612,-0.2121,43.0,0.2014,1.2468,50,0.9231,-0.1379,0,,-1.0,0.0,0.0,-0.0118,4.0,,0.0,0.0261,0.0261,-0.0019,48.0,0.3768,-0.188,296.0,0.0361,0.3624,2047.0,0.1486,-0.0531,691427.0,0.2931,0.2997,75,0.2417,-0.1813,1.8269,0.4188,0.0542,1.0
202203,53055,"san juan, wa",1508650.0,-0.009,0.6088,42,-0.0119,-0.2019,107.0,-0.1198,0.2679,16,0.0,-0.5294,0,,,0.0,0.0,0.0,8.0,1.0,1.0,0.0866,0.0368,0.0559,20.0,0.1818,-0.5806,693.0,-0.0038,0.4957,2369.0,0.0442,0.0741,2222285.0,0.0412,0.0512,62,0.0513,-0.3627,0.4699,0.077,-0.4244,1.0
202203,53067,"thurston, wa",499950.0,-0.0139,0.151,134,0.0428,-0.2118,26.0,0.36,0.1333,338,0.0368,-0.1991,4,-0.5,-0.6667,0.0047,-0.005,-0.0071,28.0,0.2727,-0.2222,0.0323,0.0061,0.0004,395.0,0.0181,-0.1272,285.0,0.0211,0.1472,1893.0,-0.0101,0.0238,624510.0,0.0055,0.026,529,0.0232,-0.159,2.944,-0.0715,0.2852,0.0
202203,53023,"garfield, wa",475000.0,1.1205,0.8741,1,0.0,-0.6,1.0,-0.942,-0.9747,2,,-0.75,0,,,0.0,0.0,0.0,0.0,,,0.0,0.0,0.0,4.0,1.0,-0.3333,243.0,0.778,1.9054,1956.0,0.1927,-0.3617,475000.0,1.1205,0.6712,5,0.5,-0.4375,4.0,2.0,1.6,1.0
202203,53047,"okanogan, wa",461000.0,0.0752,-0.0233,44,0.0115,-0.1538,72.0,-0.2899,-0.0883,30,0.5,0.3636,0,,,0.0,0.0,0.0,2.0,0.0,-0.8,0.0187,0.002,-0.0595,37.0,-0.0759,-0.2065,246.0,-0.0103,0.0173,1621.0,0.0014,-0.0952,615404.0,-0.0134,-0.0501,80,-0.0476,-0.1795,0.8295,-0.0785,-0.0551,0.0
202203,53061,"snohomish, wa",762212.0,0.0661,0.2715,346,0.2868,-0.0029,11.0,0.05,-0.4324,1098,0.3522,0.0055,26,-0.1875,-0.7797,0.0099,-0.0065,-0.0301,66.0,1.0625,0.375,0.0251,0.0098,0.0092,1185.0,0.178,-0.1728,393.0,0.0122,0.2451,1967.0,-0.0025,0.0436,891673.0,0.0098,0.2511,1529,0.1918,-0.1283,3.4284,-0.3165,-0.7044,0.0
202203,53029,"island, wa",712350.0,0.0785,0.2271,51,0.2143,-0.15,26.0,0.2716,-0.1121,106,0.2045,-0.1846,0,,-1.0,0.0,0.0,-0.0123,18.0,0.5,0.0,0.0646,0.0129,0.0101,112.0,0.0136,-0.125,351.0,0.0312,0.1008,1933.0,-0.0204,-0.0257,820582.0,0.0058,-0.0333,161,0.0557,-0.1593,2.1961,-0.4349,0.0627,0.0
202203,53053,"pierce, wa",577450.0,-0.0086,0.1268,463,0.1768,-0.1045,19.0,-0.119,0.0571,1146,0.1552,-0.2031,70,0.2963,-0.2857,0.0226,0.0022,-0.0031,100.0,0.5152,0.0638,0.0323,0.0074,0.007,1459.0,0.1408,-0.1637,309.0,0.0109,0.1537,1967.0,0.0047,0.0201,730917.0,0.004,0.1282,1923,0.1588,-0.1619,3.1535,-0.0997,-0.2231,0.0
202203,53069,"wahkiakum, wa",499000.0,0.1176,0.4288,4,-0.5,-0.6111,96.0,-0.0204,-0.0879,2,,-0.6667,0,,,0.0,0.0,0.0,2.0,-0.5,-0.5,0.0909,-0.1141,-0.0383,8.0,-0.1111,-0.4286,235.0,-0.0117,0.2586,2428.0,0.0772,0.1125,562041.0,0.144,0.0751,11,-0.3125,-0.5217,2.2857,1.0,0.7302,0.0
202203,53027,"grays harbor, wa",404800.0,0.0354,0.4082,153,0.1686,0.7941,36.0,-0.2602,0.0211,142,0.2456,0.2241,2,-0.5,-0.5,0.0044,-0.0058,-0.0048,42.0,0.3125,1.1,0.0972,0.0152,0.0444,142.0,-0.0308,-0.2872,310.0,-0.0096,0.4284,1441.0,0.0536,-0.0313,455395.0,0.0857,0.2341,294,0.0595,0.037,0.9279,-0.1909,-1.4074,1.0
202203,53003,"asotin, wa",432500.0,-0.054,0.2237,21,0.1714,0.0513,21.0,-0.6047,-0.3704,32,0.1429,0.1429,0,,,0.0,0.0,0.0,2.0,-0.5,-0.5,0.0204,-0.0275,-0.0275,40.0,0.2308,0.039,190.0,-0.1074,0.2422,2289.0,0.0265,0.0957,947664.0,0.0294,0.5649,60,0.2,0.0435,1.9512,0.0941,-0.0231,0.0
202203,53009,"clallam, wa",589375.0,-0.0454,0.2467,77,0.0132,0.3276,33.0,0.1579,-0.0365,98,0.1136,0.1395,0,-1.0,,0.0,-0.009,0.0,26.0,0.8571,0.625,0.0896,0.0345,0.0277,119.0,0.3466,0.0172,315.0,0.0268,0.217,1884.0,-0.0444,0.0769,759892.0,0.0271,0.264,192,0.1743,0.1163,1.539,0.3811,-0.4697,0.0
202203,53035,"kitsap, wa",609490.0,0.0167,0.124,167,0.0122,0.0812,23.0,0.0,-0.1,342,-0.05,-0.1779,26,-0.1333,0.8571,0.0273,-0.0041,0.0153,48.0,0.5,0.5,0.0483,0.0131,0.0194,477.0,0.1067,-0.1558,306.0,0.0185,0.1665,2006.0,0.014,-0.0063,805064.0,0.0184,0.0377,637,0.0591,-0.1073,2.8649,0.2448,-0.804,0.0
202203,53011,"clark, wa",577375.0,0.005,0.2036,439,0.1087,0.0391,24.0,-0.1193,-0.2258,842,0.0499,0.0194,646,0.442,0.11,0.2533,0.0651,0.0415,166.0,-0.0235,-0.0349,0.0652,-0.0041,0.0048,1270.0,0.0342,-0.1796,300.0,0.0049,0.1926,1943.0,0.0006,-0.0432,691798.0,-0.0046,0.0436,1712,0.0581,-0.1327,2.8962,-0.2087,-0.772,0.0
202203,53073,"whatcom, wa",646825.0,-0.0237,0.3632,163,0.2988,-0.3545,23.0,-0.1842,-0.4038,270,0.1947,-0.1563,4,,-0.7143,0.0056,0.0056,-0.0091,28.0,0.75,-0.3913,0.039,0.0113,-0.0098,265.0,0.0905,-0.3126,365.0,0.042,0.3121,1863.0,-0.0393,0.1211,919265.0,-0.0419,0.3802,432,0.1771,-0.317,1.6258,-0.3105,0.099,0.0
202203,53033,"king, wa",849619.0,0.0654,0.1719,1055,0.1955,-0.3868,18.0,0.125,-0.28,2668,0.1889,-0.219,44,-0.12,-0.5926,0.0068,-0.0028,-0.0059,158.0,0.5192,-0.5707,0.0244,0.0051,-0.0178,2665.0,0.1266,-0.1727,533.0,0.0253,0.0806,1814.0,0.0671,0.1387,1283655.0,0.03,0.2037,3710,0.1435,-0.2457,2.5261,-0.1544,0.6536,0.0
202203,53045,"mason, wa",502450.0,0.0181,0.5134,51,0.0412,0.0745,26.0,0.5441,0.25,74,-0.1395,-0.3833,0,,-1.0,0.0,0.0,-0.0151,18.0,0.8,0.2857,0.0829,0.038,0.0299,73.0,-0.1049,-0.2892,288.0,-0.0062,0.1909,1805.0,0.0018,0.245,690510.0,-0.0745,0.6602,128,-0.0154,-0.1327,1.4356,-0.2345,-0.7346,1.0
202203,53051,"pend oreille, wa",652250.0,0.1012,0.9946,19,-0.1163,-0.2549,41.0,-0.0355,0.1479,14,-0.3,-0.3,2,,,0.0323,0.0323,0.0323,4.0,1.0,,0.0715,0.0433,0.0715,23.0,0.0,-0.0816,275.0,-0.0276,0.2297,2664.0,0.1121,0.4862,1604318.0,0.0664,1.793,41,-0.0575,-0.18,1.1842,0.1377,0.2234,1.0
202203,53063,"spokane, wa",480000.0,-0.001,0.28,277,0.0552,0.0317,24.0,-0.2167,-0.1897,642,0.1845,-0.1769,34,0.0,-0.6458,0.0184,-0.0022,-0.0278,50.0,0.1364,0.0417,0.0271,-0.0005,0.0051,930.0,0.1705,-0.1572,233.0,-0.0004,0.271,2046.0,0.0061,-0.0547,636044.0,0.006,0.2883,1207,0.1408,-0.1238,3.3574,0.3307,-0.7525,0.0
202203,53049,"pacific, wa",398750.0,0.1069,0.2283,40,-0.0595,-0.1319,40.0,-0.0857,-0.0698,40,-0.0476,-0.3548,4,0.0,-0.5,0.0273,-0.0018,-0.0168,16.0,3.0,0.0,0.1147,0.0877,0.0335,58.0,-0.0085,-0.3371,268.0,0.0211,0.282,1651.0,0.1578,0.1247,475738.0,0.1484,0.119,99,-0.015,-0.2394,1.4684,0.0755,-0.4547,0.0
202203,53013,"columbia, wa",402000.0,-0.2059,0.3653,7,0.0833,0.3,39.0,-0.5471,-0.4815,8,3.0,3.0,0,,,0.0,0.0,0.0,0.0,-1.0,,0.0,-0.1429,0.0,4.0,2.5,-0.6111,252.0,0.7211,0.1353,2136.0,-0.151,0.0399,456391.0,-0.1909,0.2298,11,0.75,-0.25,0.5385,0.3718,-1.2615,1.0
202202,53035,"kitsap, wa",599495.0,0.0001,0.091,165,0.175,0.1792,23.0,-0.4578,-0.2857,360,0.6981,0.4754,30,1.5,-0.1667,0.0314,0.0168,-0.0066,32.0,0.3333,0.4545,0.0352,0.003,0.0117,431.0,0.059,-0.2171,300.0,0.0155,0.1417,1979.0,0.0023,-0.0686,790509.0,-0.0126,-0.0521,601,0.1007,-0.1284,2.6201,-0.2871,-1.3262,1.0
202202,53055,"san juan, wa",1522300.0,0.0183,0.7498,42,0.0244,-0.1845,121.0,0.2347,0.2474,16,3.0,-0.1111,0,,,0.0,0.0,0.0,4.0,0.0,1.0,0.0498,-0.0058,0.0349,17.0,-0.0833,-0.5352,696.0,0.0192,0.5389,2269.0,0.0258,0.0262,2134276.0,0.0874,-0.0123,59,0.0446,-0.3276,0.3929,-0.0462,-0.2965,1.0
202202,53053,"pierce, wa",582475.0,0.0175,0.19,393,0.0826,-0.0882,21.0,-0.4615,-0.0233,992,0.4171,0.0576,54,-0.1,-0.3721,0.0204,-0.0064,-0.0083,66.0,0.1,0.2222,0.0249,-0.002,0.007,1279.0,0.1805,-0.2066,306.0,0.0194,0.1674,1958.0,0.0055,0.0318,727993.0,0.036,0.1627,1659,0.1457,-0.1929,3.2532,0.2697,-0.4858,0.0
202202,53069,"wahkiakum, wa",446500.0,0.1478,0.2403,7,-0.2222,-0.1765,98.0,0.5194,-0.0841,0,,-1.0,0,,,0.0,0.0,0.0,4.0,,1.0,0.205,0.205,0.1383,9.0,0.125,-0.3333,237.0,-0.055,0.3289,2254.0,0.0672,-0.2921,491286.0,0.1111,-0.0784,16,0.0,-0.2727,1.2857,0.3968,-0.3025,1.0
202202,53001,"adams, wa",349199.0,0.076,0.2756,20,-0.1304,0.5385,114.0,0.149,0.7984,4,0.0,-0.6,2,,,0.0357,0.0357,0.0357,2.0,-0.5,,0.0351,-0.0175,0.0351,36.0,-0.0658,-0.0274,197.0,-0.0678,0.2367,1813.0,0.0394,0.0357,377960.0,0.0068,0.4176,57,-0.0887,0.1414,1.775,0.1228,-1.0327,1.0
202202,53017,"douglas, wa",424950.0,-0.0448,0.0379,25,-0.2576,-0.2899,36.0,-0.5355,-0.1111,26,-0.0714,-0.5357,0,,,0.0,0.0,0.0,0.0,,-1.0,0.0,0.0,-0.0148,35.0,0.2321,-0.2069,285.0,0.0074,0.3824,1782.0,0.0096,-0.1,534716.0,-0.0861,0.059,60,0.0,-0.2053,1.4082,0.5597,0.1473,0.0
202202,53013,"columbia, wa",506225.0,0.0657,0.6492,6,0.5,0.0909,85.0,0.0897,1.5373,2,,-0.6667,0,,,0.0,0.0,0.0,2.0,,,0.1429,0.1429,0.1429,1.0,-0.5,-0.875,146.0,-0.2522,-0.2347,2516.0,0.0311,0.2496,564064.0,-0.1913,0.4752,6,0.0,-0.5556,0.1667,-0.3333,-1.2879,1.0
202202,53047,"okanogan, wa",428750.0,0.0088,0.0178,44,-0.3095,-0.25,102.0,-0.0355,-0.202,20,0.6667,0.0,0,,-1.0,0.0,0.0,-0.031,2.0,-0.5,0.0,0.0167,-0.0146,0.0025,40.0,-0.21,-0.21,249.0,0.0373,0.0188,1619.0,-0.0272,-0.0619,623762.0,-0.0672,-0.0262,84,-0.2222,-0.2222,0.908,0.1144,0.046,0.0
202202,53003,"asotin, wa",457175.0,-0.1518,0.6334,18,-0.0278,0.3462,54.0,-0.3676,-0.057,28,2.5,0.5556,0,,,0.0,0.0,0.0,4.0,0.0,0.0,0.0479,-0.0109,-0.0054,33.0,0.0156,-0.2353,212.0,0.0158,0.2744,2230.0,0.0132,0.052,920585.0,-0.009,0.2398,50,0.0,-0.0991,1.8571,0.0794,-1.4121,1.0
202202,53075,"whitman, wa",382000.0,0.0914,0.0702,42,0.1667,-0.125,28.0,-0.5333,-0.3846,44,0.8333,-0.2143,6,0.5,0.0,0.0505,-0.0002,0.0053,8.0,1.0,-0.3333,0.0662,0.0156,-0.0221,30.0,0.5526,-0.4327,180.0,0.0567,0.121,2318.0,0.1521,0.0791,448715.0,0.089,0.2496,71,0.2818,-0.295,0.7024,0.1746,-0.381,0.0
202202,53025,"grant, wa",355886.0,-0.0045,0.1963,102,-0.0467,0.2439,55.0,-0.0522,-0.0992,70,0.0294,0.2963,6,-0.5,0.5,0.0176,-0.0128,0.0046,20.0,0.25,0.4286,0.0569,0.0046,0.0104,167.0,0.219,0.0438,224.0,0.0192,0.226,1724.0,-0.0396,0.0995,406575.0,-0.1102,0.1529,266,0.0726,0.0992,1.6373,0.3569,-0.314,0.0
202202,53049,"pacific, wa",360225.0,0.0322,0.3099,42,0.0,-0.0118,44.0,-0.5,-0.0885,42,0.1667,-0.0455,4,,1.0,0.0292,0.0292,0.0194,4.0,-0.75,-0.6667,0.027,-0.1048,-0.0445,59.0,0.4268,-0.2642,263.0,0.0376,0.3161,1426.0,-0.0743,0.0447,414248.0,0.0344,0.0567,100,0.1765,-0.1903,1.3929,0.4167,-0.4777,0.0
202202,53041,"lewis, wa",429700.0,0.0231,0.2286,70,0.0769,-0.1813,34.0,-0.4727,-0.2373,82,0.7083,-0.0238,8,1.0,,0.0304,0.0122,0.0304,26.0,0.625,0.1818,0.0918,0.0355,0.0264,121.0,0.0804,-0.2798,269.0,0.0873,0.2468,1705.0,-0.0099,0.0161,527532.0,0.0502,0.1538,193,0.0577,-0.2451,1.7286,0.0055,-0.2363,0.0
202202,53023,"garfield, wa",224000.0,-0.145,-0.3554,1,,-0.3333,17.0,-0.8341,-0.7837,0,,,0,,,0.0,0.0,0.0,0.0,,,0.0,0.0,0.0,2.0,0.0,-0.6364,137.0,0.1059,-0.0905,1640.0,-0.1759,-0.236,224000.0,-0.145,-0.3554,3,0.5,-0.6,2.0,,-1.6667,1.0
202202,53059,"skamania, wa",643475.0,0.0296,0.2504,10,-0.1667,0.8182,49.0,-0.4497,-0.4339,14,2.5,0.75,0,,-1.0,0.0,0.0,-0.0645,8.0,1.0,1.0,0.2389,0.0389,0.1118,8.0,-0.3182,-0.3182,314.0,-0.0083,0.294,1855.0,0.0555,0.0181,779001.0,0.1734,0.1865,19,-0.119,0.0571,0.75,-0.1667,-1.25,1.0
202202,53021,"franklin, wa",499788.0,-0.0003,0.3158,49,-0.0926,-0.3147,28.0,-0.625,-0.6764,68,0.4167,-0.4138,2,-0.5,-0.8889,0.0132,-0.0171,-0.0416,6.0,-0.25,-0.4,0.035,-0.0198,0.0079,42.0,0.1528,-0.7077,238.0,-0.054,0.1749,2142.0,0.0194,0.0941,547994.0,0.0157,0.3549,90,-0.0056,-0.5798,0.8469,0.1803,-1.1391,1.0
202202,53051,"pend oreille, wa",592300.0,0.0391,0.7045,22,-0.0652,0.1026,42.0,-0.5029,-0.4566,20,0.6667,0.4286,0,,,0.0,0.0,0.0,2.0,-0.5,,0.0282,-0.0396,0.0282,23.0,-0.1,0.0714,283.0,0.0733,0.1245,2396.0,-0.0403,0.3681,1504431.0,0.0256,1.2702,44,-0.0938,0.061,1.0465,-0.0404,-0.0304,1.0
202202,53045,"mason, wa",493500.0,0.0281,0.292,49,0.2125,0.1975,17.0,-0.6852,-0.4333,86,1.6875,0.4828,0,-1.0,-1.0,0.0,-0.0237,-0.021,10.0,0.25,4.0,0.045,-0.0156,0.036,81.0,0.2857,-0.1474,290.0,0.0503,0.2076,1802.0,-0.0063,0.1459,746056.0,0.0796,0.6466,130,0.2333,-0.0443,1.6701,0.0951,-0.6756,0.0
202202,53065,"stevens, wa",509500.0,0.021,0.3413,45,-0.0918,-0.043,70.0,-0.3146,0.0144,24,-0.1429,-0.3333,0,,,0.0,0.0,0.0,10.0,1.5,1.5,0.0876,0.0586,0.0616,47.0,-0.1058,-0.3162,219.0,0.0442,0.1,2018.0,-0.0922,0.0309,604662.0,0.0128,0.106,90,-0.0773,-0.2183,1.0449,-0.0163,-0.4174,0.0
202202,53027,"grays harbor, wa",390975.0,0.0051,0.3636,131,-0.0261,0.5915,49.0,-0.1695,0.4412,114,0.9,0.425,4,0.0,0.0,0.0102,-0.0022,-0.0008,32.0,0.0,3.0,0.082,0.0065,0.0582,146.0,0.0735,-0.2087,313.0,0.0754,0.5652,1367.0,-0.0344,-0.0879,419436.0,0.0008,0.09,278,0.0202,0.0472,1.1188,0.1038,-1.1312,1.0
202202,53071,"walla walla, wa",469500.0,-0.0591,0.0325,38,-0.0385,-0.0506,60.0,-0.0551,0.4118,26,-0.2778,-0.0714,0,,,0.0,0.0,0.0,12.0,2.0,5.0,0.1077,0.0776,0.0942,51.0,0.0851,-0.3154,248.0,-0.0422,0.2965,2269.0,0.0184,-0.1066,776635.0,-0.0339,0.2136,89,0.0172,-0.2436,1.36,0.1549,-0.5261,0.0
202202,53067,"thurston, wa",506988.0,0.0347,0.1279,129,0.0447,-0.0982,19.0,-0.5066,-0.3421,326,0.4298,0.2937,8,1.0,0.0,0.0097,0.0039,0.0001,22.0,-0.2143,0.2222,0.0262,-0.0154,0.0042,388.0,0.1637,-0.0818,279.0,0.0146,0.1356,1912.0,0.0309,-0.0039,621090.0,0.0428,-0.0204,517,0.1338,-0.0793,3.0156,0.3082,0.0542,0.0
202202,53043,"lincoln, wa",390000.0,0.0131,0.3065,21,-0.0455,0.2353,84.0,0.0633,0.1707,6,-0.25,0.0,0,,,0.0,0.0,0.0,2.0,-0.5,-0.5,0.0444,-0.0407,-0.0345,18.0,-0.0278,-0.0789,196.0,0.0301,0.4677,1857.0,-0.079,-0.141,587984.0,0.0315,0.5508,39,0.0132,0.0405,0.8333,0.0152,-0.2843,0.0
202202,53037,"kittitas, wa",764995.0,0.0412,0.5478,32,-0.2125,-0.0735,47.0,-0.38,0.2318,30,0.25,0.0,0,-1.0,-1.0,0.0,-0.0317,-0.0132,4.0,0.0,,0.0328,0.0078,0.0328,62.0,-0.1622,-0.1842,331.0,0.0068,0.1329,2460.0,0.1136,0.1816,1854731.0,0.0784,0.0938,93,-0.1886,-0.1591,1.9683,0.1183,-0.267,1.0
202202,53033,"king, wa",797463.0,0.0425,0.1352,883,0.183,-0.4232,16.0,-0.5676,-0.4754,2244,0.3584,0.0615,50,0.25,-0.3056,0.0095,0.0004,-0.0013,104.0,0.3684,-0.6061,0.0193,0.0012,-0.021,2366.0,0.3603,-0.1921,520.0,0.0469,0.0413,1700.0,0.0366,0.1184,1246325.0,0.0675,0.1285,3244,0.3483,-0.2661,2.6805,0.3494,0.7667,0.0
202202,53029,"island, wa",660500.0,0.0162,0.1497,42,0.0,-0.2941,20.0,-0.46,-0.4088,88,0.375,0.1,0,-1.0,-1.0,0.0,-0.0167,-0.0078,12.0,0.5,-0.1429,0.0516,0.0091,-0.0024,111.0,0.1882,-0.083,340.0,0.0564,0.1406,1973.0,-0.0067,-0.0032,815813.0,0.0023,-0.0092,153,0.1051,-0.1504,2.631,0.4167,0.6057,0.0
202202,53005,"benton, wa",556950.0,-0.0227,0.2446,254,-0.1025,0.1925,51.0,-0.1314,0.4041,276,0.38,0.122,24,0.2,-0.3684,0.0321,0.0046,-0.0209,38.0,0.3571,0.1875,0.0507,0.0062,0.0053,225.0,0.3129,-0.0948,268.0,0.0098,0.2386,2192.0,-0.0166,-0.0166,574849.0,-0.0251,0.1181,475,0.0383,0.0383,0.8839,0.2796,-0.2805,0.0
202202,53019,"ferry, wa",193675.0,-0.2548,-0.3379,10,-0.2308,-0.3333,121.0,0.1524,-0.0584,0,,-1.0,0,,,0.0,0.0,0.0,0.0,,,0.0,0.0,0.0,10.0,0.25,0.1111,184.0,-0.1458,0.4385,1367.0,-0.3235,-0.4126,311974.0,-0.1268,-0.1078,20,0.0,-0.1837,1.0,0.3846,0.4,1.0
202202,53031,"jefferson, wa",649875.0,0.1453,0.1401,30,0.2,-0.3333,49.0,0.0591,-0.186,34,0.7,0.3077,0,,-1.0,0.0,0.0,-0.0156,10.0,0.25,,0.0922,0.0138,0.0922,41.0,0.025,-0.2807,372.0,0.0338,0.2018,1707.0,0.0023,-0.0599,895936.0,0.0024,0.1469,74,0.1212,-0.2745,1.3667,-0.2333,0.1,0.0
202202,53061,"snohomish, wa",714930.0,0.0361,0.1842,269,0.1881,-0.0129,10.0,-0.6774,-0.5556,812,0.2688,0.2047,32,0.0,-0.6596,0.0164,-0.0032,-0.0244,32.0,0.0,0.4545,0.0153,-0.0043,0.0057,1006.0,0.3075,-0.2693,389.0,0.0523,0.2424,1972.0,0.0244,0.0017,883034.0,-0.001,0.2115,1283,0.2864,-0.2204,3.7449,0.3422,-1.3139,1.0
202202,53007,"chelan, wa",695125.0,0.0261,0.626,69,-0.4292,-0.1646,80.0,-0.2535,0.0,48,0.5,-0.0769,2,,,0.0088,0.0088,0.0088,2.0,-0.8333,-0.5,0.0114,-0.0401,-0.0077,59.0,-0.0085,-0.1136,319.0,-0.0114,0.1052,2144.0,-0.0558,0.1683,1014451.0,0.0695,0.4959,128,-0.2601,-0.1351,0.854,0.3623,0.0491,1.0
202202,53057,"skagit, wa",577250.0,0.0039,0.0995,94,0.0872,0.0331,34.0,-0.3796,-0.1519,140,0.4583,0.1864,2,,-0.6667,0.0053,0.0053,-0.011,16.0,1.0,0.0,0.0443,0.0183,0.0046,142.0,0.1452,-0.224,337.0,0.014,0.186,1784.0,-0.0465,-0.0341,816003.0,-0.0355,0.0706,237,0.1156,-0.1273,1.5187,0.0769,-0.5034,0.0
202202,53011,"clark, wa",574500.0,0.009,0.2289,396,0.0836,-0.0198,27.0,-0.5742,-0.2101,802,0.2301,0.197,448,-0.0175,-0.1673,0.1882,-0.0314,-0.0304,170.0,-0.1146,0.0625,0.0693,-0.0212,0.0088,1228.0,0.1328,-0.1851,298.0,0.0334,0.1937,1942.0,-0.0296,-0.0279,695024.0,-0.025,0.0737,1618,0.1244,-0.1502,3.1049,0.1351,-0.6299,0.0
202202,53009,"clallam, wa",617438.0,-0.0119,0.4327,76,0.2667,0.2667,29.0,-0.4911,-0.4093,88,0.4667,0.2571,2,,-0.5,0.009,0.009,-0.0075,14.0,0.75,1.3333,0.055,0.0065,0.0313,88.0,0.1139,-0.2281,306.0,0.0085,0.2089,1971.0,-0.0086,0.1456,739861.0,0.0107,0.226,164,0.1934,-0.0549,1.1579,-0.1588,-0.7421,0.0
202202,53073,"whatcom, wa",662494.0,0.1325,0.523,126,0.0458,-0.5059,29.0,-0.3804,-0.4673,226,0.7121,-0.0342,0,-1.0,-1.0,0.0,-0.0092,-0.0045,16.0,0.0,-0.3846,0.0277,-0.0119,-0.0017,243.0,0.2526,-0.3511,350.0,0.0245,0.286,1940.0,0.1332,0.2187,959469.0,0.0825,0.5269,367,0.1688,-0.4114,1.9363,0.3196,0.4618,1.0
202202,53039,"klickitat, wa",574225.0,0.2089,0.2153,20,-0.1875,0.2581,133.0,0.0329,0.9173,8,1.0,-0.2,4,0.0,,0.0832,0.0091,0.0832,10.0,-0.375,-0.375,0.2273,-0.069,-0.0992,17.0,-0.2917,0.0303,229.0,0.042,0.1651,2140.0,0.0882,0.016,644115.0,0.1208,0.1316,37,-0.2234,0.1061,0.8718,-0.1282,-0.1927,0.0
202202,53063,"spokane, wa",480495.0,0.0116,0.2707,263,-0.0205,0.1242,30.0,-0.4737,-0.2308,542,0.2431,-0.0936,34,0.7,-0.5526,0.0207,0.0075,-0.0189,44.0,0.0,0.2941,0.0276,-0.0032,0.0094,795.0,0.0693,-0.2599,233.0,0.015,0.2654,2034.0,0.0033,-0.032,632235.0,0.0196,0.2382,1058,0.0434,-0.1868,3.0267,0.2543,-1.5708,1.0
202202,53077,"yakima, wa",401938.0,0.0401,0.1998,157,-0.1006,0.1507,61.0,0.1462,0.9286,142,0.6136,-0.0533,4,-0.5,-0.6,0.0082,-0.0091,-0.0117,28.0,-0.2222,-0.0667,0.062,-0.018,0.0053,175.0,-0.1294,-0.1272,227.0,0.0023,0.2337,1792.0,0.0558,-0.0157,462517.0,0.0856,0.1416,331,-0.1163,-0.0378,1.1182,-0.037,-0.3561,0.0
202202,53015,"cowlitz, wa",387475.0,-0.0178,0.0405,83,-0.0179,0.2313,35.0,-0.295,0.0071,132,0.2692,0.1186,42,0.3125,0.0,0.1083,0.0111,0.0021,42.0,0.05,0.2353,0.1068,-0.0091,0.0205,173.0,0.2148,-0.1958,269.0,0.0766,0.2236,1636.0,-0.0393,-0.0417,539204.0,-0.0421,0.1969,256,0.1256,-0.0809,2.0909,0.4004,-1.1106,1.0
202201,53069,"wahkiakum, wa",389000.0,-0.061,-0.0238,9,0.0588,-0.1,65.0,0.7086,-0.2989,0,-1.0,,0,,,0.0,0.0,0.0,0.0,-1.0,,0.0,-0.087,0.0,8.0,0.7778,0.0,251.0,-0.0651,0.2071,2112.0,0.5601,-0.1771,442180.0,0.0206,-0.1251,16,0.1852,-0.0588,0.8889,0.3595,0.0889,0.0
202201,53057,"skagit, wa",575000.0,-0.0406,0.0698,86,-0.1963,-0.1134,54.0,-0.0526,0.2414,96,0.3333,-0.1111,0,-1.0,-1.0,0.0,-0.0184,-0.0113,8.0,-0.5556,-0.6667,0.026,-0.0285,-0.042,124.0,-0.1507,-0.2749,333.0,0.0377,0.1803,1871.0,-0.0213,-0.04,846017.0,0.0372,0.1801,212,-0.1637,-0.209,1.4419,0.0774,-0.321,0.0
202201,53037,"kittitas, wa",734745.0,0.1291,0.0511,40,-0.3893,0.1429,75.0,0.1494,0.4423,24,-0.2,-0.4,4,1.0,,0.0317,0.0232,0.0317,4.0,-0.7143,-0.5,0.025,-0.0413,-0.0253,74.0,-0.278,-0.1395,329.0,0.0579,-0.0104,2209.0,0.0291,-0.0862,1719880.0,0.2708,0.0057,114,-0.3214,-0.042,1.85,0.2851,-0.6071,0.0
202201,53011,"clark, wa",569400.0,0.0228,0.2128,365,-0.1978,-0.2396,64.0,0.4545,0.4222,652,0.2256,-0.0791,456,-0.0988,0.0,0.2197,0.0021,0.0437,192.0,-0.2381,-0.0943,0.0905,-0.0146,-0.0051,1084.0,-0.2085,-0.2012,289.0,0.0289,0.1971,2001.0,-0.0257,-0.0244,712830.0,-0.0034,0.1263,1439,-0.2113,-0.2201,2.9699,-0.04,0.1428,0.0
202201,53043,"lincoln, wa",384950.0,0.0413,0.0418,22,-0.2903,-0.0435,79.0,0.2107,0.0897,8,0.0,-0.3333,0,,,0.0,0.0,0.0,4.0,,0.0,0.0851,0.0851,0.011,18.0,-0.2174,0.0,190.0,0.0,0.1116,2016.0,0.0296,-0.0748,570054.0,-0.0103,0.4254,38,-0.3028,-0.0732,0.8182,0.0762,0.0356,0.0
202201,53025,"grant, wa",357500.0,-0.0259,0.2772,107,-0.1336,0.1146,58.0,0.2234,-0.0873,68,0.0625,-0.2273,12,,,0.0304,0.0304,0.0304,16.0,0.3333,-0.3333,0.0523,0.0119,-0.0171,137.0,-0.1046,-0.1491,220.0,0.0058,0.2225,1795.0,0.0098,0.1375,456953.0,0.0217,0.3554,248,-0.1111,-0.0275,1.2804,0.0415,-0.3967,0.0
202201,53073,"whatcom, wa",585000.0,-0.0241,0.3732,120,-0.2547,-0.5181,46.0,-0.098,-0.4026,132,0.0476,-0.34,4,0.0,-0.6667,0.0092,0.0022,-0.0061,16.0,-0.3333,-0.3333,0.0396,0.0001,0.009,194.0,-0.2828,-0.4174,342.0,0.026,0.2796,1712.0,-0.079,0.094,886385.0,0.0725,0.4681,314,-0.2723,-0.4586,1.6167,-0.0635,0.2793,0.0
202201,53065,"stevens, wa",499000.0,-0.0113,0.4963,49,-0.295,0.0426,103.0,0.0433,0.3312,28,0.4,0.0,0,,,0.0,0.0,0.0,4.0,-0.5,0.0,0.029,-0.0253,-0.0011,52.0,-0.168,-0.2571,210.0,-0.0011,0.0721,2223.0,-0.0395,0.1545,597030.0,0.0153,0.2791,97,-0.251,-0.1565,1.0612,0.1619,-0.4281,0.0
202201,53071,"walla walla, wa",499000.0,0.0323,0.1686,39,-0.1034,-0.1136,64.0,0.1705,0.5875,36,-0.0526,-0.1818,0,,,0.0,0.0,0.0,4.0,-0.6,-0.6667,0.0301,-0.0435,-0.0401,47.0,-0.1296,-0.2295,259.0,0.0752,0.2687,2228.0,-0.0239,-0.0146,803904.0,0.0713,0.4049,87,-0.1212,-0.1792,1.2051,-0.0363,-0.1812,0.0
202201,53023,"garfield, wa",262000.0,0.2329,0.3793,0,,-1.0,104.0,-0.1613,0.3867,0,,,0,,,0.0,0.0,0.0,0.0,,,0.0,0.0,0.0,2.0,-0.5,-0.5,124.0,0.1926,0.2374,1990.0,-0.0363,0.0524,262000.0,0.2329,-0.0687,2,-0.5,-0.6667,,,,1.0
202201,53009,"clallam, wa",624900.0,0.0335,0.5262,60,-0.1781,-0.1176,56.0,-0.1181,0.0182,60,-0.0323,-0.1667,0,,,0.0,0.0,0.0,8.0,-0.2,-0.3333,0.0485,0.0087,-0.0005,79.0,-0.3361,-0.2547,304.0,0.0373,0.2263,1988.0,-0.0209,0.1626,732012.0,-0.0044,0.19,137,-0.292,-0.2171,1.3167,-0.3135,-0.2422,1.0
202201,53075,"whitman, wa",350000.0,0.0014,0.0773,36,-0.122,-0.25,60.0,0.1215,-0.2308,24,1.0,0.2,4,,0.0,0.0506,0.0506,0.0139,4.0,-0.3333,-0.6667,0.0506,-0.0145,-0.0595,19.0,-0.2083,-0.4242,170.0,-0.0806,0.1306,2012.0,-0.0601,-0.0045,412024.0,-0.0158,0.2086,55,-0.1473,-0.3373,0.5278,-0.0576,-0.1597,0.0
202201,53033,"king, wa",764950.0,0.0227,0.0929,746,-0.1575,-0.5487,37.0,-0.0864,-0.2128,1652,0.4291,-0.1657,40,0.1111,-0.4737,0.0092,0.0014,-0.0036,76.0,-0.4412,-0.7625,0.0181,-0.0127,-0.0364,1739.0,-0.26,-0.2823,496.0,0.0015,-0.0132,1640.0,0.0172,0.0933,1167466.0,0.0551,0.0474,2406,-0.2533,-0.3961,2.3311,-0.3228,0.8653,0.0
202201,53027,"grays harbor, wa",389000.0,0.0118,0.3676,134,-0.1126,0.5227,59.0,0.1401,0.0727,60,-0.2857,-0.0625,4,-0.3333,0.0,0.0124,-0.0019,0.0016,32.0,0.6,0.6,0.0755,0.0197,0.0214,136.0,-0.1338,-0.3131,291.0,0.0765,0.4922,1416.0,-0.049,-0.0167,419102.0,-0.0077,0.1177,272,-0.1197,-0.0389,1.0149,-0.0248,-1.2351,1.0
202201,53067,"thurston, wa",489999.0,-0.0071,0.0583,123,-0.3128,-0.2264,38.0,0.0,0.027,228,-0.1739,-0.1618,4,-0.6,0.0,0.0058,-0.0064,0.0008,28.0,-0.2222,0.1667,0.0415,-0.0003,0.0119,333.0,-0.1612,-0.126,275.0,0.0142,0.1307,1855.0,-0.0312,-0.0645,595582.0,-0.0093,-0.0868,456,-0.2097,-0.1556,2.7073,0.4894,0.3111,0.0
202201,53051,"pend oreille, wa",570000.0,-0.0172,1.0379,23,-0.4458,0.2105,85.0,0.2014,0.0759,12,0.5,,0,,,0.0,0.0,0.0,4.0,0.0,,0.0678,0.0165,0.0678,25.0,-0.0196,0.0,263.0,-0.0305,0.0474,2496.0,0.0394,0.5542,1466932.0,0.316,1.3328,48,-0.2727,0.1163,1.087,0.4725,-0.2288,1.0
202201,53031,"jefferson, wa",567450.0,-0.0422,-0.0258,25,-0.2063,-0.5283,47.0,-0.0792,-0.225,20,-0.1667,-0.4444,0,,,0.0,0.0,0.0,8.0,3.0,0.0,0.0784,0.059,0.0278,40.0,-0.1489,-0.2857,360.0,-0.0082,0.1866,1703.0,0.0315,-0.0704,893774.0,0.0201,0.2311,66,-0.175,-0.3945,1.6,0.1079,0.5434,0.0
202201,53053,"pierce, wa",572475.0,0.0505,0.145,363,-0.2875,-0.1987,39.0,0.013,0.0833,700,0.0116,-0.2222,60,0.0345,-0.4828,0.0269,0.0022,-0.0157,60.0,-0.5775,-0.1667,0.0269,-0.0271,0.0015,1083.0,-0.22,-0.2597,300.0,0.024,0.1597,1947.0,0.0106,-0.0051,702668.0,0.0555,0.1225,1448,-0.2367,-0.2395,2.9835,0.2583,-0.2461,0.0
202201,53005,"benton, wa",569900.0,0.0496,0.2831,283,-0.1306,0.2198,59.0,0.1569,0.1569,200,-0.0476,-0.1228,20,0.25,-0.2857,0.0275,0.0062,-0.011,28.0,-0.125,-0.125,0.0444,0.0002,-0.0031,171.0,-0.088,-0.1276,265.0,0.0111,0.2946,2229.0,-0.0042,-0.0058,589645.0,0.0193,0.1831,457,-0.1135,0.027,0.6042,0.0282,-0.2406,0.0
202201,53015,"cowlitz, wa",394500.0,-0.0493,0.0691,84,-0.1472,0.12,50.0,0.0638,-0.1071,104,0.2683,-0.1034,32,-0.2727,-0.4286,0.0973,-0.0239,-0.0603,40.0,-0.3103,0.0,0.1159,-0.0666,0.0131,142.0,-0.2467,-0.2642,250.0,0.0469,0.1925,1703.0,-0.0898,-0.0269,562917.0,0.0378,0.3109,227,-0.2063,-0.153,1.6905,-0.2232,-0.8829,0.0
202201,53047,"okanogan, wa",425000.0,0.0437,0.0668,63,-0.1711,-0.0455,106.0,0.1657,-0.0705,12,-0.1429,0.0,0,,-1.0,0.0,0.0,-0.0323,4.0,-0.3333,0.0,0.0313,-0.0117,-0.001,50.0,-0.0566,0.1364,240.0,0.0862,0.0721,1664.0,-0.0229,-0.0212,668716.0,0.0733,0.165,108,-0.1462,-0.0182,0.7937,0.0963,0.127,0.0
202201,53063,"spokane, wa",475000.0,0.0394,0.2667,268,-0.335,-0.0219,57.0,-0.1648,0.14,436,-0.0136,-0.121,20,-0.2857,-0.5833,0.0131,-0.0018,-0.0155,44.0,-0.5686,-0.2143,0.0308,-0.0221,0.0005,743.0,-0.2484,-0.2418,229.0,0.0424,0.2907,2027.0,-0.0463,-0.0601,620065.0,0.0793,0.2502,1014,-0.2708,-0.1803,2.7724,0.3195,-0.8043,0.0
202201,53007,"chelan, wa",677450.0,0.0089,0.5423,120,-0.1919,0.2245,107.0,0.3567,0.1576,32,-0.2381,-0.4286,0,,,0.0,0.0,0.0,12.0,-0.3333,0.5,0.0515,-0.018,0.015,59.0,-0.1449,-0.0484,323.0,0.0287,0.1466,2271.0,-0.0087,0.2813,948528.0,-0.0377,0.6182,173,-0.2009,0.0881,0.4917,0.027,-0.141,1.0
202201,53055,"san juan, wa",1495000.0,0.2523,0.7184,41,-0.2407,-0.2264,98.0,0.037,-0.0392,4,-0.7143,-0.6667,0,,,0.0,0.0,0.0,4.0,1.0,0.0,0.0556,0.0374,0.0182,18.0,-0.4545,-0.5814,683.0,0.1211,0.5597,2212.0,0.0545,0.017,1962745.0,-0.1296,-0.1205,56,-0.3672,-0.4105,0.439,-0.1721,-0.3723,1.0
202201,53039,"klickitat, wa",475000.0,0.1467,-0.199,24,-0.2615,0.4118,129.0,0.303,0.9111,4,1.0,-0.5,4,1.0,0.0,0.0741,0.0455,0.0013,16.0,-0.1111,0.0,0.2963,0.0178,0.0251,24.0,-0.25,-0.04,220.0,-0.0334,-0.0964,1967.0,0.0604,-0.1012,574678.0,0.0052,-0.1299,47,-0.2713,0.175,1.0,0.0154,-0.4706,1.0
202201,53061,"snohomish, wa",690000.0,-0.0057,0.1917,226,-0.1456,-0.2566,31.0,-0.1389,-0.2152,640,0.0847,-0.0751,32,0.0667,-0.68,0.0196,0.0009,-0.023,32.0,0.0,0.0,0.0196,0.001,0.0057,769.0,-0.2796,-0.3848,369.0,0.0278,0.2332,1925.0,-0.0201,-0.0088,883891.0,0.0236,0.2617,997,-0.2504,-0.3593,3.4027,-0.6333,-0.7092,0.0
202201,53041,"lewis, wa",420000.0,-0.0221,0.2263,65,-0.2896,-0.3229,64.0,0.0802,0.0159,48,-0.1429,-0.4545,4,-0.3333,-0.5,0.0182,-0.0039,-0.0038,16.0,-0.4667,0.3333,0.0563,-0.055,0.018,112.0,-0.0968,-0.2057,247.0,-0.0065,0.2041,1722.0,-0.0435,0.01,502297.0,0.0161,0.1503,182,-0.1555,-0.2321,1.7231,0.3679,0.2543,0.0
202201,53035,"kitsap, wa",599450.0,-0.0001,0.2757,140,-0.2265,-0.1566,42.0,-0.0568,0.0,212,0.1522,0.0392,12,-0.3333,0.0,0.0146,-0.0102,0.0008,24.0,0.2,-0.4545,0.0323,0.0071,-0.016,407.0,-0.2097,-0.1909,296.0,0.0678,0.15,1974.0,-0.0405,0.0217,800568.0,0.0153,0.032,546,-0.2144,-0.1851,2.9071,0.0618,-0.123,0.0
202201,53059,"skamania, wa",624950.0,0.0101,-0.0384,12,0.0,0.5,90.0,0.2431,0.017,4,-0.3333,0.0,0,-1.0,,0.0,-0.1092,0.0,4.0,-0.3333,0.0,0.2,0.031,0.0261,11.0,-0.4211,0.1,317.0,0.0259,0.1717,1757.0,-0.0175,-0.2892,663891.0,0.0085,-0.1089,21,-0.3115,0.1667,0.9167,-0.6667,-0.3333,0.0
202201,53021,"franklin, wa",499945.0,-0.03,0.3158,54,-0.1429,-0.3647,74.0,0.3274,0.035,48,0.3333,-0.3684,4,0.0,-0.75,0.0303,0.0013,-0.0285,8.0,0.0,0.0,0.0548,0.0009,0.0191,36.0,-0.3514,-0.6923,251.0,0.0306,0.29,2101.0,-0.0101,0.0513,539521.0,-0.0331,0.3545,90,-0.2373,-0.5673,0.6667,-0.2143,-0.7098,0.0
202201,53003,"asotin, wa",539000.0,0.401,1.0851,18,-0.3455,-0.1,85.0,0.2186,0.4912,8,-0.2,-0.6,0,,,0.0,0.0,0.0,4.0,0.0,0.0,0.0588,0.0017,0.0009,32.0,-0.1351,-0.0303,209.0,0.0054,0.4524,2201.0,0.0496,0.1097,928900.0,0.1029,0.789,50,-0.2188,-0.0741,1.7778,0.4323,0.1278,1.0
202201,53029,"island, wa",650000.0,0.0789,0.1304,42,-0.3333,-0.2881,38.0,-0.1477,-0.1848,64,-0.1111,-0.1579,4,0.0,,0.0167,0.0025,0.0167,8.0,-0.2,-0.3333,0.0426,0.002,-0.0053,93.0,-0.253,-0.225,322.0,0.0175,0.1224,1987.0,0.0237,-0.0314,813953.0,0.0015,-0.0421,138,-0.2581,-0.2291,2.2143,0.2381,0.1804,0.0
202201,53013,"columbia, wa",475000.0,0.0,0.8276,4,0.0,-0.2,78.0,0.2235,1.1081,0,,-1.0,0,,,0.0,0.0,0.0,0.0,,,0.0,0.0,0.0,2.0,0.0,-0.7143,196.0,-0.0485,0.2821,2440.0,-0.0057,0.1879,697475.0,-0.0169,1.0985,6,-0.0769,-0.4545,0.5,0.0,-0.9,1.0
202201,53077,"yakima, wa",386449.0,0.0007,0.1073,174,-0.2073,0.1226,53.0,0.191,-0.0364,88,-0.3889,-0.2667,8,0.0,-0.3333,0.0173,0.0042,-0.0093,36.0,-0.3793,0.125,0.08,-0.012,0.0104,201.0,-0.1846,0.1167,227.0,0.0611,0.2262,1697.0,-0.0466,-0.0842,426043.0,-0.0172,0.0109,374,-0.1991,0.1198,1.1552,0.0322,-0.0061,0.0
202201,53017,"douglas, wa",444900.0,-0.0369,0.115,33,-0.2326,-0.0833,78.0,0.25,0.2917,28,0.0,-0.125,0,,,0.0,0.0,0.0,0.0,-1.0,-1.0,0.0,-0.0771,-0.0303,28.0,-0.2533,-0.2821,283.0,0.0348,0.3612,1765.0,-0.0184,-0.0661,585094.0,-0.008,0.1852,60,-0.2727,-0.2105,0.8485,-0.0236,-0.2348,0.0
202201,53019,"ferry, wa",259900.0,-0.2466,-0.119,13,-0.2973,-0.2778,105.0,0.037,-0.0187,0,-1.0,,0,,,0.0,0.0,0.0,0.0,,,0.0,0.0,0.0,8.0,-0.3333,-0.2727,215.0,0.0,0.6841,2020.0,-0.0386,-0.053,357269.0,-0.1858,0.0143,20,-0.3333,-0.3103,0.6154,-0.0333,0.0043,1.0
202201,53001,"adams, wa",324543.0,0.1058,0.2247,23,-0.2459,0.7692,99.0,0.4348,0.32,4,-0.6667,-0.5,0,-1.0,,0.0,-0.0247,0.0,4.0,-0.3333,,0.0526,-0.0214,0.0526,38.0,-0.0256,-0.1364,211.0,0.099,0.4126,1744.0,0.0384,0.092,375393.0,0.0392,0.4913,62,-0.1079,0.1071,1.6522,0.3735,-1.7324,1.0
202201,53045,"mason, wa",480000.0,-0.0052,0.4713,40,-0.2727,0.0,54.0,0.1739,0.2558,32,-0.2727,-0.4286,4,,,0.0237,0.0237,0.0237,8.0,0.3333,0.0,0.0606,0.0256,0.0212,63.0,-0.1656,-0.4057,276.0,0.0031,0.3032,1814.0,0.0233,0.2253,691080.0,0.0709,0.7619,105,-0.186,-0.3,1.575,0.2023,-1.075,1.0
202201,53049,"pacific, wa",349000.0,-0.0443,0.1655,42,-0.1515,-0.2075,88.0,0.0174,0.1589,36,0.3846,0.125,0,-1.0,,0.0,-0.0327,0.0,16.0,-0.1111,0.0,0.1319,-0.0041,0.023,41.0,-0.1961,-0.3692,253.0,-0.0481,0.2603,1541.0,0.048,0.1462,400469.0,-0.0176,0.0075,85,-0.1584,-0.2672,0.9762,-0.0541,-0.2502,0.0
202112,53035,"kitsap, wa",599495.0,-0.0003,0.274,181,-0.293,-0.1192,44.0,0.1892,-0.0112,184,-0.4026,-0.1238,18,1.25,3.5,0.0247,0.0176,0.0205,20.0,-0.7727,-0.6429,0.0251,-0.0491,-0.0279,515.0,-0.1388,-0.1166,277.0,-0.0044,0.0681,2057.0,0.0018,0.0715,788527.0,0.0684,0.1302,695,-0.1895,-0.1135,2.8453,0.5094,0.0083,0.0
202112,53027,"grays harbor, wa",384475.0,0.0085,0.3495,151,-0.0876,0.2276,52.0,0.0248,-0.0327,84,-0.2222,0.1053,6,,2.0,0.0143,0.0143,0.0099,20.0,-0.4444,0.4286,0.0557,-0.0198,0.0202,157.0,-0.1928,-0.3084,271.0,0.0244,0.4248,1489.0,0.0027,0.0241,422335.0,-0.0138,0.1553,309,-0.1511,-0.1171,1.0397,-0.1355,-0.8058,0.0
202112,53069,"wahkiakum, wa",414250.0,-0.1476,-0.0184,9,0.0,-0.1905,38.0,-0.2525,-0.4102,4,1.0,1.0,0,,,0.0,0.0,0.0,2.0,,,0.087,0.087,0.087,5.0,-0.1818,-0.5263,269.0,0.0104,0.336,1354.0,-0.4246,-0.5117,433264.0,-0.2052,-0.2023,14,-0.0357,-0.3415,0.5294,-0.1176,-0.3754,1.0
202112,53029,"island, wa",602475.0,-0.1124,0.0249,63,-0.1818,-0.2222,44.0,0.1579,-0.1373,72,-0.2174,-0.122,4,0.0,0.0,0.0142,0.0018,0.0022,10.0,-0.6667,0.25,0.0406,-0.0442,0.0127,125.0,-0.2719,-0.2267,317.0,-0.0267,0.05,1941.0,-0.0566,-0.0181,812722.0,-0.1018,-0.0716,186,-0.253,-0.2314,1.9762,-0.2446,-0.0115,0.0
202112,53065,"stevens, wa",504725.0,0.0186,0.4823,70,-0.1524,0.1032,98.0,0.1909,0.1766,20,-0.1667,-0.3333,0,,,0.0,0.0,0.0,8.0,-0.4286,1.0,0.0543,-0.0185,0.0303,63.0,-0.2978,-0.3351,210.0,0.0074,0.1579,2314.0,-0.0485,0.1943,588056.0,-0.0131,0.3689,130,-0.2382,-0.1752,0.8993,-0.1861,-0.5928,0.0
202112,53067,"thurston, wa",493500.0,0.0021,0.1217,179,-0.1732,0.017,38.0,0.0704,-0.0256,276,-0.035,0.104,10,0.6667,0.25,0.0122,0.0058,0.0013,36.0,-0.5385,0.2857,0.0419,-0.03,0.0116,397.0,-0.2502,-0.1379,271.0,0.0233,0.1929,1915.0,0.0321,-0.0301,601189.0,0.0171,-0.0691,577,-0.2281,-0.0935,2.2179,-0.2279,-0.3986,0.0
202112,53049,"pacific, wa",365175.0,0.0181,0.1407,50,-0.208,-0.175,86.0,0.2647,0.1316,26,0.625,0.0,4,1.0,-0.3333,0.0327,0.0184,-0.0022,18.0,-0.1,1.25,0.136,-0.015,0.0835,51.0,-0.0377,-0.3503,266.0,0.0026,0.326,1470.0,0.0336,-0.0959,407629.0,-0.0116,-0.0548,101,-0.1368,-0.2681,1.0303,0.1823,-0.278,0.0
202112,53017,"douglas, wa",461950.0,-0.0325,0.208,43,-0.2586,-0.1224,62.0,0.2917,0.0508,28,0.0,0.0769,0,-1.0,,0.0,-0.013,0.0,8.0,-0.3333,1.0,0.0771,-0.0174,0.0418,38.0,-0.1279,0.1905,274.0,-0.0005,0.305,1798.0,-0.0553,-0.0805,589807.0,-0.0037,0.2268,83,-0.175,0.0377,0.8721,0.1307,0.2292,0.0
202112,53041,"lewis, wa",429500.0,-0.0447,0.2937,92,-0.2146,-0.1757,59.0,0.1394,-0.1413,56,-0.0968,-0.0345,6,0.5,0.0,0.0221,0.0111,0.0042,30.0,-0.4444,-0.0625,0.1113,-0.0459,0.0252,124.0,-0.2462,-0.2346,249.0,0.0078,0.1938,1800.0,-0.0519,0.0208,494326.0,-0.0411,0.1494,216,-0.2399,-0.2149,1.3552,-0.0568,-0.1043,0.0
202112,53063,"spokane, wa",457000.0,0.0258,0.2187,403,-0.253,0.0215,68.0,0.4368,0.2877,442,-0.1565,-0.0556,28,-0.2632,-0.5172,0.0149,-0.0016,-0.0132,102.0,-0.5526,0.186,0.0529,-0.043,0.0122,989.0,-0.1914,-0.1725,220.0,0.0164,0.2572,2126.0,-0.0005,-0.0317,574509.0,0.0419,0.2038,1391,-0.2146,-0.1244,2.4529,0.1869,-0.575,0.0
202112,53003,"asotin, wa",384725.0,0.0212,0.743,28,-0.2667,0.4103,70.0,0.3286,0.2183,10,-0.5,-0.4444,0,,,0.0,0.0,0.0,4.0,-0.3333,0.0,0.0571,0.0032,0.0065,37.0,-0.0633,0.0423,208.0,0.0825,0.4682,2097.0,-0.0509,0.2405,842236.0,0.163,0.8913,64,-0.1847,0.1429,1.3455,0.2921,-0.4751,1.0
202112,53075,"whitman, wa",349500.0,0.0043,0.1184,41,0.038,-0.344,54.0,0.4558,-0.1641,12,-0.3333,-0.4,0,,,0.0,0.0,0.0,6.0,-0.25,-0.25,0.0652,-0.0159,-0.001,24.0,-0.4419,-0.3333,185.0,0.162,0.2532,2141.0,-0.0908,0.0331,418658.0,0.0027,0.2473,65,-0.2182,-0.3418,0.5854,-0.5032,0.0094,0.0
202112,53033,"king, wa",748000.0,0.004,0.0817,886,-0.3525,-0.5879,41.0,0.125,-0.2136,1156,-0.3333,-0.1893,36,-0.3571,-0.5385,0.0077,-0.0024,-0.0044,136.0,-0.5879,-0.7247,0.0308,-0.0223,-0.0461,2350.0,-0.2386,-0.1772,496.0,0.0071,0.0168,1612.0,-0.0328,0.0756,1106486.0,-0.0246,0.0271,3222,-0.2739,-0.3544,2.6539,0.3968,1.3246,0.0
202112,53037,"kittitas, wa",650750.0,0.022,0.0633,66,-0.2339,0.4886,65.0,0.2196,0.0316,30,-0.4643,0.3636,2,,-0.75,0.0085,0.0085,-0.039,14.0,-0.5625,0.75,0.0663,-0.0599,0.0187,103.0,-0.1387,0.0459,311.0,0.0386,0.0314,2147.0,0.0195,0.0373,1353377.0,0.0739,-0.013,168,-0.1785,0.1586,1.5649,0.1731,-0.6624,0.0
202112,53005,"benton, wa",542975.0,0.0146,0.2533,326,-0.0384,0.2616,51.0,0.4167,-0.1356,210,-0.2553,0.5217,16,0.1429,-0.2,0.0212,0.0049,-0.0079,32.0,-0.5429,-0.2727,0.0443,-0.0379,-0.0255,188.0,-0.2055,-0.2055,262.0,0.0489,0.3102,2239.0,0.0043,-0.0078,578459.0,0.0156,0.1871,516,-0.0956,0.0435,0.576,-0.1212,-0.3387,0.0
202112,53047,"okanogan, wa",407200.0,0.0062,0.153,76,-0.1412,-0.0256,91.0,0.2883,0.0462,14,-0.5625,-0.2222,0,,,0.0,0.0,0.0,6.0,-0.5,-0.4,0.043,-0.0228,-0.0181,53.0,-0.1382,-0.0185,221.0,0.0331,-0.0196,1703.0,-0.0695,-0.0507,623062.0,0.0772,0.0376,127,-0.1595,-0.0453,0.6974,0.0025,0.0051,0.0
202112,53031,"jefferson, wa",592450.0,-0.0327,0.0878,32,-0.125,-0.4836,51.0,0.3203,-0.1441,24,-0.2,-0.2,0,,,0.0,0.0,0.0,2.0,-0.6667,-0.75,0.0194,-0.0272,-0.0274,47.0,-0.1826,-0.2295,363.0,-0.0078,0.2103,1651.0,0.0,-0.0305,876158.0,0.0467,0.2067,80,-0.1398,-0.3548,1.4921,-0.1052,0.4921,0.0
202112,53019,"ferry, wa",344950.0,-0.0768,0.1895,19,-0.1778,-0.075,101.0,0.2348,-0.1752,4,-0.6,1.0,0,,,0.0,0.0,0.0,0.0,-1.0,,0.0,-0.0953,0.0,12.0,-0.1429,-0.1111,215.0,-0.1123,0.4113,2101.0,0.211,0.1128,438798.0,-0.0323,0.2204,30,-0.1892,-0.0909,0.6486,0.0264,-0.0264,1.0
202112,53015,"cowlitz, wa",414950.0,-0.0001,0.1733,99,-0.1893,0.0368,47.0,-0.0693,-0.1897,82,-0.2545,0.2424,44,-0.1538,-0.12,0.1211,0.0101,-0.01,58.0,-0.0645,0.2609,0.1826,0.0478,0.0586,189.0,-0.1566,-0.1547,238.0,-0.0159,0.1233,1871.0,0.004,0.1091,542411.0,0.0133,0.3331,286,-0.1637,-0.0863,1.9137,0.0742,-0.4337,0.0
202112,53007,"chelan, wa",671500.0,-0.0211,0.5048,149,-0.1681,0.3026,79.0,0.246,-0.0682,42,-0.4,-0.1923,0,,,0.0,0.0,0.0,18.0,-0.5263,0.0,0.0695,-0.0607,-0.0042,69.0,-0.0548,-0.0417,314.0,0.0028,0.1421,2291.0,0.0417,0.2926,985729.0,0.0621,0.6909,217,-0.1288,0.1395,0.4646,0.0557,-0.1669,1.0
202112,53009,"clallam, wa",604625.0,0.105,0.4947,73,-0.2022,-0.0759,64.0,0.1339,-0.1025,62,-0.1842,0.1481,0,,,0.0,0.0,0.0,10.0,-0.5833,-0.1667,0.0398,-0.0354,-0.0021,119.0,-0.1408,-0.153,293.0,0.0109,0.2229,2031.0,0.0281,0.1331,735241.0,0.0665,0.1816,194,-0.1457,-0.1244,1.6301,0.1165,-0.1483,0.0
202112,53061,"snohomish, wa",693975.0,0.0039,0.2159,265,-0.3541,-0.3148,36.0,0.0746,-0.1628,590,-0.3124,-0.0575,30,-0.0625,-0.6341,0.0187,0.0053,-0.0114,32.0,-0.6279,-0.619,0.0186,-0.0145,-0.0142,1068.0,-0.2004,-0.3159,359.0,0.0123,0.2241,1965.0,-0.0214,0.0145,863523.0,0.0257,0.2292,1330,-0.2376,-0.3157,4.0359,0.7758,-0.0068,0.0
202112,53013,"columbia, wa",475000.0,0.027,0.6132,4,-0.3333,-0.4286,64.0,0.0079,0.4489,0,-1.0,-1.0,0,,,0.0,0.0,0.0,0.0,,,0.0,0.0,0.0,2.0,-0.3333,-0.7778,206.0,0.0163,0.0631,2454.0,-0.074,0.3498,709475.0,0.0166,1.0741,7,-0.2353,-0.5938,0.5,0.0,-0.7857,1.0
202112,53057,"skagit, wa",599313.0,-0.001,0.0947,107,-0.1265,-0.036,57.0,0.2527,0.0909,72,-0.28,-0.2941,6,0.5,,0.0184,0.008,0.0184,18.0,-0.4,0.2857,0.0545,-0.0202,0.0215,146.0,-0.2151,-0.2913,321.0,0.0069,0.1116,1912.0,-0.0191,-0.0481,815654.0,0.0232,0.0937,254,-0.1875,-0.2078,1.3645,-0.1539,-0.4914,0.0
202112,53045,"mason, wa",482500.0,0.0169,0.3996,55,-0.2086,-0.0678,46.0,0.3143,0.0455,44,-0.1852,-0.1538,0,,-1.0,0.0,0.0,-0.0078,6.0,-0.75,-0.75,0.035,-0.0737,-0.0611,76.0,-0.281,-0.3837,275.0,0.0159,0.2937,1772.0,0.0194,0.076,645326.0,0.1111,0.6229,129,-0.2607,-0.2893,1.3727,-0.1381,-0.7035,0.0
202112,53025,"grant, wa",367000.0,0.0066,0.2877,124,-0.0714,0.0833,47.0,-0.06,-0.2101,64,-0.2195,-0.2,0,,-1.0,0.0,0.0,-0.025,12.0,-0.6471,-0.3333,0.0404,-0.0485,-0.0038,153.0,-0.0838,-0.2134,219.0,0.0037,0.2615,1778.0,-0.0038,0.0677,447240.0,-0.0414,0.3155,279,-0.0715,-0.0956,1.2389,-0.0168,-0.4673,0.0
202112,53039,"klickitat, wa",414250.0,-0.0526,-0.1082,33,-0.1975,0.8571,99.0,0.097,0.0879,2,-0.8333,-0.75,2,0.0,-0.6667,0.0286,0.0058,-0.0502,18.0,-0.1818,0.2857,0.2785,0.0448,0.1008,32.0,-0.1579,-0.3786,228.0,-0.125,0.0022,1855.0,0.1078,-0.1402,571682.0,0.0395,-0.0825,65,-0.1783,-0.0851,0.9846,0.0463,-1.9582,1.0
202112,53051,"pend oreille, wa",580000.0,-0.0232,0.7576,42,-0.1531,0.6939,71.0,0.0328,-0.0567,8,0.3333,0.0,0,,,0.0,0.0,0.0,4.0,-0.3333,1.0,0.0513,-0.0198,0.0219,26.0,0.0625,-0.2714,272.0,0.0871,0.2204,2402.0,-0.1066,0.4097,1114723.0,0.0217,1.0046,66,-0.1081,0.0909,0.6145,0.1247,-0.8141,1.0
202112,53055,"san juan, wa",1193800.0,-0.0052,0.3946,54,-0.188,-0.234,95.0,0.115,-0.131,14,-0.2222,0.0,0,,,0.0,0.0,0.0,2.0,-0.5,,0.0182,-0.0159,0.0182,33.0,-0.1646,-0.3774,609.0,0.0149,0.356,2098.0,0.0019,-0.034,2254964.0,-0.0247,-0.0077,89,-0.1651,-0.2892,0.6111,0.0171,-0.1407,0.0
202112,53011,"clark, wa",556732.0,-0.0224,0.1852,455,-0.2222,-0.1712,44.0,-0.133,-0.2414,532,-0.2752,0.0391,506,0.1767,-0.1336,0.2176,0.0649,0.0005,252.0,-0.227,-0.0735,0.1051,-0.0077,-0.002,1370.0,-0.1005,-0.0756,281.0,0.0002,0.163,2054.0,-0.014,0.0085,715242.0,-0.0156,0.1244,1825,-0.1281,-0.1037,3.0099,0.4073,0.3113,0.0
202112,53021,"franklin, wa",515425.0,0.0203,0.3306,63,-0.1871,-0.2921,56.0,0.232,-0.171,36,-0.561,-0.4,4,0.0,-0.5,0.0291,0.0131,0.0014,8.0,-0.5,-0.5,0.0539,-0.0194,-0.0008,56.0,-0.2745,-0.6325,244.0,0.0091,0.2503,2123.0,-0.0126,0.0562,557982.0,0.0078,0.3532,118,-0.2362,-0.5063,0.881,-0.1061,-0.8157,0.0
202112,53053,"pierce, wa",544975.0,-0.0181,0.0955,510,-0.3049,-0.0861,39.0,0.1159,-0.0833,692,-0.2277,-0.1393,58,0.3182,-0.3409,0.0247,0.0116,-0.0044,142.0,-0.4929,0.3396,0.0539,-0.0311,0.0196,1389.0,-0.1631,-0.1913,293.0,0.0249,0.1758,1927.0,-0.0329,-0.0423,665745.0,0.0011,0.0909,1897,-0.2078,-0.166,2.7252,0.4619,-0.3546,0.0
202112,53023,"garfield, wa",212500.0,-0.1109,-0.0556,0,-1.0,-1.0,124.0,0.4762,1.0581,0,-1.0,,0,,,0.0,0.0,0.0,0.0,,,0.0,0.0,0.0,4.0,-0.2,1.6667,104.0,-0.2817,0.0376,2065.0,0.1005,-0.0463,212500.0,-0.1858,-0.1658,4,-0.3333,-0.4286,,,,1.0
202112,53001,"adams, wa",293491.0,-0.0093,0.3815,31,-0.0758,0.9677,69.0,0.1745,-0.2069,12,-0.1429,0.5,2,,,0.0247,0.0247,0.0247,6.0,0.5,0.5,0.0741,0.0247,0.0199,39.0,0.1143,-0.1959,192.0,-0.0432,0.6129,1680.0,0.008,0.141,361240.0,0.0264,0.5312,70,0.0373,0.0859,1.2787,0.2181,-1.8503,1.0
202112,53077,"yakima, wa",386187.0,0.0118,0.1274,220,-0.093,0.2912,45.0,0.2899,-0.043,144,-0.1429,0.7143,8,1.0,3.0,0.0131,0.0069,0.009,58.0,-0.1944,0.0741,0.092,-0.0174,-0.015,247.0,-0.1544,0.1546,214.0,0.0195,0.1597,1780.0,-0.0294,-0.0763,433491.0,0.0233,0.0185,467,-0.123,0.2177,1.123,-0.0815,-0.1329,1.0
202112,53043,"lincoln, wa",369675.0,0.0068,0.0391,31,-0.1268,0.1481,65.0,0.0966,-0.0938,8,-0.5,0.3333,0,-1.0,,0.0,-0.0227,0.0,0.0,-1.0,-1.0,0.0,-0.046,-0.0725,23.0,-0.2069,0.122,190.0,0.0259,0.2759,1958.0,-0.0383,-0.0627,575998.0,0.0344,0.5264,55,-0.1615,0.1596,0.7419,-0.075,-0.0173,0.0
202112,53073,"whatcom, wa",599450.0,-0.0006,0.3472,161,-0.309,-0.4781,51.0,0.3247,-0.2331,126,-0.4273,-0.2841,4,1.0,,0.007,0.0045,0.007,24.0,-0.4783,-0.4286,0.0395,-0.0235,-0.0094,271.0,-0.184,-0.2787,333.0,0.0095,0.2433,1858.0,-0.016,0.1379,826450.0,0.0214,0.4042,432,-0.2246,-0.3673,1.6801,0.2574,0.4646,0.0
202112,53059,"skamania, wa",618688.0,-0.0323,-0.0255,12,-0.2941,-0.04,72.0,0.2101,-0.36,6,0.5,0.5,4,,,0.1092,0.1092,0.1092,6.0,-0.4,2.0,0.169,-0.0563,0.1134,19.0,-0.1739,1.9231,309.0,-0.0542,0.1456,1788.0,-0.0127,-0.2766,658277.0,0.0088,-0.1353,31,-0.2375,0.6053,1.5833,0.2304,1.0633,0.0
202112,53071,"walla walla, wa",483375.0,0.1144,0.1593,44,-0.0938,-0.1714,54.0,-0.0091,0.3395,38,0.2667,-0.1739,0,,,0.0,0.0,0.0,10.0,-0.375,0.0,0.0736,-0.0292,0.012,54.0,-0.1074,-0.3165,241.0,0.0418,0.3046,2283.0,0.0138,0.0444,750412.0,0.0577,0.2521,99,-0.12,-0.2471,1.2414,-0.019,-0.2634,0.0
202111,53009,"clallam, wa",547175.0,-0.0484,0.2844,92,-0.2375,-0.1719,56.0,0.1915,-0.104,76,0.0,0.2258,0,-1.0,,0.0,-0.0098,0.0,24.0,-0.3333,-0.0769,0.0753,-0.0328,-0.0032,139.0,-0.0514,-0.1371,290.0,0.0193,0.3194,1975.0,0.0061,0.0645,689411.0,0.0317,0.1309,227,-0.1549,-0.1734,1.5137,0.297,0.0612,0.0
202111,53035,"kitsap, wa",599675.0,0.0045,0.1996,256,-0.1768,0.0199,37.0,0.0278,0.035,308,-0.2376,0.1,8,0.0,-0.6364,0.0071,0.0012,-0.0131,88.0,-0.3529,0.375,0.0742,-0.0369,0.0224,598.0,-0.0083,-0.0793,278.0,-0.0206,0.0834,2054.0,-0.0073,0.0485,738070.0,0.0087,0.0331,858,-0.0598,-0.0467,2.3359,0.397,-0.2517,0.0
202111,53057,"skagit, wa",599900.0,0.0016,0.1666,123,-0.2665,-0.0892,46.0,0.1667,-0.0714,100,-0.2188,-0.1379,4,-0.6667,,0.0105,-0.0123,0.0105,30.0,-0.4231,0.0,0.0747,-0.0374,0.0098,186.0,-0.0159,-0.259,318.0,0.0089,0.1077,1949.0,-0.0097,0.0247,797162.0,0.0029,0.1338,312,-0.0957,-0.1959,1.5184,0.3866,-0.3478,0.0
202111,53055,"san juan, wa",1200000.0,0.0,0.2384,67,-0.1014,-0.1133,85.0,0.0728,-0.1172,18,-0.3571,0.0,0,,,0.0,0.0,0.0,4.0,-0.5,0.0,0.034,-0.0211,0.0119,40.0,-0.1939,-0.4803,600.0,-0.1113,0.2878,2094.0,0.0223,-0.0616,2312062.0,0.0037,0.0326,106,-0.1587,-0.3072,0.594,-0.0682,-0.4193,0.0
202111,53013,"columbia, wa",462500.0,0.0278,0.2189,6,-0.1429,-0.0769,63.0,0.2402,0.0202,2,-0.5,0.0,0,,,0.0,0.0,0.0,0.0,,,0.0,0.0,0.0,3.0,0.5,-0.8,202.0,-0.2511,-0.0276,2650.0,0.3133,0.3487,697896.0,0.1131,0.7463,9,-0.0556,-0.6047,0.5,0.2143,-1.8077,1.0
202111,53051,"pend oreille, wa",593750.0,0.0237,0.5833,49,-0.02,0.4,69.0,0.0148,-0.1384,6,-0.7,-0.4,0,,,0.0,0.0,0.0,6.0,-0.25,0.5,0.0711,-0.0066,0.0228,24.0,-0.2941,-0.3846,250.0,-0.104,0.1588,2688.0,0.0599,0.4569,1091054.0,0.0404,1.0534,74,-0.1494,0.0137,0.4898,-0.1902,-0.6245,1.0
202111,53067,"thurston, wa",492450.0,0.005,0.0945,217,-0.2686,0.0962,36.0,0.2241,-0.0955,286,-0.3559,0.0214,6,0.5,-0.5,0.0064,0.003,-0.0049,78.0,-0.3276,1.1667,0.0718,-0.0099,0.0381,530.0,-0.0918,-0.1056,265.0,0.0072,0.1602,1855.0,-0.0307,-0.0908,591108.0,0.0093,-0.0497,748,-0.1438,-0.0532,2.4457,0.4761,-0.5517,0.0
202111,53043,"lincoln, wa",367175.0,0.2088,-0.0043,36,-0.0658,0.0441,60.0,0.202,-0.0165,16,0.0,0.6,2,,,0.0227,0.0227,0.0227,4.0,-0.75,-0.3333,0.046,-0.1491,-0.0628,29.0,0.0357,0.4872,185.0,0.2059,0.1977,2036.0,0.0069,-0.0621,556864.0,0.1564,0.4428,65,-0.0152,0.2381,0.8169,0.0801,0.2434,0.0
202111,53015,"cowlitz, wa",415000.0,0.0111,0.1451,122,-0.19,-0.0122,51.0,0.4028,0.1348,110,-0.1406,-0.0517,52,-0.2353,0.4444,0.1111,-0.0119,0.034,62.0,-0.38,-0.225,0.1347,-0.0606,-0.0228,224.0,-0.024,-0.1078,242.0,0.0251,0.1976,1864.0,0.0451,0.0344,535273.0,0.0259,0.3054,342,-0.0928,-0.0843,1.8395,0.3128,-0.1971,0.0
202111,53003,"asotin, wa",376725.0,0.0494,0.4189,38,0.0135,0.5625,53.0,-0.0367,-0.0667,20,0.0,0.1111,0,,-1.0,0.0,0.0,-0.023,6.0,-0.5,0.0,0.054,-0.0495,-0.0098,40.0,-0.0366,-0.1771,192.0,0.0426,0.3745,2210.0,0.0039,-0.0064,724171.0,-0.0083,0.5321,79,0.0195,0.0828,1.0533,-0.0548,-0.9467,0.0
202111,53053,"pierce, wa",555000.0,-0.0039,0.1332,733,-0.1865,0.0069,35.0,0.0781,-0.0921,896,-0.2432,-0.0324,44,0.2222,-0.4762,0.0131,0.0038,-0.0098,280.0,-0.3578,0.4,0.085,-0.0266,0.0325,1659.0,-0.0654,-0.1728,286.0,0.0014,0.1484,1992.0,-0.0023,-0.0035,664982.0,0.013,0.0787,2395,-0.1085,-0.1239,2.2633,0.2933,-0.4915,0.0
202111,53023,"garfield, wa",239000.0,-0.3532,-0.009,2,0.5,-0.7,84.0,0.0566,0.68,2,,0.0,0,,,0.0,0.0,0.0,0.0,,,0.0,0.0,0.0,5.0,0.0,1.0,144.0,0.117,0.6998,1877.0,-0.3376,-0.2037,261000.0,-0.2936,-0.0631,6,0.0,-0.1429,3.3333,-1.6667,2.8333,1.0
202111,53063,"spokane, wa",445500.0,-0.0078,0.188,540,-0.2444,0.0286,48.0,0.5323,-0.0452,524,-0.3641,-0.0934,38,0.0556,-0.2963,0.0166,0.003,-0.0057,228.0,-0.43,0.6056,0.0958,-0.0422,0.0386,1223.0,-0.0632,-0.1148,216.0,0.0392,0.275,2127.0,-0.025,-0.0564,551387.0,0.0117,0.1648,1771,-0.1209,-0.0696,2.266,0.4383,-0.367,0.0
202111,53029,"island, wa",678750.0,0.1313,0.1466,77,-0.2524,-0.2903,38.0,0.0857,-0.0952,92,-0.1786,-0.1786,4,0.0,1.0,0.0124,0.0037,0.0078,30.0,0.0714,0.0714,0.0848,0.0239,0.0135,171.0,-0.0172,-0.0976,325.0,-0.0058,0.0913,2057.0,0.0249,-0.0051,904871.0,0.0774,0.0418,249,-0.0978,-0.1644,2.2208,0.5315,0.4742,0.0
202111,53027,"grays harbor, wa",381225.0,-0.0032,0.3891,166,-0.138,0.1949,51.0,0.0306,0.1348,108,-0.069,0.0588,0,-1.0,-1.0,0.0,-0.0071,-0.0085,36.0,-0.4706,0.2,0.0755,-0.0451,0.0114,195.0,-0.1543,-0.1598,264.0,0.0118,0.4483,1485.0,-0.023,0.0359,428253.0,-0.0263,0.2052,364,-0.1415,-0.0215,1.1752,-0.0227,-0.4963,0.0
202111,53045,"mason, wa",474500.0,0.0663,0.407,70,-0.1313,-0.0414,35.0,-0.0278,-0.2135,54,-0.46,-0.129,0,,-1.0,0.0,0.0,-0.0076,24.0,-0.3333,0.0,0.1086,-0.0032,0.0346,105.0,-0.25,-0.3046,271.0,0.0527,0.2315,1739.0,-0.0531,0.1155,580783.0,0.0202,0.3146,175,-0.1995,-0.2262,1.5108,-0.2392,-0.572,0.0
202111,53071,"walla walla, wa",433750.0,-0.0361,0.0863,48,-0.2131,-0.1864,55.0,0.4038,0.4129,30,-0.4231,-0.3478,0,,,0.0,0.0,0.0,16.0,-0.4286,-0.1111,0.1028,-0.0305,0.0086,61.0,-0.0692,-0.4372,231.0,-0.0201,0.2539,2252.0,0.0096,0.0069,709484.0,0.0467,0.1898,113,-0.1142,-0.3243,1.2604,0.1948,-0.5616,0.0
202111,53075,"whitman, wa",348000.0,0.0578,0.0752,40,-0.0366,-0.378,37.0,-0.2011,-0.4896,18,-0.3571,-0.1818,0,,,0.0,0.0,0.0,8.0,0.0,-0.4286,0.0811,-0.0109,-0.0304,43.0,0.0488,0.0617,159.0,0.0609,0.0625,2355.0,-0.0149,0.0798,417522.0,0.06,0.203,83,-0.0179,-0.2143,1.0886,0.0886,0.4508,0.0
202111,53059,"skamania, wa",639363.0,0.023,-0.0349,17,-0.3462,0.5455,60.0,0.3678,-0.5083,4,-0.6667,-0.3333,0,-1.0,-1.0,0.0,-0.1333,-0.0714,10.0,-0.1667,1.5,0.2252,0.0252,0.0586,23.0,0.0,2.0667,326.0,0.1013,0.2688,1811.0,0.0035,-0.3414,652549.0,-0.0051,-0.2141,40,-0.1667,1.2222,1.3529,0.4683,0.6711,0.0
202111,53037,"kittitas, wa",636750.0,-0.0204,0.0711,86,-0.1699,0.3053,54.0,0.2159,0.1383,56,-0.125,0.5556,0,,-1.0,0.0,0.0,-0.0075,32.0,-0.2,2.2,0.1261,-0.0199,0.0915,119.0,-0.1377,-0.242,299.0,-0.0478,0.0496,2106.0,-0.0261,0.0278,1260290.0,0.0664,-0.0054,205,-0.1515,-0.0809,1.3918,0.052,-1.0051,1.0
202111,53025,"grant, wa",364582.0,0.0071,0.2239,133,0.0076,0.035,50.0,0.1364,-0.0476,82,-0.0238,0.3667,0,,-1.0,0.0,0.0,-0.0044,34.0,-0.2917,0.0625,0.0889,-0.0262,0.013,167.0,-0.216,-0.2848,218.0,0.015,0.28,1784.0,-0.006,0.0559,466533.0,0.0226,0.3591,301,-0.1188,-0.1687,1.2556,-0.358,-0.5615,0.0
202111,53069,"wahkiakum, wa",486000.0,0.0457,0.2558,9,0.2143,-0.3462,51.0,0.0306,-0.0901,2,-0.5,-0.6667,0,,,0.0,0.0,0.0,0.0,-1.0,-1.0,0.0,-0.1081,-0.0741,6.0,-0.5417,-0.4762,266.0,-0.0155,0.1995,2353.0,-0.0928,-0.0511,545156.0,-0.0025,0.0576,14,-0.2222,-0.4043,0.6471,-1.0672,-0.1606,0.0
202111,53031,"jefferson, wa",612500.0,-0.02,0.207,36,-0.0526,-0.4965,38.0,-0.0893,-0.2714,30,-0.3182,-0.375,0,,-1.0,0.0,0.0,-0.0105,6.0,-0.25,0.5,0.0466,-0.0094,0.0235,58.0,-0.2628,-0.1786,366.0,0.0975,0.2518,1651.0,-0.0412,-0.0265,837102.0,0.0242,0.2066,93,-0.1913,-0.3381,1.5972,-0.4554,0.6182,0.0
202111,53019,"ferry, wa",373650.0,0.0379,0.2635,23,-0.1964,0.0227,82.0,0.4138,-0.1503,10,0.25,4.0,0,,,0.0,0.0,0.0,4.0,-0.5,1.0,0.0953,-0.0557,0.0465,14.0,0.1667,-0.125,242.0,0.0244,0.4535,1735.0,0.0844,-0.0414,453447.0,0.0534,0.2611,37,-0.0976,0.0,0.6222,0.1937,-0.1051,1.0
202111,53021,"franklin, wa",505175.0,0.0449,0.3196,78,0.0333,-0.2654,45.0,0.223,-0.0321,82,0.1389,-0.1087,4,0.0,-0.8,0.016,-0.0004,-0.0392,16.0,-0.4286,-0.3333,0.0733,-0.041,0.0084,77.0,-0.0671,-0.5364,242.0,-0.0083,0.248,2150.0,0.0465,0.0671,553676.0,0.0607,0.3756,155,-0.0222,-0.432,0.9871,-0.1062,-0.5769,0.0
202111,53077,"yakima, wa",381675.0,0.0343,0.0936,242,-0.0041,0.3046,35.0,-0.0417,-0.1882,168,-0.2222,0.1351,4,0.0,0.0,0.0062,0.0007,-0.0003,72.0,-0.3571,0.2414,0.1094,-0.0303,0.0154,292.0,-0.0919,0.1084,210.0,0.0048,0.1267,1834.0,0.0189,-0.0373,423640.0,0.029,-0.0235,533,-0.0542,0.1873,1.2045,-0.1164,-0.2132,0.0
202111,53065,"stevens, wa",495500.0,0.028,0.3875,82,-0.2679,-0.012,83.0,0.4474,0.0377,24,-0.4,-0.5,0,,,0.0,0.0,0.0,14.0,-0.6818,-0.2222,0.0727,-0.0821,-0.0006,89.0,-0.1759,-0.1946,208.0,-0.0132,0.1757,2432.0,-0.038,0.227,595854.0,-0.0226,0.4246,170,-0.2237,-0.1053,1.0854,0.1211,-0.246,0.0
202111,53047,"okanogan, wa",404700.0,0.0143,0.141,89,-0.0969,0.1494,70.0,0.0644,-0.1831,32,0.1429,1.0,0,,,0.0,0.0,0.0,12.0,-0.25,1.0,0.0658,-0.0115,0.0311,62.0,-0.1087,-0.2545,214.0,-0.012,-0.0942,1830.0,0.1042,0.0191,578392.0,0.0247,-0.0645,151,-0.0823,-0.0505,0.6949,-0.0092,-0.3765,1.0
202111,53001,"adams, wa",296255.0,-0.0429,0.3561,33,0.1786,0.65,59.0,0.5878,-0.2656,14,0.75,2.5,0,,,0.0,0.0,0.0,4.0,0.0,,0.0494,-0.0039,0.0494,35.0,-0.125,-0.3694,201.0,-0.0191,0.6622,1666.0,-0.0034,0.0987,351939.0,-0.0293,0.551,67,-0.0563,-0.1126,1.0606,-0.368,-1.7144,1.0
202111,53039,"klickitat, wa",437250.0,-0.0474,-0.1663,41,-0.2212,0.4211,90.0,0.556,0.6335,12,-0.4,0.2,2,-0.75,-0.8,0.0227,-0.052,-0.0757,22.0,-0.2143,1.2,0.2336,-0.0305,0.1361,38.0,0.0,-0.3091,260.0,-0.0559,-0.0413,1674.0,-0.0596,-0.1938,549952.0,-0.0674,-0.1522,79,-0.1374,-0.0485,0.9383,0.2075,-0.9916,1.0
202111,53005,"benton, wa",535138.0,0.0193,0.2974,339,0.0919,0.099,36.0,0.0909,-0.1628,282,-0.1706,0.1653,14,0.1667,0.4,0.0163,0.0036,0.0039,70.0,-0.2708,-0.2708,0.0821,-0.0199,-0.0306,236.0,-0.0635,-0.189,250.0,0.0106,0.2955,2229.0,-0.0007,-0.0092,569564.0,0.019,0.1927,570,0.0088,-0.0555,0.6972,-0.1157,-0.2476,0.0
202111,53073,"whatcom, wa",599825.0,-0.0001,0.3481,233,-0.1558,-0.3266,39.0,0.1324,-0.3186,220,-0.2254,0.1702,2,-0.5,-0.8,0.0025,-0.0019,-0.0074,46.0,-0.2813,-0.1786,0.063,-0.008,0.0069,332.0,-0.0391,-0.2483,330.0,0.0112,0.2314,1889.0,0.0035,0.1013,809161.0,0.003,0.3509,557,-0.1039,-0.2947,1.4227,0.1727,0.1482,0.0
202111,53007,"chelan, wa",685950.0,-0.0159,0.5288,179,-0.0751,0.0917,63.0,0.26,0.0161,70,-0.3519,-0.1026,0,,,0.0,0.0,0.0,38.0,-0.05,0.4615,0.1302,0.0185,0.0459,73.0,-0.0988,-0.1043,313.0,0.0029,0.1647,2199.0,-0.0223,0.184,928132.0,0.0192,0.5997,249,-0.0931,0.0143,0.409,-0.0107,-0.0895,1.0
202111,53011,"clark, wa",569500.0,0.0243,0.2091,585,-0.1595,-0.172,51.0,0.1033,-0.1815,734,-0.0871,0.306,430,-0.1978,-0.1917,0.1527,-0.02,-0.0306,326.0,-0.201,-0.1376,0.1128,-0.0197,-0.0065,1523.0,-0.0466,-0.1199,280.0,0.0042,0.1886,2083.0,0.0231,-0.0014,726596.0,0.0259,0.1588,2093,-0.0886,-0.1394,2.6026,0.308,0.1539,0.0
202111,53017,"douglas, wa",477450.0,0.018,0.2342,58,-0.1594,0.0545,48.0,0.8462,0.0435,28,-0.5882,-0.0667,2,-0.5,,0.013,-0.0088,0.013,12.0,-0.625,0.2,0.0945,-0.0696,0.0125,43.0,-0.1731,0.1467,274.0,0.0317,0.3045,1903.0,0.0091,-0.0919,592016.0,0.0206,0.1767,100,-0.1667,0.0753,0.7414,-0.0122,0.0596,0.0
202111,53041,"lewis, wa",449600.0,0.0456,0.3138,117,-0.2128,-0.1434,52.0,0.4857,-0.1034,62,-0.4464,-0.1143,4,0.0,0.0,0.0109,0.0017,-0.0003,54.0,-0.1563,0.6875,0.1572,0.0098,0.0744,165.0,-0.0324,-0.1521,247.0,0.015,0.1717,1899.0,-0.0303,0.1096,515520.0,0.0119,0.1806,284,-0.1,-0.1422,1.412,0.2634,-0.0145,0.0
202111,53033,"king, wa",745000.0,-0.0066,0.0694,1368,-0.2714,-0.5192,36.0,0.125,-0.1529,1734,-0.2905,-0.0997,56,-0.125,-0.3,0.0101,0.0008,-0.0003,330.0,-0.3654,-0.5875,0.0531,-0.0158,-0.0401,3087.0,-0.1146,-0.1215,492.0,0.017,0.0374,1667.0,-0.0177,0.0732,1134388.0,0.018,0.0616,4438,-0.1698,-0.3003,2.257,0.3998,1.0216,0.0
202111,53061,"snohomish, wa",691250.0,-0.0124,0.2568,410,-0.2714,-0.2642,34.0,0.0469,-0.1067,858,-0.0872,0.2085,32,0.0,-0.36,0.0134,0.0011,-0.0025,86.0,-0.4881,-0.3676,0.0331,-0.0198,-0.0098,1335.0,-0.1022,-0.2859,355.0,-0.0019,0.223,2008.0,0.0025,0.0766,841910.0,0.0159,0.2467,1745,-0.154,-0.2805,3.2601,0.6142,-0.0993,0.0
202111,53049,"pacific, wa",358675.0,-0.092,0.1877,63,-0.1987,-0.1497,68.0,0.3465,0.0543,16,-0.5556,-0.4286,2,-0.75,,0.0143,-0.0253,0.0143,20.0,-0.375,0.25,0.151,-0.034,0.0672,53.0,-0.1846,-0.3873,265.0,-0.0018,0.3854,1422.0,-0.0606,-0.1485,412430.0,-0.0642,-0.0018,117,-0.1818,-0.2755,0.848,0.0147,-0.3289,0.0
202110,53023,"garfield, wa",369500.0,0.8315,0.573,1,-0.75,-0.75,80.0,0.7005,1.65,0,,,0,,,0.0,0.0,0.0,0.0,-1.0,-1.0,0.0,-0.2,-0.2857,5.0,-0.0909,0.0,129.0,0.1707,0.5009,2833.0,0.2771,0.2693,369500.0,0.5048,0.5465,6,-0.3684,-0.3333,5.0,3.625,3.75,1.0
202110,53003,"asotin, wa",359000.0,0.1193,0.3808,37,0.0882,0.2333,55.0,0.1913,-0.1615,20,-0.4118,-0.1667,0,,,0.0,0.0,0.0,12.0,0.0,0.5,0.1034,0.0043,0.0379,41.0,-0.1961,-0.2931,184.0,0.1784,0.3107,2201.0,0.061,-0.0014,730244.0,-0.0141,0.5935,77,-0.1047,-0.1149,1.1081,-0.3919,-0.8252,0.0
202110,53031,"jefferson, wa",625000.0,0.0221,0.2513,38,-0.2323,-0.5529,42.0,-0.1016,-0.3115,44,-0.0435,0.0,0,,,0.0,0.0,0.0,8.0,0.0,-0.5,0.0559,0.0116,-0.0241,78.0,-0.1429,0.0263,333.0,0.0349,0.1514,1722.0,-0.0877,0.0129,817325.0,0.1012,0.2336,115,-0.1667,-0.2857,2.0526,0.2142,1.1585,0.0
202110,53025,"grant, wa",362000.0,0.0664,0.3168,132,0.0038,-0.3917,44.0,-0.0276,-0.0435,84,-0.2075,-0.087,0,-1.0,-1.0,0.0,-0.0043,-0.0078,48.0,0.4118,0.2,0.1151,0.0396,0.0314,213.0,-0.0093,0.0758,215.0,-0.0047,0.2823,1795.0,0.0517,0.108,456220.0,0.0413,0.3893,341,-0.0087,-0.1663,1.6136,-0.0213,0.7012,0.0
202110,53033,"king, wa",749950.0,0.0,0.0729,1877,-0.103,-0.5008,32.0,0.1034,-0.0857,2444,-0.2136,-0.1721,64,0.3333,-0.2,0.0093,0.0039,0.0017,520.0,-0.1875,-0.582,0.0689,-0.0059,-0.0516,3486.0,-0.0227,-0.0589,484.0,0.0255,0.0516,1697.0,-0.0057,0.0348,1114363.0,0.0284,0.0555,5345,-0.0506,-0.2818,1.8572,0.1526,0.8721,0.0
202110,53069,"wahkiakum, wa",464750.0,0.1648,0.0528,7,-0.125,-0.6316,49.0,0.037,0.2405,4,1.0,0.0,0,,,0.0,0.0,0.0,4.0,0.0,0.0,0.1081,-0.0211,-0.0298,12.0,-0.3143,0.5,270.0,0.1116,0.2896,2594.0,0.3105,0.208,546533.0,0.1444,0.0078,18,-0.2941,-0.28,1.7143,-0.4732,1.2932,0.0
202110,53027,"grays harbor, wa",382450.0,0.055,0.4364,192,-0.0879,-0.0813,49.0,0.2174,-0.0101,116,-0.275,-0.0645,4,1.0,-0.5,0.0071,0.0039,-0.0082,68.0,-0.1707,1.125,0.1206,-0.0113,0.0601,230.0,-0.0022,0.1558,261.0,0.058,0.4806,1520.0,0.011,-0.0046,439837.0,0.021,0.3256,424,-0.0342,0.0761,1.1979,0.1029,0.2458,0.0
202110,53071,"walla walla, wa",449998.0,-0.0415,0.1392,61,0.2079,-0.1286,39.0,0.2188,0.0,52,-0.3158,-0.0714,0,,,0.0,0.0,0.0,28.0,0.5556,0.75,0.1333,0.0253,0.0669,65.0,0.3131,-0.4538,236.0,0.002,0.2946,2230.0,-0.0087,0.0305,677860.0,0.0392,0.3435,127,0.2893,-0.3586,1.0656,0.0854,-0.6344,0.0
202110,53067,"thurston, wa",490000.0,-0.0141,0.1809,296,0.0102,-0.2128,29.0,0.0175,-0.0645,444,-0.1225,0.1563,4,-0.3333,-0.75,0.0033,-0.001,-0.0101,116.0,-0.0794,0.6111,0.0817,-0.0119,0.0249,583.0,-0.0582,0.0639,263.0,0.0113,0.189,1914.0,-0.0576,-0.0144,585659.0,-0.0052,0.0794,873,-0.0343,-0.03,1.9696,-0.143,0.5121,0.0
202110,53011,"clark, wa",556000.0,0.0018,0.2075,696,-0.0498,-0.1675,46.0,0.2267,-0.2269,804,-0.0716,-0.0147,536,-0.0255,-0.2514,0.1727,0.0048,-0.0309,408.0,-0.0423,-0.0642,0.1325,0.0012,0.0065,1597.0,-0.0327,-0.1113,279.0,0.023,0.195,2036.0,-0.0448,-0.0305,708284.0,-0.0042,0.1536,2296,-0.0365,-0.1243,2.2945,0.0406,0.145,0.0
202110,53029,"island, wa",599950.0,-0.0439,0.0928,103,-0.0507,-0.3905,35.0,0.0606,0.0606,112,-0.2222,-0.2222,4,1.0,,0.0087,0.0046,0.0087,28.0,-0.3636,-0.125,0.0609,-0.0397,-0.0107,174.0,-0.1386,0.0741,327.0,0.0341,0.148,2007.0,0.0045,0.0219,839866.0,-0.0359,0.0779,276,-0.101,-0.1662,1.6893,-0.1724,0.7307,0.0
202110,53055,"san juan, wa",1200000.0,-0.0812,0.4692,74,-0.0692,-0.4173,79.0,0.0464,0.1791,28,0.0769,-0.2222,0,-1.0,-1.0,0.0,-0.0133,-0.0172,8.0,-0.5,0.0,0.0552,-0.0475,0.019,49.0,0.0103,0.0889,675.0,-0.0123,0.5018,2048.0,-0.0086,0.0109,2303462.0,-0.0011,0.4075,126,-0.0308,-0.2674,0.6622,0.0521,0.3078,0.0
202110,53077,"yakima, wa",369000.0,-0.0012,0.0789,243,-0.0376,0.2211,36.0,0.2414,0.2,216,-0.0357,0.4595,4,-0.6,,0.0055,-0.0064,0.0055,112.0,0.1915,0.75,0.1397,0.0283,0.0377,321.0,-0.0389,0.1383,209.0,0.0,0.1618,1800.0,0.0059,-0.0598,411716.0,-0.0024,-0.0007,563,-0.045,0.1754,1.321,-0.0018,-0.0961,0.0
202110,53051,"pend oreille, wa",580000.0,0.0311,0.5267,50,0.0,0.1364,68.0,0.2857,-0.1,20,-0.2857,0.25,0,,,0.0,0.0,0.0,8.0,-0.6,0.0,0.0777,-0.0853,-0.0023,34.0,-0.2184,-0.32,279.0,0.014,0.3498,2536.0,-0.0261,0.158,1048637.0,-0.0478,0.8852,87,-0.0645,-0.0543,0.68,-0.19,-0.4564,1.0
202110,53059,"skamania, wa",625000.0,-0.038,-0.0385,26,-0.0877,1.1667,44.0,0.4746,-0.5896,12,-0.25,2.0,8,1.0,1.0,0.1333,0.0662,-0.0205,12.0,-0.25,-0.25,0.2,-0.0481,-0.2615,23.0,0.15,0.9167,296.0,-0.0019,0.1481,1805.0,-0.0893,-0.2575,655892.0,-0.0427,-0.1687,48,-0.0103,1.0,0.8846,0.1829,-0.1154,1.0
202110,53015,"cowlitz, wa",410450.0,-0.0024,0.1405,150,0.0033,-0.1892,36.0,0.5319,-0.1628,128,-0.2809,-0.0857,68,0.0303,0.2143,0.123,0.0105,0.0204,100.0,0.0,0.25,0.1953,0.0249,0.0477,229.0,-0.0931,-0.0458,236.0,0.0028,0.151,1783.0,-0.0856,-0.0014,521767.0,-0.0118,0.2623,377,-0.0419,-0.0622,1.5267,-0.1623,0.2294,0.0
202110,53073,"whatcom, wa",599900.0,-0.0206,0.2901,276,-0.009,-0.4753,34.0,-0.0286,-0.2273,284,-0.0955,-0.0779,4,0.0,-0.5,0.0044,0.0002,-0.0031,64.0,-0.0588,-0.1579,0.071,0.0004,0.0012,345.0,-0.0837,-0.0945,326.0,-0.0216,0.2338,1882.0,0.0003,0.0546,806732.0,-0.0183,0.3385,621,-0.0534,-0.3138,1.25,-0.1019,0.5257,0.0
202110,53035,"kitsap, wa",597000.0,0.0293,0.2463,311,-0.0032,-0.1816,36.0,0.0286,0.2,404,0.0521,0.0521,8,-0.4286,-0.3333,0.0059,-0.0049,-0.0026,136.0,0.2364,0.1724,0.1111,0.0233,0.0311,603.0,-0.0481,-0.0737,284.0,0.0221,0.1284,2069.0,0.0071,0.0468,731719.0,0.0246,0.0574,912,-0.0365,-0.1137,1.9389,-0.0915,0.2257,0.0
202110,53001,"adams, wa",309521.0,0.0154,0.2939,28,-0.0667,-0.5,37.0,0.0137,-0.4478,8,-0.6,0.0,0,,,0.0,0.0,0.0,4.0,,0.0,0.0533,0.0533,0.0063,40.0,0.0526,0.6667,205.0,0.0013,0.246,1672.0,0.0143,0.1359,362562.0,0.0194,0.5462,71,0.0365,-0.1013,1.4286,0.1619,1.0,0.0
202110,53007,"chelan, wa",697000.0,-0.0025,0.4254,193,0.0575,-0.0493,50.0,0.1364,0.1905,108,-0.0847,0.0385,0,,,0.0,0.0,0.0,40.0,-0.1304,0.0,0.1117,-0.0102,-0.0017,81.0,-0.0299,0.0125,312.0,-0.0252,0.1639,2249.0,0.0208,0.1156,910690.0,0.0002,0.5191,274,0.034,-0.0352,0.4197,-0.0378,0.0256,0.0
202110,53047,"okanogan, wa",399000.0,-0.0483,0.1739,98,0.0316,-0.2741,66.0,0.1234,0.2222,28,-0.5333,0.1667,0,,,0.0,0.0,0.0,16.0,-0.5,1.0,0.0773,-0.0715,0.0408,69.0,0.1897,0.0615,216.0,-0.0538,-0.0315,1658.0,-0.0614,-0.0273,564455.0,-0.0798,0.0325,164,0.0684,-0.159,0.7041,0.0936,0.2226,0.0
202110,53061,"snohomish, wa",699950.0,0.0115,0.2726,562,-0.1574,-0.3584,32.0,0.1636,0.0667,940,-0.1637,-0.2061,32,0.1429,-0.6364,0.0123,0.004,-0.0113,168.0,-0.1923,-0.25,0.0529,-0.0095,-0.004,1487.0,-0.0372,-0.2394,356.0,0.0145,0.233,2003.0,-0.0012,0.0441,828772.0,0.0283,0.2581,2062,-0.0714,-0.2641,2.6459,0.3303,0.4142,0.0
202110,53075,"whitman, wa",329000.0,0.0175,0.0769,41,-0.012,-0.4143,46.0,0.0455,-0.1154,28,-0.1765,-0.4167,0,-1.0,-1.0,0.0,-0.0172,-0.0242,8.0,-0.6,-0.75,0.092,-0.0877,-0.0963,41.0,-0.1546,-0.1458,150.0,0.05,0.0541,2390.0,0.0407,0.1338,393875.0,0.0422,0.1706,84,-0.0667,-0.2881,1.0,-0.1687,0.3143,0.0
202110,53039,"klickitat, wa",459000.0,-0.1785,-0.1421,52,0.0297,0.3,58.0,0.1542,-0.0794,20,-0.1667,-0.375,8,3.0,0.0,0.0748,0.0557,0.0092,28.0,0.0,0.4,0.2642,0.0372,0.0864,38.0,0.0704,-0.2692,276.0,-0.064,0.1105,1780.0,-0.0443,-0.179,589671.0,-0.0671,-0.1115,91,0.0643,0.0111,0.7308,0.0278,-0.5692,1.0
202110,53013,"columbia, wa",450000.0,-0.0601,0.385,7,1.0,-0.4167,51.0,0.9245,0.02,4,0.0,0.0,0,,,0.0,0.0,0.0,0.0,-1.0,,0.0,-0.2,0.0,2.0,1.0,-0.8824,270.0,-0.0331,0.2875,2018.0,0.3,0.1324,626989.0,0.3701,0.8982,9,1.25,-0.6786,0.2857,0.0,-1.131,1.0
202110,53017,"douglas, wa",469000.0,0.0397,0.1784,69,0.0615,0.2778,26.0,0.3165,-0.4348,68,-0.1905,0.3077,4,-0.3333,,0.0217,-0.0135,0.0217,32.0,1.0,1.6667,0.1641,0.0755,0.0896,52.0,0.0947,0.04,265.0,0.0979,0.2493,1886.0,0.0284,-0.0734,580038.0,0.1216,0.1196,120,0.0811,0.1009,0.7536,0.0229,-0.1723,0.0
202110,53053,"pierce, wa",557200.0,0.0086,0.1857,901,-0.0754,-0.2504,32.0,0.1228,-0.0588,1184,-0.085,-0.0452,36,-0.25,-0.6897,0.0093,-0.0027,-0.0174,436.0,-0.0224,0.6029,0.1116,0.0051,0.0456,1775.0,-0.0343,-0.0452,286.0,0.0005,0.1742,1997.0,0.0033,-0.0141,656452.0,0.0016,0.1258,2686,-0.0431,-0.1222,1.97,0.0839,0.4234,0.0
202110,53065,"stevens, wa",482000.0,-0.0061,0.4177,112,-0.104,0.0275,57.0,0.2258,-0.1094,40,-0.5122,-0.2857,0,-1.0,,0.0,-0.0069,0.0,44.0,0.1,0.8333,0.1548,0.0219,0.0794,108.0,-0.0182,-0.2603,211.0,-0.0559,0.2468,2528.0,0.0753,0.3065,609604.0,0.0231,0.4732,219,-0.0641,-0.1512,0.9643,0.0843,-0.3752,0.0
202110,53057,"skagit, wa",598950.0,-0.0001,0.2248,167,-0.0205,-0.2443,39.0,0.1304,-0.0488,128,-0.2099,-0.2381,12,,0.0,0.0227,0.0227,0.0028,52.0,-0.1613,0.0,0.1122,-0.0037,0.028,189.0,-0.0503,-0.2059,316.0,0.0028,0.1603,1968.0,-0.0231,0.0103,794821.0,0.0116,0.178,345,-0.0738,-0.2484,1.1317,-0.0354,0.0548,0.0
202110,53005,"benton, wa",525000.0,0.0427,0.2806,310,0.1212,-0.1413,33.0,0.32,-0.0833,340,-0.0116,0.0366,12,0.0,-0.5714,0.0128,-0.0007,-0.0136,96.0,0.1429,0.0,0.102,0.0083,0.0043,252.0,-0.0418,-0.2198,247.0,0.0277,0.2849,2231.0,0.0047,-0.0082,558926.0,0.0257,0.191,565,0.0521,-0.174,0.8129,-0.1383,-0.0818,0.0
202110,53045,"mason, wa",445000.0,0.0361,0.2714,80,-0.2271,-0.3162,36.0,0.5,0.0746,100,-0.0741,0.0,0,,,0.0,0.0,0.0,36.0,-0.3333,0.2857,0.1118,-0.0491,0.0331,140.0,-0.0572,-0.0968,257.0,-0.0252,0.1906,1836.0,0.0678,0.0491,569288.0,0.029,0.2504,218,-0.1366,-0.2015,1.75,0.3152,0.4252,0.0
202110,53063,"spokane, wa",449000.0,-0.002,0.1662,714,0.0078,0.1209,31.0,0.0508,-0.3111,824,-0.1435,0.0785,36,-0.3793,-0.5714,0.0136,-0.0057,-0.0145,400.0,0.0989,0.6949,0.1381,0.0165,0.0607,1305.0,-0.0144,-0.1767,208.0,0.0155,0.262,2181.0,-0.0312,-0.0526,545017.0,-0.0309,0.1631,2014,-0.0069,-0.092,1.8277,-0.041,-0.6605,0.0
202110,53009,"clallam, wa",575000.0,0.0223,0.4024,120,-0.1273,-0.2258,47.0,0.1463,-0.0962,76,-0.2692,-0.0952,4,,,0.0098,0.0098,0.0098,36.0,-0.3571,0.5,0.1081,-0.0244,0.0483,146.0,-0.0671,-0.1889,284.0,-0.0003,0.2456,1963.0,-0.0222,0.0059,668235.0,0.0054,0.0814,268,-0.0915,-0.1854,1.2167,0.0785,0.0554,0.0
202110,53041,"lewis, wa",430000.0,-0.0433,0.2684,148,-0.0263,-0.3333,35.0,-0.021,-0.3,112,-0.0667,0.0769,4,-0.3333,-0.5,0.0092,-0.0031,-0.0087,64.0,-0.2,0.6,0.1475,-0.0459,0.0578,170.0,0.1724,0.0968,243.0,-0.0316,0.1754,1958.0,0.0649,0.1504,509445.0,-0.0016,0.206,315,0.0733,-0.16,1.1486,0.1947,0.4505,0.0
202110,53037,"kittitas, wa",650000.0,0.0101,0.1722,103,-0.0885,-0.055,44.0,0.1579,0.0476,64,-0.2889,-0.2,0,-1.0,-1.0,0.0,-0.0237,-0.0119,40.0,-0.0476,0.6667,0.146,0.0241,0.0683,138.0,0.0415,-0.0676,314.0,0.0246,0.2133,2162.0,0.0108,0.0058,1181832.0,0.0284,0.1344,241,-0.0223,-0.0659,1.3398,0.1672,-0.018,0.0
202110,53043,"lincoln, wa",303750.0,-0.0933,-0.19,38,-0.0256,0.1515,50.0,0.3562,-0.2929,16,-0.3333,0.3333,0,,,0.0,0.0,0.0,16.0,3.0,3.0,0.1951,0.1474,0.1388,28.0,0.0182,-0.0968,154.0,-0.0245,0.0724,2022.0,0.0339,-0.174,481548.0,0.0156,0.1648,66,-0.0149,0.0313,0.7368,0.0317,-0.2026,1.0
202110,53021,"franklin, wa",483445.0,0.0303,0.2726,75,-0.026,-0.3056,37.0,1.6909,0.2333,72,-0.4194,-0.1818,4,-0.6,-0.5,0.0163,-0.0205,-0.0055,28.0,0.75,0.0,0.1143,0.055,0.0489,82.0,0.0,-0.4777,244.0,0.0306,0.2704,2054.0,0.0116,0.0234,522008.0,0.0855,0.3016,158,0.0194,-0.4038,1.0933,0.0284,-0.3604,0.0
202110,53019,"ferry, wa",360000.0,0.0142,0.2329,28,-0.1385,0.1667,58.0,0.3488,-0.2,8,0.0,0.0,0,,,0.0,0.0,0.0,8.0,1.0,1.0,0.1509,0.0649,0.064,12.0,0.7143,-0.1429,237.0,-0.0813,0.456,1600.0,-0.0533,-0.0857,430455.0,-0.1159,0.2458,41,0.038,0.0789,0.4286,0.2132,-0.1548,0.0
202110,53049,"pacific, wa",395000.0,0.0,0.3211,78,0.0,-0.22,51.0,0.2785,-0.0648,36,-0.4375,-0.3571,8,0.3333,0.0,0.0396,0.0102,0.008,32.0,-0.1111,0.1429,0.185,0.0194,0.0725,65.0,-0.1613,-0.3085,266.0,-0.023,0.3818,1514.0,0.0303,-0.0232,440735.0,-0.0094,0.1714,143,-0.0833,-0.2591,0.8333,-0.1603,-0.1067,0.0
202109,53055,"san juan, wa",1306000.0,0.0243,0.5378,80,-0.0756,-0.5196,76.0,0.3482,0.2583,26,-0.1875,-0.2778,2,,-0.5,0.0133,0.0133,-0.0013,16.0,0.1429,0.0,0.1027,0.0203,0.0423,49.0,-0.0583,0.1149,684.0,0.1025,0.5666,2066.0,-0.0237,-0.0067,2306030.0,0.0612,0.6872,130,-0.0614,-0.3643,0.6101,0.0112,0.3472,1.0
202109,53019,"ferry, wa",354950.0,-0.0926,0.2654,33,0.2037,0.0317,43.0,-0.3485,-0.165,8,-0.4286,0.0,0,,-1.0,0.0,0.0,-0.0357,4.0,0.0,-0.3333,0.086,0.0064,-0.0319,7.0,-0.2632,-0.4815,258.0,0.17,0.6839,1690.0,-0.2568,-0.1058,486898.0,-0.1198,0.4416,40,0.0822,-0.1124,0.2154,-0.1365,-0.2132,0.0
202109,53041,"lewis, wa",449450.0,0.0291,0.362,152,0.0857,-0.3476,36.0,0.1818,-0.0833,120,0.0714,-0.2857,6,0.5,0.0,0.0123,0.0019,0.0,80.0,0.0,0.6,0.1934,-0.0157,0.1052,145.0,-0.0268,-0.0397,251.0,-0.0216,0.2684,1839.0,0.01,0.0759,510244.0,-0.0225,0.2417,294,0.028,-0.2347,0.9539,-0.1103,0.3059,0.0
202109,53001,"adams, wa",304814.0,0.0448,0.286,30,0.3333,-0.4915,37.0,0.2167,-0.3178,20,0.25,0.6667,0,,,0.0,0.0,0.0,0.0,-1.0,-1.0,0.0,-0.0238,-0.0417,38.0,-0.1648,0.4902,204.0,0.0041,0.2449,1649.0,-0.0051,0.1646,355671.0,0.0239,0.5222,69,-0.0144,-0.1796,1.2667,-0.7556,0.8345,0.0
202109,53035,"kitsap, wa",580000.0,0.0052,0.2188,312,-0.0189,-0.2381,35.0,0.1864,0.0938,384,-0.0769,-0.2351,14,0.0,-0.6111,0.0108,0.001,-0.0091,110.0,-0.2361,0.0377,0.0878,-0.0126,0.0207,634.0,-0.0711,-0.0622,278.0,-0.0119,0.1499,2054.0,0.0336,-0.0015,714170.0,-0.008,0.0451,947,-0.0549,-0.1272,2.0304,-0.1142,0.3809,0.0
202109,53003,"asotin, wa",320750.0,-0.0461,0.212,34,-0.0811,0.1525,46.0,0.3261,0.0223,34,0.0,-0.0556,0,,,0.0,0.0,0.0,12.0,-0.1429,1.0,0.0992,-0.0118,0.0539,51.0,-0.0467,-0.1707,156.0,0.0336,0.1503,2075.0,-0.1236,-0.0514,740658.0,0.0428,1.1228,86,-0.0227,-0.0652,1.5,0.0541,-0.5847,0.0
202109,53057,"skagit, wa",599000.0,0.0065,0.2132,171,0.0825,-0.3614,35.0,0.1129,-0.0417,162,-0.0471,-0.325,0,-1.0,-1.0,0.0,-0.0038,-0.0243,62.0,0.7222,-0.0313,0.1158,0.0476,0.0362,199.0,0.0179,-0.1927,315.0,0.0345,0.2053,2015.0,-0.0089,0.058,785677.0,-0.0257,0.1851,373,0.0478,-0.276,1.1672,-0.0741,0.2439,0.0
202109,53065,"stevens, wa",484975.0,0.021,0.504,125,0.0638,-0.1228,47.0,0.0508,-0.0412,82,-0.0465,0.4138,2,,0.0,0.0069,0.0069,0.0019,40.0,-0.1667,0.3333,0.1329,-0.0341,0.048,110.0,0.0329,-0.1635,223.0,-0.006,0.4106,2351.0,0.0447,0.1967,595834.0,-0.0078,0.5154,234,0.0588,-0.1285,0.88,-0.0264,-0.0428,1.0
202109,53015,"cowlitz, wa",411450.0,0.0467,0.129,150,0.1074,-0.3014,24.0,-0.254,-0.3856,178,0.0723,0.141,66,-0.0571,0.5,0.1124,-0.0197,0.0378,100.0,0.1628,0.5152,0.1704,0.0096,0.0632,253.0,0.0455,0.0202,236.0,0.0022,0.1781,1950.0,0.0851,0.0638,528016.0,0.0438,0.2632,394,0.0564,-0.0859,1.689,-0.0999,0.5324,0.0
202109,53077,"yakima, wa",369425.0,0.0556,-0.0149,253,0.1477,0.3723,29.0,0.2473,0.045,224,-0.1579,0.1089,10,-0.5,1.5,0.0119,-0.0139,0.0058,94.0,0.175,0.5161,0.1113,0.0142,0.0161,334.0,0.0075,0.2234,209.0,0.0276,0.1745,1790.0,0.0189,-0.1279,412712.0,-0.0012,-0.0098,590,0.0738,0.2885,1.3228,-0.184,-0.1609,0.0
202109,53031,"jefferson, wa",611500.0,-0.0255,0.3094,50,-0.1818,-0.5417,47.0,0.406,-0.1422,46,-0.1786,-0.303,0,,,0.0,0.0,0.0,8.0,-0.6364,-0.7333,0.0443,-0.0645,-0.0709,91.0,-0.0471,0.1447,322.0,0.0473,0.1541,1888.0,-0.0616,0.0879,742239.0,0.0058,0.2224,138,-0.1125,-0.2679,1.8384,0.2599,1.1023,0.0
202109,53009,"clallam, wa",562475.0,0.0853,0.3346,138,0.0223,-0.2627,41.0,0.2059,-0.1135,104,-0.2,-0.037,0,,-1.0,0.0,0.0,-0.0039,56.0,0.5556,0.6471,0.1325,0.0505,0.0652,157.0,-0.0126,-0.2886,284.0,0.0102,0.2676,2008.0,0.0494,0.0287,664671.0,0.0234,0.0963,295,0.0051,-0.2597,1.1382,-0.0403,-0.0414,0.0
202109,53007,"chelan, wa",698750.0,0.0596,0.4335,183,0.0549,-0.1742,44.0,0.2941,0.1892,118,-0.0328,-0.1571,0,-1.0,,0.0,-0.0054,0.0,46.0,-0.08,-0.2581,0.122,-0.0119,-0.0072,84.0,0.0438,0.0503,320.0,-0.0133,0.2352,2203.0,0.0356,0.0461,910535.0,0.0377,0.4789,265,0.0495,-0.1122,0.4575,-0.0049,0.0978,0.0
202109,53033,"king, wa",749954.0,0.0006,0.0714,2093,-0.0169,-0.4529,29.0,0.0545,-0.1471,3108,0.0637,-0.2728,48,-0.3684,-0.5,0.0055,-0.0031,-0.0036,640.0,-0.0751,-0.5518,0.0747,-0.0042,-0.0444,3567.0,-0.0616,-0.0593,472.0,0.0036,0.0469,1707.0,0.022,0.001,1083632.0,0.0073,0.0301,5630,-0.0491,-0.2591,1.7047,-0.0811,0.7132,0.0
202109,53073,"whatcom, wa",612500.0,0.0208,0.3303,279,-0.0159,-0.5071,35.0,0.1667,-0.1954,314,-0.0655,-0.2304,4,0.0,-0.6667,0.0041,0.0003,-0.0053,68.0,-0.1905,-0.3333,0.0707,-0.0132,-0.004,377.0,-0.0795,0.0107,334.0,0.0112,0.2626,1882.0,0.0009,0.0666,821753.0,-0.0046,0.4137,656,-0.0444,-0.2954,1.3519,-0.0933,0.6926,0.0
202109,53043,"lincoln, wa",335000.0,0.0469,-0.0428,39,0.3448,0.1143,37.0,0.0735,-0.4652,24,0.2,1.0,0,,,0.0,0.0,0.0,4.0,-0.6,-0.6,0.0477,-0.0839,-0.0948,28.0,0.0185,-0.0984,157.0,0.0112,0.1627,1956.0,0.0176,-0.1083,474133.0,-0.0064,0.2023,67,0.1964,0.0551,0.7051,-0.2259,-0.1663,1.0
202109,53037,"kittitas, wa",643499.0,0.0166,0.1922,113,-0.0088,-0.0383,38.0,-0.0194,-0.1739,90,-0.1818,-0.0217,8,0.3333,3.0,0.0237,0.0048,0.0163,42.0,0.2353,0.75,0.1219,0.0272,0.0552,133.0,-0.0149,-0.1137,307.0,-0.0162,0.2581,2139.0,-0.0266,-0.0198,1149173.0,-0.0249,0.1415,247,0.002,-0.0768,1.1726,-0.0073,-0.0998,0.0
202109,53051,"pend oreille, wa",562500.0,0.0549,0.4038,50,0.0417,0.0417,53.0,0.2883,-0.0411,28,0.4,0.1667,0,-1.0,,0.0,-0.0157,0.0,20.0,0.6667,1.5,0.163,0.0436,0.0934,44.0,0.061,-0.1553,275.0,0.07,0.2812,2604.0,0.0252,0.0874,1101223.0,0.0009,0.9486,93,0.0508,-0.0262,0.87,0.0158,-0.2029,0.0
202109,53011,"clark, wa",555000.0,0.0092,0.2008,733,0.0353,-0.222,38.0,0.1811,-0.2647,866,-0.1357,0.0484,550,-0.1158,-0.0614,0.1679,-0.0134,0.0103,426.0,0.039,-0.1514,0.1312,0.013,-0.0037,1651.0,-0.049,-0.1292,273.0,0.0045,0.2079,2132.0,0.0179,-0.0091,711276.0,0.0142,0.2227,2383,-0.026,-0.1596,2.2539,-0.1998,0.2401,0.0
202109,53059,"skamania, wa",649675.0,0.0296,-0.0872,29,0.5405,0.7813,30.0,-0.2237,-0.4685,16,-0.4286,0.6,4,1.0,1.0,0.0671,0.0359,0.0349,16.0,0.1429,1.6667,0.2481,0.0185,0.1228,20.0,-0.0698,-0.2857,297.0,-0.0197,0.0758,1982.0,-0.068,-0.1844,685154.0,-0.0154,-0.1992,49,0.1829,0.0899,0.7018,-0.4604,-1.0482,1.0
202109,53047,"okanogan, wa",419238.0,-0.0245,0.2919,95,0.1446,-0.3729,59.0,0.1634,0.1692,60,1.3077,0.0,0,-1.0,-1.0,0.0,-0.0125,-0.0156,32.0,0.4545,0.3333,0.1488,0.0245,0.0656,58.0,0.1959,-0.1145,228.0,-0.0568,0.2024,1766.0,0.019,0.0801,613423.0,-0.0198,0.2341,154,0.1629,-0.2894,0.6105,0.0262,0.1782,0.0
202109,53075,"whitman, wa",323350.0,-0.0401,0.1121,42,-0.1354,-0.4747,44.0,0.1139,-0.2414,34,-0.1905,-0.32,2,0.0,-0.5,0.0172,0.0048,-0.0077,20.0,0.25,-0.0909,0.1797,0.077,0.0566,49.0,-0.2652,0.0899,143.0,-0.0919,0.0045,2297.0,0.0696,0.1902,377940.0,-0.0077,0.1698,90,-0.2105,-0.2742,1.1687,-0.2063,0.6054,0.0
202109,53049,"pacific, wa",395000.0,-0.0235,0.3884,78,0.0541,-0.3527,40.0,0.2742,-0.3389,64,0.0667,0.2308,6,0.0,0.5,0.0294,0.0005,0.0156,36.0,0.3846,0.5,0.1655,0.04,0.0763,78.0,0.0265,-0.2402,272.0,-0.007,0.432,1470.0,-0.0495,-0.0723,444930.0,-0.0748,0.2017,156,0.0541,-0.2941,0.9936,-0.0267,0.1471,0.0
202109,53029,"island, wa",627485.0,0.0437,0.1062,109,-0.1107,-0.3728,33.0,0.1,-0.0769,144,-0.0769,-0.301,2,-0.8,0.0,0.0041,-0.0178,0.0004,44.0,-0.0833,1.0,0.1006,-0.0064,0.0603,202.0,0.1988,0.2949,316.0,-0.0094,0.1225,1998.0,0.0185,0.0193,871126.0,0.0066,0.1177,307,0.0478,-0.0683,1.8618,0.4806,0.96,0.0
202109,53005,"benton, wa",503500.0,-0.0354,0.2236,277,0.1426,-0.2587,25.0,0.0638,-0.3333,344,0.0818,0.0299,12,-0.3333,-0.7692,0.0135,-0.0085,-0.0369,84.0,0.1667,-0.2222,0.0937,0.0062,-0.0106,263.0,-0.0573,-0.2602,241.0,0.0044,0.2535,2220.0,-0.0125,-0.0417,544897.0,-0.0241,0.1753,537,0.0337,-0.2634,0.9512,-0.2017,-0.0019,0.0
202109,53021,"franklin, wa",469245.0,0.1993,0.2198,77,0.4667,-0.1895,14.0,-0.2568,-0.5635,124,0.1923,0.1698,10,,-0.6429,0.0368,0.0368,-0.0389,16.0,0.6,-0.2,0.0593,0.0139,0.0008,82.0,0.0123,-0.4605,236.0,0.0666,0.2539,2031.0,0.0178,-0.0445,480892.0,0.0475,0.2014,155,0.1832,-0.3686,1.0649,-0.4779,-0.5351,0.0
202109,53013,"columbia, wa",478750.0,1.0162,0.8985,4,0.75,-0.7879,27.0,-0.1846,-0.5247,4,1.0,-0.5,0,,,0.0,0.0,0.0,2.0,,-0.5,0.2,0.2,0.0939,1.0,-0.3333,-0.9355,279.0,0.0569,1.1347,1552.0,0.2697,-0.1102,457617.0,0.2759,0.7302,4,0.1429,-0.875,0.2857,-0.4643,-0.6537,1.0
202109,53025,"grant, wa",339450.0,0.0302,0.2167,132,-0.0573,-0.3768,45.0,0.0904,-0.0372,106,-0.0536,-0.2535,2,0.0,,0.0043,-0.0001,0.0043,34.0,-0.1905,-0.1905,0.0755,-0.0139,0.0025,215.0,0.067,0.0238,216.0,0.013,0.2787,1707.0,0.0078,0.0539,438139.0,0.0276,0.3238,344,0.0073,-0.1906,1.635,0.1905,0.6397,0.0
202109,53067,"thurston, wa",497000.0,0.02,0.1904,293,-0.0314,-0.2478,29.0,0.4805,0.0179,506,-0.0524,-0.0269,6,0.0,-0.625,0.0044,0.0002,-0.0064,126.0,0.1667,0.1667,0.0936,0.0216,0.0298,619.0,-0.0305,0.0812,260.0,0.0161,0.1924,2031.0,0.0041,0.0082,588718.0,0.0136,0.088,904,-0.0444,-0.0637,2.1126,0.0019,0.6428,0.0
202109,53053,"pierce, wa",552475.0,0.0091,0.1632,975,0.0798,-0.2345,29.0,0.1633,-0.1094,1294,-0.1039,-0.1953,48,0.3333,-0.5789,0.012,0.0037,-0.013,446.0,0.0569,0.1737,0.1065,0.0102,0.0273,1838.0,-0.0603,-0.0303,285.0,0.0069,0.1928,1990.0,0.0153,-0.0293,655388.0,0.0207,0.1331,2807,-0.0237,-0.1162,1.8861,-0.2812,0.3971,0.0
202109,53023,"garfield, wa",201750.0,0.095,-0.101,4,0.1429,-0.2,47.0,0.3551,0.1911,0,-1.0,-1.0,0,,,0.0,0.0,0.0,2.0,0.0,,0.2,0.075,0.2,6.0,-0.3125,0.375,110.0,-0.0099,0.4165,2218.0,0.2089,0.1992,245550.0,0.0378,0.1477,10,-0.1739,0.1176,1.375,-0.9107,0.575,1.0
202109,53063,"spokane, wa",449900.0,0.0026,0.1449,709,0.1769,0.0253,30.0,0.18,-0.2934,962,0.0042,0.0344,58,0.16,-0.1714,0.0193,0.0018,-0.0023,364.0,0.3094,0.3382,0.1216,0.0275,0.0379,1324.0,-0.0346,-0.1885,205.0,0.0054,0.2426,2251.0,0.0183,-0.0528,562381.0,-0.0037,0.1889,2028,0.0287,-0.1255,1.8687,-0.4095,-0.4923,0.0
202109,53017,"douglas, wa",451100.0,-0.035,0.1363,65,0.2621,-0.0299,20.0,-0.092,-0.4733,84,0.1053,0.3125,6,,2.0,0.0353,0.0353,0.0244,16.0,-0.2,-0.1111,0.0886,-0.0195,-0.0221,48.0,0.0106,-0.1518,242.0,0.0121,0.1394,1834.0,-0.0333,-0.0751,517147.0,-0.1151,0.0999,111,0.1327,-0.0672,0.7308,-0.1819,-0.1051,0.0
202109,53069,"wahkiakum, wa",399000.0,-0.1066,-0.1123,8,-0.4483,-0.4483,47.0,-0.0053,-0.0053,2,-0.6667,-0.8,0,,,0.0,0.0,0.0,4.0,-0.6,,0.1292,-0.134,0.1292,18.0,0.0606,1.0588,243.0,-0.1076,0.2073,1979.0,0.1093,-0.0914,477557.0,0.0201,-0.1479,26,-0.1774,0.1087,2.1875,1.0496,1.6013,1.0
202109,53061,"snohomish, wa",692000.0,0.0177,0.2514,667,-0.0665,-0.2934,28.0,0.25,-0.0517,1124,-0.1273,-0.2813,28,-0.4815,-0.8108,0.0084,-0.0066,-0.0292,208.0,-0.3067,-0.1261,0.0623,-0.0199,0.0101,1545.0,-0.0585,-0.2201,351.0,-0.0001,0.2281,2005.0,0.0041,0.0188,805946.0,0.026,0.2398,2221,-0.0567,-0.2427,2.3156,0.0196,0.2176,0.0
202109,53045,"mason, wa",429500.0,-0.0061,0.1808,104,0.1761,-0.1977,24.0,0.0667,-0.3806,108,-0.1692,-0.129,0,-1.0,-1.0,0.0,-0.0103,-0.0111,54.0,0.2273,0.5,0.1609,0.0412,0.0804,149.0,-0.0748,-0.0776,264.0,0.0132,0.1981,1720.0,-0.0241,0.0358,553262.0,0.0009,0.2136,253,0.0327,-0.1278,1.4348,-0.3891,0.1867,0.0
202109,53039,"klickitat, wa",558725.0,-0.0517,0.0972,51,0.1348,0.2169,50.0,0.0469,-0.277,24,-0.1429,0.2,2,-0.5,-0.6667,0.019,-0.0225,-0.0315,28.0,0.5556,0.1667,0.227,0.0628,0.0393,36.0,0.127,-0.3661,295.0,-0.116,0.296,1863.0,0.0585,-0.1517,632111.0,-0.1486,-0.0298,86,0.1325,-0.1364,0.703,-0.0049,-0.6464,0.0
202109,53071,"walla walla, wa",469500.0,0.0486,0.1199,51,0.2625,-0.4162,32.0,0.0,-0.1634,76,0.7273,0.1515,0,,,0.0,0.0,0.0,18.0,-0.1,-0.5,0.108,-0.0421,-0.031,50.0,-0.0571,-0.5639,236.0,0.0575,0.2968,2250.0,-0.0177,-0.079,652314.0,-0.0029,0.2188,99,0.0707,-0.4949,0.9802,-0.3323,-0.3319,0.0
202109,53027,"grays harbor, wa",362500.0,0.0077,0.381,211,0.0658,-0.0946,40.0,0.1181,-0.1056,160,-0.0909,-0.0123,2,-0.6667,-0.5,0.0032,-0.0075,-0.0048,82.0,-0.1277,0.8636,0.1319,-0.0205,0.0606,231.0,0.0244,0.1217,247.0,0.0065,0.4417,1504.0,-0.0275,-0.0089,430809.0,0.0032,0.3373,439,0.0391,-0.0034,1.095,-0.0442,0.2111,0.0
202108,53037,"kittitas, wa",633000.0,0.055,0.1722,114,0.0459,-0.1094,39.0,0.5816,0.0197,110,0.1458,0.5278,6,0.5,,0.0189,0.0071,0.0189,34.0,0.0625,0.7,0.0946,0.0101,0.0368,135.0,0.0847,0.0346,312.0,0.0098,0.322,2198.0,0.0573,-0.0011,1178492.0,0.08,0.2436,246,0.0468,-0.0391,1.1798,0.0422,0.1642,0.0
202108,53063,"spokane, wa",448725.0,0.0316,0.1509,602,0.1231,-0.1521,25.0,0.0638,-0.3421,958,0.0551,0.0692,50,-0.4048,-0.569,0.0175,-0.0123,-0.0195,278.0,0.5444,0.1583,0.094,0.0311,0.0191,1372.0,-0.0004,-0.1347,204.0,0.0237,0.2246,2211.0,-0.0001,-0.0581,564492.0,0.0138,0.1886,1972,0.0338,-0.1454,2.2782,-0.2815,0.0458,0.0
202108,53041,"lewis, wa",436750.0,0.0276,0.2482,140,0.1765,-0.3694,30.0,0.1635,-0.2622,112,-0.125,-0.2,4,,-0.5,0.0104,0.0104,-0.0045,80.0,0.5385,0.8182,0.2092,0.0853,0.1151,149.0,0.0567,-0.0449,256.0,0.0291,0.3148,1821.0,0.0344,0.017,521995.0,-0.0067,0.2566,286,0.0981,-0.2407,1.0643,-0.1206,0.3616,0.0
202108,53067,"thurston, wa",487250.0,0.0367,0.2031,303,0.168,-0.2586,19.0,-0.2143,-0.23,534,-0.0532,0.517,6,-0.25,-0.625,0.0041,-0.0031,-0.0078,108.0,0.0,0.5882,0.0721,0.0006,0.0273,639.0,0.0571,0.0606,256.0,0.0034,0.1954,2023.0,0.0299,0.0086,580804.0,0.0,0.1007,946,0.1182,-0.0624,2.1107,-0.2213,0.6353,0.0
202108,53053,"pierce, wa",547500.0,0.0139,0.1526,903,0.0693,-0.3178,25.0,0.0652,-0.1552,1444,0.0198,0.0906,36,-0.25,-0.6897,0.0083,-0.003,-0.0188,422.0,0.6231,0.3025,0.0963,0.0352,0.0263,1956.0,-0.0071,0.0327,283.0,0.0136,0.2009,1960.0,0.0067,-0.0577,642069.0,-0.0113,0.1054,2875,0.0134,-0.1091,2.1673,-0.1668,0.7357,0.0
202108,53009,"clallam, wa",518250.0,0.0397,0.2194,135,0.0935,-0.3656,34.0,0.4167,-0.3585,130,-0.2262,-0.1447,0,,,0.0,0.0,0.0,36.0,0.0,-0.4,0.0821,0.0036,-0.0251,159.0,-0.0676,-0.223,281.0,0.0178,0.2466,1913.0,0.0154,-0.0445,649460.0,0.0485,0.218,294,-0.0051,-0.2893,1.1784,-0.2037,0.2162,0.0
202108,53051,"pend oreille, wa",533250.0,0.0995,0.3335,48,0.2,-0.0204,41.0,0.3583,-0.3093,20,-0.5,-0.375,2,,,0.0157,0.0157,0.0157,12.0,0.0,0.5,0.1194,0.0218,0.0417,41.0,-0.1087,-0.0465,257.0,0.0856,0.2821,2540.0,0.0619,0.0583,1100255.0,0.0043,0.9634,89,0.0926,-0.0167,0.8542,-0.2958,-0.0234,0.0
202108,53031,"jefferson, wa",627500.0,-0.0339,0.3211,61,-0.0692,-0.4784,33.0,0.2547,-0.2926,56,-0.1765,0.0769,0,,,0.0,0.0,0.0,22.0,0.8333,0.1,0.1088,0.0517,0.0223,96.0,0.2403,0.1369,307.0,-0.0497,0.0794,2012.0,0.0139,0.1288,737950.0,-0.0521,0.1959,156,0.0951,-0.2186,1.5785,0.3939,0.8544,0.0
202108,53015,"cowlitz, wa",393100.0,0.0105,0.1075,135,0.0547,-0.3807,32.0,0.1887,-0.0156,166,0.1216,-0.0119,70,0.0938,0.4583,0.1322,0.0173,0.0483,86.0,0.3438,0.075,0.1608,0.0312,0.0349,242.0,0.0105,0.05,235.0,0.0,0.2107,1797.0,-0.0066,-0.0641,505859.0,0.0511,0.2591,373,0.0122,-0.1194,1.7889,-0.0783,0.7338,0.0
202108,53073,"whatcom, wa",600000.0,0.0354,0.28,283,0.056,-0.5435,30.0,-0.0909,-0.3333,336,0.037,0.012,4,0.0,-0.5,0.0038,-0.0003,-0.0023,84.0,0.1667,-0.16,0.0839,0.0106,0.0096,409.0,0.0099,0.0381,330.0,-0.0074,0.2569,1880.0,0.0261,0.0236,825561.0,0.0248,0.404,687,0.0155,-0.3176,1.4452,-0.066,0.8097,0.0
202108,53007,"chelan, wa",659475.0,-0.0023,0.3007,173,0.1533,-0.2028,34.0,-0.1053,-0.2093,122,0.0167,-0.1528,2,,-0.5,0.0054,0.0054,-0.0037,50.0,0.5625,0.1364,0.1339,0.0348,0.0374,80.0,-0.0244,0.0256,325.0,-0.0275,0.2784,2128.0,0.0455,-0.01,877493.0,-0.0185,0.3714,253,0.0931,-0.1441,0.4624,-0.0842,0.103,0.0
202108,53047,"okanogan, wa",429750.0,-0.1565,0.1941,83,0.1528,-0.443,51.0,0.0978,-0.0098,26,-0.35,-0.5,2,,,0.0125,0.0125,0.0125,22.0,0.8333,0.375,0.1243,0.0583,0.0691,49.0,-0.2177,-0.2538,242.0,-0.1375,0.1229,1733.0,-0.0486,0.0215,625828.0,-0.1696,0.2152,132,-0.0149,-0.3803,0.5843,-0.2768,0.1481,0.0
202108,53013,"columbia, wa",237450.0,-0.6506,-0.0084,2,1.0,-0.9,33.0,1.7083,-0.35,2,-0.5,-0.8333,0,,,0.0,0.0,0.0,0.0,,-1.0,0.0,0.0,-0.0976,2.0,-0.5,-0.9063,264.0,-0.0633,0.9924,1223.0,-0.4923,-0.3826,358650.0,-0.4722,0.3233,4,-0.125,-0.9,0.75,-2.25,-0.05,1.0
202108,53065,"stevens, wa",475000.0,-0.0306,0.3399,118,0.175,-0.1607,44.0,0.4274,-0.3086,86,-0.0227,-0.0652,0,,-1.0,0.0,0.0,-0.0111,48.0,0.0909,0.5,0.167,0.0218,0.0751,107.0,-0.0229,-0.1614,225.0,-0.0324,0.3762,2251.0,-0.03,0.1056,600519.0,-0.1083,0.4929,221,0.0574,-0.1629,0.9064,-0.1836,-0.0008,0.0
202108,53019,"ferry, wa",391175.0,-0.002,0.2036,27,0.08,0.0385,66.0,0.1379,0.3608,14,0.75,0.1667,0,,,0.0,0.0,0.0,4.0,0.0,-0.5,0.0796,-0.0204,-0.056,10.0,-0.1364,-0.5,220.0,0.1667,0.3857,2274.0,0.0073,0.1491,553182.0,0.0223,0.4541,37,0.0139,-0.1889,0.3519,-0.0881,-0.3789,0.0
202108,53027,"grays harbor, wa",359725.0,0.0278,0.3704,198,0.0618,-0.2131,36.0,0.1429,0.0,176,0.1,0.0,6,0.5,-0.25,0.0107,0.0031,-0.0022,94.0,0.3056,1.35,0.1523,0.0186,0.0876,225.0,0.0227,0.1658,245.0,0.0026,0.4559,1546.0,0.0006,0.0184,429415.0,0.037,0.3956,423,0.0255,-0.0441,1.1392,-0.0436,0.3703,0.0
202108,53023,"garfield, wa",184250.0,-0.0551,-0.1056,4,0.75,0.75,35.0,0.9714,0.0781,4,,,0,,,0.0,0.0,0.0,2.0,,,0.125,0.125,0.125,8.0,0.3333,0.6,111.0,0.3317,0.2382,1835.0,-0.3236,-0.3176,236600.0,0.157,0.0724,12,0.4375,0.6429,2.2857,-0.7143,-0.2143,1.0
202108,53069,"wahkiakum, wa",446625.0,-0.0254,0.0762,15,-0.2368,0.0357,48.0,0.2838,0.1176,6,-0.25,0.5,0,,,0.0,0.0,0.0,10.0,1.5,,0.2632,0.1606,0.2632,17.0,-0.0833,0.65,272.0,0.1071,0.5746,1784.0,-0.0155,-0.1854,468128.0,-0.0207,-0.0883,31,-0.1143,0.3478,1.1379,0.1906,0.4236,0.0
202108,53025,"grant, wa",329492.0,-0.0135,0.2228,140,0.1434,-0.3542,42.0,0.3387,0.0375,112,0.0769,-0.125,2,-0.75,,0.0044,-0.0148,0.0044,42.0,0.3125,0.1667,0.0894,0.0123,0.0229,202.0,0.0075,0.0333,213.0,0.0359,0.3017,1694.0,-0.02,0.0608,426388.0,-0.0293,0.3661,342,0.0606,-0.1731,1.4444,-0.1949,0.5417,0.0
202108,53035,"kitsap, wa",576975.0,0.0453,0.1696,318,0.0426,-0.2337,30.0,0.2826,-0.0484,416,-0.1475,0.1064,14,-0.125,-0.125,0.0098,-0.0008,-0.0012,144.0,0.44,0.8,0.1004,0.0308,0.0432,682.0,0.0104,0.0673,281.0,0.0006,0.1428,1987.0,0.0456,-0.0344,719937.0,-0.0049,0.0292,1002,0.0199,-0.0525,2.1447,-0.0685,0.6049,0.0
202108,53077,"yakima, wa",349962.0,-0.0142,-0.091,220,0.0891,0.3174,23.0,0.0568,-0.3961,266,0.0902,0.5833,20,0.0,4.0,0.0258,-0.0029,0.0198,80.0,0.1111,0.5385,0.0971,-0.0052,0.0084,332.0,0.0905,0.2369,203.0,0.0077,0.1747,1756.0,-0.0027,-0.17,413190.0,-0.0025,0.0003,549,0.0871,0.2534,1.5068,0.0019,-0.098,0.0
202108,53059,"skamania, wa",631000.0,0.0096,-0.0848,19,0.0882,-0.075,38.0,1.375,-0.1739,28,0.4,0.4,2,-0.5,-0.5,0.0313,-0.064,-0.0294,14.0,2.5,-0.125,0.2296,0.1651,0.001,22.0,0.0238,-0.1731,303.0,0.0469,0.1203,2127.0,0.162,-0.1327,695872.0,0.0302,-0.1591,41,0.0789,-0.1277,1.1622,-0.0731,-0.1378,0.0
202108,53017,"douglas, wa",467450.0,0.0411,0.2034,52,0.2262,-0.2945,22.0,0.2429,-0.3958,76,0.1176,0.5833,0,,,0.0,0.0,0.0,20.0,1.5,0.0,0.1081,0.0501,0.0096,47.0,-0.0208,-0.2295,239.0,-0.0499,0.1526,1897.0,0.0038,-0.0603,584388.0,-0.0811,0.2057,98,0.1136,-0.2576,0.9126,-0.2302,0.077,0.0
202108,53045,"mason, wa",432125.0,0.0003,0.2012,88,0.0732,-0.4014,23.0,-0.0217,-0.2857,130,-0.0714,0.0484,4,,0.0,0.0103,0.0103,0.0003,44.0,0.375,0.8333,0.1197,0.0285,0.0579,161.0,0.0629,-0.0153,261.0,-0.0192,0.1764,1762.0,0.0244,0.1209,552748.0,0.024,0.2428,245,0.063,-0.2113,1.8239,-0.0176,0.715,0.0
202108,53011,"clark, wa",549950.0,0.0123,0.1789,708,0.0575,-0.3545,32.0,-0.0379,-0.2256,1002,-0.002,0.0481,622,-0.164,0.0032,0.1813,-0.0414,0.0211,410.0,0.3487,-0.2782,0.1182,0.0292,-0.0296,1736.0,-0.017,-0.0242,272.0,0.0026,0.2206,2094.0,0.0245,-0.0372,701333.0,0.0049,0.2328,2447,0.0076,-0.1502,2.4537,-0.1861,0.8305,0.0
202108,53043,"lincoln, wa",319998.0,-0.0725,-0.1467,29,0.1154,-0.1714,34.0,0.1724,-0.3398,20,0.25,0.25,0,,,0.0,0.0,0.0,10.0,0.25,0.25,0.1316,0.0104,0.034,27.0,-0.069,-0.069,156.0,-0.0419,0.0776,1922.0,-0.1006,-0.1404,477165.0,0.0015,0.1453,56,0.037,-0.0968,0.931,-0.1844,0.1025,1.0
202108,53071,"walla walla, wa",447750.0,-0.0149,-0.005,40,0.1765,-0.5745,32.0,0.0323,-0.2889,44,0.1,-0.3889,0,,,0.0,0.0,0.0,20.0,1.5,-0.4444,0.1502,0.0965,0.0197,53.0,-0.0789,-0.527,223.0,0.0375,0.2384,2290.0,-0.0056,-0.0622,654207.0,0.0268,0.2041,92,-0.0108,-0.54,1.3125,-0.364,0.1316,0.0
202108,53075,"whitman, wa",336875.0,-0.0236,0.1537,48,-0.0943,-0.3425,40.0,0.463,-0.4552,42,-0.25,-0.125,2,-0.5,,0.0124,-0.0089,0.0124,16.0,0.0,-0.4286,0.1027,0.0112,-0.1002,66.0,-0.0571,0.4667,157.0,-0.0109,0.163,2147.0,-0.1054,-0.0346,380872.0,-0.0231,0.1266,114,-0.0656,-0.0172,1.375,0.0542,0.7586,0.0
202108,53049,"pacific, wa",404500.0,-0.0134,0.4452,74,0.1563,-0.4825,31.0,0.1481,-0.38,60,-0.1176,-0.1667,6,0.5,-0.25,0.029,0.0037,0.0028,26.0,0.0833,-0.0714,0.1256,0.0025,0.0293,76.0,0.1984,-0.0195,274.0,0.0176,0.4822,1546.0,-0.0362,0.0161,480901.0,-0.0259,0.3671,148,0.2231,-0.3242,1.0203,0.0359,0.4818,0.0
202108,53005,"benton, wa",522000.0,0.0763,0.2432,242,0.2284,-0.3714,24.0,0.0217,-0.4405,318,-0.0305,-0.0422,18,0.125,-0.25,0.022,0.0022,0.0005,72.0,0.6364,-0.3793,0.0875,0.0332,-0.0202,279.0,0.0072,-0.2314,240.0,0.082,0.266,2248.0,0.0446,-0.0239,558380.0,0.0572,0.2314,520,0.096,-0.3008,1.1529,-0.2532,0.21,0.0
202108,53029,"island, wa",601238.0,-0.038,0.0322,122,0.0991,-0.3297,30.0,0.0,-0.1176,156,-0.0714,0.2581,10,1.5,,0.0219,0.0134,0.0219,48.0,0.3333,0.7143,0.107,0.0302,0.0517,169.0,-0.0742,-0.0892,319.0,0.0084,0.139,1962.0,-0.0384,-0.0039,865445.0,-0.0208,0.1604,293,0.0,-0.2016,1.3811,-0.2585,0.3647,0.0
202108,53021,"franklin, wa",391250.0,0.0162,0.0045,53,0.25,-0.3895,19.0,-0.1591,-0.3621,104,0.625,-0.1034,0,-1.0,-1.0,0.0,-0.0205,-0.0229,10.0,1.5,-0.5833,0.0454,0.0254,-0.0234,81.0,-0.129,-0.4375,222.0,0.0587,0.1855,1995.0,-0.0104,-0.0104,459084.0,-0.0142,0.1696,131,-0.0576,-0.4353,1.5429,-0.6714,-0.1316,0.0
202108,53001,"adams, wa",291755.0,0.0086,0.2522,23,0.125,-0.55,30.0,0.3333,-0.0909,16,-0.2,-0.5556,0,,,0.0,0.0,0.0,2.0,-0.5,-0.5,0.0238,-0.0387,-0.0129,46.0,0.2297,2.0333,203.0,0.1355,0.2726,1657.0,0.0451,0.1743,347383.0,0.0448,0.5403,70,0.1983,0.0692,2.0222,0.1722,1.7222,0.0
202108,53003,"asotin, wa",336250.0,0.1398,0.18,37,0.3214,0.1935,35.0,-0.1977,-0.3839,34,0.4167,0.0625,0,,,0.0,0.0,0.0,14.0,0.1667,0.75,0.111,-0.0067,0.0459,54.0,0.163,-0.0776,151.0,-0.0326,0.0718,2367.0,0.1672,0.0307,710252.0,0.3159,0.7857,88,0.1282,-0.033,1.4459,-0.1969,-0.425,0.0
202108,53061,"snohomish, wa",679998.0,0.0074,0.2014,715,0.1506,-0.2619,22.0,0.0,-0.2414,1288,0.0288,0.0627,54,0.5,-0.3864,0.015,0.0046,-0.0067,300.0,1.1429,0.4423,0.0822,0.0407,0.0307,1641.0,0.0133,-0.1255,351.0,0.0136,0.2474,1997.0,-0.0011,-0.0269,785551.0,0.0032,0.1826,2354,0.0495,-0.1763,2.296,-0.3111,0.358,0.0
202108,53055,"san juan, wa",1275000.0,0.02,0.3931,86,0.075,-0.5222,56.0,0.3333,-0.1318,32,-0.3333,-0.3333,0,,,0.0,0.0,0.0,14.0,-0.3,-0.125,0.0824,-0.0293,0.0152,52.0,0.0098,0.4714,620.0,-0.0194,0.3794,2116.0,0.0473,-0.0256,2173007.0,0.0381,0.5296,139,0.0573,-0.3528,0.5988,-0.0387,0.4044,0.0
202108,53033,"king, wa",749475.0,-0.0127,0.0483,2129,-0.0267,-0.4154,28.0,0.0185,-0.0833,2922,-0.0846,-0.1135,76,0.0,-0.2963,0.0085,0.0001,-0.0014,692.0,0.1849,-0.3616,0.079,0.0163,-0.021,3801.0,0.0034,0.009,470.0,-0.0331,0.0751,1670.0,-0.0107,-0.0722,1075812.0,-0.0272,0.0152,5921,0.0062,-0.1992,1.7858,0.0537,0.7512,0.0
202108,53039,"klickitat, wa",589200.0,-0.0991,0.333,45,0.2027,-0.11,48.0,0.3333,-0.2836,28,0.75,0.75,4,0.0,-0.5,0.0416,-0.0055,-0.0168,18.0,0.125,0.125,0.1642,-0.0358,0.0262,32.0,0.1667,-0.3824,333.0,-0.1031,0.5908,1760.0,0.0517,-0.1884,742466.0,-0.0124,0.2143,76,0.1615,-0.2216,0.7079,-0.0219,-0.3121,1.0
202108,53057,"skagit, wa",595150.0,-0.0014,0.1927,158,0.1092,-0.3989,31.0,0.1071,-0.1389,170,0.0625,-0.2273,2,,-0.8333,0.0038,0.0038,-0.0119,36.0,0.0,-0.3571,0.0682,-0.0034,-0.0104,196.0,-0.1114,-0.1854,304.0,-0.0261,0.16,2033.0,0.0082,0.0423,806418.0,-0.0309,0.2258,356,-0.0097,-0.2904,1.2413,-0.308,0.3252,0.0
202107,53075,"whitman, wa",345000.0,-0.0115,0.0699,53,0.0192,-0.3248,27.0,0.1489,-0.5519,56,-0.125,0.4737,4,-0.5,,0.0213,-0.0205,0.0213,16.0,0.0,-0.5294,0.0914,-0.0045,-0.1292,70.0,0.0448,0.4894,159.0,0.0949,0.1699,2400.0,-0.0039,0.0216,389875.0,-0.0041,0.1315,122,0.0,-0.0279,1.3208,0.0323,0.722,0.0
202107,53025,"grant, wa",334000.0,0.039,0.2095,122,0.202,-0.4272,31.0,0.1481,-0.3297,104,-0.1746,-0.2877,8,3.0,-0.3333,0.0193,0.0152,-0.0026,32.0,0.3333,-0.1111,0.0771,0.0298,0.0091,200.0,-0.0654,0.105,205.0,-0.0078,0.2601,1728.0,0.0436,0.0405,439261.0,0.0183,0.3598,322,0.0304,-0.1733,1.6393,-0.469,0.7896,0.0
202107,53051,"pend oreille, wa",485000.0,0.1412,0.1534,40,0.6667,-0.2661,30.0,-0.0244,-0.4872,40,0.1111,1.0,0,,,0.0,0.0,0.0,12.0,1.0,1.0,0.0976,0.0452,0.0518,46.0,-0.1481,0.011,237.0,-0.0483,0.1645,2392.0,0.066,0.0036,1095507.0,0.6332,0.9579,81,0.0385,-0.1777,1.15,-1.1,0.3151,1.0
202107,53055,"san juan, wa",1250000.0,0.0111,0.3298,80,0.1111,-0.5812,42.0,0.098,-0.4894,48,0.0435,0.2,0,,,0.0,0.0,0.0,20.0,1.5,0.25,0.1117,0.0699,0.052,51.0,-0.1707,0.8214,632.0,0.0447,0.4162,2021.0,-0.06,-0.0788,2093184.0,0.0155,0.5221,131,-0.0038,-0.4005,0.6375,-0.2167,0.4909,0.0
202107,53015,"cowlitz, wa",389000.0,-0.0382,0.1138,128,0.0622,-0.3519,27.0,0.0928,-0.3072,148,-0.1685,-0.0864,64,-0.0857,0.4545,0.1149,-0.0181,0.0375,64.0,0.1034,0.1034,0.1296,0.0249,0.0276,239.0,-0.0245,0.0302,235.0,0.004,0.215,1809.0,0.0049,-0.0184,481288.0,-0.1097,0.199,368,0.011,-0.08,1.8672,-0.166,0.6925,0.0
202107,53021,"franklin, wa",385000.0,0.0253,0.0778,42,0.05,-0.5227,22.0,-0.0435,-0.4824,64,-0.3333,-0.36,4,-0.5,-0.6,0.0205,-0.0121,-0.0097,4.0,-0.8182,-0.8182,0.02,-0.0654,-0.0478,93.0,-0.1507,-0.2218,209.0,0.0248,0.1345,2016.0,0.0039,0.0015,465700.0,0.1047,0.2201,139,-0.0671,-0.3252,2.2143,-0.5232,0.8563,0.0
202107,53047,"okanogan, wa",509500.0,-0.1494,0.3461,72,0.0511,-0.5085,46.0,0.0,-0.3405,40,0.0,-0.2308,0,-1.0,,0.0,-0.0099,0.0,12.0,-0.1429,-0.3333,0.0659,-0.0069,-0.0022,62.0,-0.2791,-0.0236,281.0,-0.1134,0.3112,1822.0,0.1168,0.0028,753680.0,-0.0159,0.4724,134,-0.1299,-0.3619,0.8611,-0.3944,0.4277,0.0
202107,53049,"pacific, wa",410000.0,0.1717,0.4481,64,0.2673,-0.5096,27.0,0.2273,-0.4286,68,0.0968,0.0303,4,-0.3333,0.0,0.0253,-0.0087,0.011,24.0,2.0,0.3333,0.1231,0.0756,0.0584,63.0,-0.1429,-0.2317,269.0,0.1183,0.4228,1604.0,0.1139,0.0601,493700.0,0.0589,0.4757,121,-0.032,-0.4292,0.9844,-0.4711,0.356,0.0
202107,53039,"klickitat, wa",654000.0,0.306,0.3094,37,0.1935,-0.4173,36.0,0.4118,-0.3872,16,-0.4667,-0.3846,4,-0.6,-0.3333,0.0471,-0.0606,0.0036,16.0,0.1429,-0.3333,0.2,0.045,0.0251,27.0,-0.129,-0.4375,372.0,0.1624,0.6585,1673.0,0.0314,-0.2394,751787.0,0.0304,0.1484,65,0.0744,-0.4144,0.7297,-0.2703,-0.0262,0.0
202107,53005,"benton, wa",485000.0,-0.0289,0.1373,197,0.1939,-0.5213,23.0,-0.1481,-0.4177,328,0.1714,0.038,16,0.1429,-0.2727,0.0198,-0.0002,-0.0008,44.0,0.6923,-0.6271,0.0543,0.018,-0.0523,277.0,0.0221,-0.1877,222.0,0.0095,0.1784,2152.0,-0.0554,-0.0744,528186.0,-0.0197,0.1463,474,0.0872,-0.3688,1.4061,-0.2363,0.5774,0.0
202107,53033,"king, wa",759150.0,-0.0011,0.0399,2187,0.037,-0.3614,27.0,0.2706,-0.1,3192,-0.1461,-0.0573,76,-0.1915,-0.2549,0.0084,0.0004,-0.0022,584.0,0.2269,-0.4229,0.0627,0.0151,-0.0345,3788.0,-0.0928,0.1007,486.0,0.0077,0.1293,1688.0,-0.01,-0.1092,1105862.0,0.0021,0.0078,5884,-0.0593,-0.1405,1.7321,-0.2478,0.7271,0.0
202107,53071,"walla walla, wa",454500.0,0.0242,0.0509,34,0.5455,-0.66,31.0,0.181,-0.1622,40,0.25,-0.4118,0,,,0.0,0.0,0.0,8.0,3.0,-0.6667,0.0537,0.0346,-0.0294,57.0,0.52,-0.4722,215.0,0.0173,0.2404,2303.0,-0.071,-0.0759,637142.0,0.0094,0.2454,93,0.563,-0.5518,1.6765,-0.0281,0.5965,0.0
202107,53061,"snohomish, wa",675000.0,0.0022,0.1791,621,0.0876,-0.3721,22.0,0.375,-0.2787,1252,-0.1057,0.061,36,-0.3793,-0.7391,0.0104,-0.0025,-0.0257,140.0,0.2727,-0.44,0.0415,0.0129,-0.0238,1619.0,-0.0983,-0.054,346.0,0.0119,0.2481,1999.0,0.0186,-0.0626,783082.0,0.0187,0.2012,2243,-0.0449,-0.1731,2.6071,-0.5374,0.8765,0.0
202107,53027,"grays harbor, wa",350000.0,-0.0538,0.3208,186,0.3145,-0.2777,32.0,0.1351,-0.125,160,0.0667,0.0667,4,-0.3333,1.0,0.0076,-0.0059,0.0042,72.0,1.0,0.6364,0.1338,0.074,0.0577,220.0,-0.0135,0.2791,245.0,-0.0632,0.4362,1545.0,0.0208,0.0434,414109.0,-0.0417,0.3737,412,0.1226,-0.0294,1.1828,-0.3932,0.5148,0.0
202107,53059,"skamania, wa",625000.0,0.0504,-0.1014,17,0.4783,-0.15,16.0,-0.3786,-0.7762,20,0.4286,0.25,4,-0.3333,,0.0952,-0.0119,0.0952,4.0,-0.5,-0.6,0.0645,-0.1299,-0.0726,21.0,-0.125,-0.3115,289.0,0.0194,0.2371,1830.0,-0.1392,-0.3719,675474.0,-0.0008,-0.1239,38,0.1176,-0.2475,1.2353,-0.8517,-0.2897,1.0
202107,53043,"lincoln, wa",345000.0,-0.1976,-0.0914,26,0.5294,-0.3247,29.0,-0.3696,-0.4912,16,0.0,-0.2727,0,,,0.0,0.0,0.0,8.0,3.0,-0.3333,0.1212,0.0952,-0.0247,29.0,-0.1212,0.0545,163.0,-0.1357,0.1251,2137.0,-0.0625,-0.1096,476457.0,-0.0751,0.1042,54,0.0693,-0.194,1.1154,-0.8258,0.4011,0.0
202107,53067,"thurston, wa",470000.0,-0.0198,0.1756,259,0.0814,-0.3855,25.0,0.6333,0.0208,564,0.0255,0.1653,8,1.0,-0.5,0.0072,0.0043,-0.0039,108.0,0.4211,0.35,0.0714,0.0222,0.0156,604.0,-0.0481,0.0776,255.0,-0.0232,0.2052,1964.0,0.0071,-0.0166,580832.0,-0.0178,0.1396,846,-0.0462,-0.1328,2.332,-0.3172,1.0023,0.0
202107,53009,"clallam, wa",498450.0,-0.0298,0.1434,123,0.2118,-0.4015,24.0,0.28,-0.5493,168,0.0244,0.3548,0,,-1.0,0.0,0.0,-0.0121,36.0,0.6364,-0.28,0.0784,0.0217,-0.0188,170.0,0.0897,-0.0529,276.0,0.0168,0.2398,1884.0,-0.017,-0.0732,619392.0,0.0041,0.1552,295,0.1546,-0.2216,1.3821,-0.1548,0.5086,0.0
202107,53017,"douglas, wa",449000.0,0.0425,0.1289,42,0.2174,-0.5625,18.0,0.0448,-0.5679,68,0.0303,-0.0556,0,,,0.0,0.0,0.0,8.0,0.0,-0.6667,0.058,0.0079,-0.0453,48.0,-0.1933,-0.0857,251.0,0.0086,0.1816,1890.0,-0.0105,-0.057,635952.0,0.1086,0.3364,88,-0.0638,-0.4014,1.1429,-0.5818,0.596,0.0
202107,53035,"kitsap, wa",551990.0,0.01,0.1073,305,0.2274,-0.2923,23.0,0.0222,-0.2813,488,0.0609,0.2775,16,1.6667,-0.5,0.0106,0.0067,-0.0122,100.0,0.2195,-0.1379,0.0696,0.0154,-0.0127,675.0,0.009,0.1431,281.0,0.0033,0.177,1901.0,-0.0516,-0.0982,723481.0,-0.0147,0.046,982,0.0651,-0.0358,2.2131,-0.479,0.843,0.0
202107,53057,"skagit, wa",596000.0,0.0811,0.2308,142,0.127,-0.4692,28.0,-0.0667,-0.2432,160,-0.0909,-0.2727,0,,-1.0,0.0,0.0,-0.0112,36.0,0.5,-0.4,0.0716,0.0341,-0.0146,220.0,-0.0157,-0.0023,312.0,-0.0144,0.2246,2016.0,0.0712,0.0295,832123.0,0.0672,0.2894,359,0.0272,-0.2583,1.5493,-0.2245,0.725,0.0
202107,53019,"ferry, wa",391950.0,0.0906,0.3069,25,0.087,-0.1071,58.0,0.6111,0.0995,8,-0.3333,0.3333,0,,,0.0,0.0,0.0,4.0,-0.3333,0.0,0.1,-0.0278,0.019,11.0,-0.2143,-0.2667,189.0,-0.0512,0.3013,2258.0,0.0817,-0.0489,541136.0,0.0474,0.2746,36,-0.0137,-0.1529,0.44,-0.1687,-0.0957,0.0
202107,53007,"chelan, wa",661000.0,0.032,0.3154,150,0.1858,-0.3521,38.0,0.8095,-0.1163,120,-0.2208,-0.1892,0,,-1.0,0.0,0.0,-0.0044,32.0,0.0667,-0.3846,0.0991,0.0261,-0.013,82.0,-0.1087,-0.0061,334.0,-0.0009,0.3015,2035.0,0.0023,-0.0066,894072.0,0.0624,0.4735,231,0.0524,-0.269,0.5467,-0.1806,0.1903,0.0
202107,53063,"spokane, wa",435000.0,0.0395,0.1014,536,0.2279,-0.2791,24.0,0.3056,-0.3562,908,-0.0791,-0.0258,84,0.1667,-0.16,0.0298,0.0043,-0.0006,180.0,0.1688,-0.3382,0.0629,0.0087,-0.0184,1372.0,-0.0348,-0.1336,199.0,0.0208,0.2031,2211.0,-0.0039,-0.0699,556798.0,0.0052,0.2007,1907,0.0269,-0.1752,2.5597,-0.6969,0.4299,0.0
202107,53041,"lewis, wa",425000.0,0.0672,0.2663,119,0.1174,-0.4803,26.0,0.0612,-0.3882,128,0.1034,-0.0154,0,-1.0,-1.0,0.0,-0.0145,-0.0079,52.0,0.0,0.0833,0.1238,-0.0087,0.0276,141.0,-0.1802,-0.0662,249.0,0.0059,0.3045,1760.0,0.0704,-0.0291,525499.0,0.0252,0.3147,260,-0.058,-0.3103,1.1849,-0.4301,0.5255,0.0
202107,53001,"adams, wa",289255.0,0.0424,0.2856,20,0.1111,-0.4595,23.0,-0.1,-0.0426,20,-0.1667,-0.375,0,,,0.0,0.0,0.0,4.0,0.0,,0.0625,0.0192,0.0625,37.0,0.2131,2.0833,179.0,-0.0678,0.315,1586.0,0.0211,0.0535,332479.0,0.0885,0.4546,58,0.2083,0.2083,1.85,0.1556,1.5257,0.0
202107,53073,"whatcom, wa",579500.0,0.0657,0.2464,268,-0.0806,-0.6056,33.0,0.1681,-0.2787,324,-0.2863,-0.2174,4,1.0,-0.6667,0.0041,0.0017,-0.0041,72.0,0.2857,-0.5385,0.0733,0.0275,-0.0384,405.0,-0.1401,0.2519,332.0,0.0858,0.2767,1832.0,0.0235,-0.0087,805577.0,0.0856,0.3539,676,-0.1186,-0.3343,1.5112,-0.1046,1.0351,0.0
202107,53053,"pierce, wa",540000.0,0.0237,0.1251,844,0.1336,-0.3574,23.0,0.2778,-0.2333,1416,-0.0407,0.0216,48,-0.2,-0.6923,0.0113,-0.0005,-0.0225,260.0,0.0236,-0.1975,0.0611,0.0055,-0.012,1970.0,-0.0799,0.1231,280.0,0.0158,0.1952,1947.0,-0.0149,-0.0731,649375.0,-0.0096,0.1157,2837,-0.012,-0.0747,2.3341,-0.5416,0.9988,0.0
202107,53003,"asotin, wa",295000.0,-0.1442,0.0052,28,0.12,-0.2113,43.0,0.0238,-0.0058,24,0.0,0.2,0,,,0.0,0.0,0.0,12.0,-0.1429,-0.1429,0.1176,-0.034,-0.0261,46.0,-0.1481,-0.0213,156.0,-0.1003,0.1183,2028.0,0.0255,-0.1031,539743.0,-0.1497,0.3616,78,0.0,-0.0769,1.6429,-0.5171,0.3189,0.0
202107,53069,"wahkiakum, wa",458250.0,0.0223,0.1982,19,0.1176,0.1515,37.0,0.0725,-0.1294,8,-0.2,-0.2,0,,,0.0,0.0,0.0,4.0,0.0,-0.3333,0.1026,0.0034,-0.0796,18.0,0.3333,2.6,246.0,0.0047,0.4817,1812.0,-0.0974,-0.2064,478010.0,-0.0252,-0.0908,35,0.1475,0.5909,0.9474,0.1533,0.6443,0.0
202107,53037,"kittitas, wa",599995.0,0.1137,0.1852,109,0.2529,-0.128,25.0,0.1529,-0.351,96,-0.0943,0.1429,4,1.0,1.0,0.0118,0.0078,0.0065,32.0,1.0,0.2308,0.0845,0.04,0.0088,124.0,0.029,0.0,309.0,-0.0454,0.2647,2079.0,0.149,0.002,1091194.0,-0.0572,0.1622,235,0.1325,-0.0486,1.1376,-0.2474,0.1456,0.0
202107,53031,"jefferson, wa",649500.0,0.1164,0.2806,65,0.2264,-0.4606,27.0,-0.1452,-0.47,68,0.1724,-0.0286,0,,,0.0,0.0,0.0,12.0,0.0,-0.5385,0.0571,-0.0023,-0.0405,77.0,-0.0552,0.1579,323.0,-0.0045,0.1693,1984.0,0.0427,0.0424,778512.0,-0.003,0.2299,142,0.0519,-0.2345,1.1846,-0.3531,0.6327,0.0
202107,53023,"garfield, wa",195000.0,-0.2347,0.3009,2,0.0,-0.6,18.0,-0.4697,-0.8045,0,,-1.0,0,,,0.0,0.0,0.0,0.0,-1.0,,0.0,-0.5,0.0,6.0,0.0909,2.0,84.0,-0.3035,0.045,2713.0,0.236,0.4578,204500.0,-0.1999,0.1276,8,0.0,0.1429,3.0,0.25,2.6,1.0
202107,53029,"island, wa",625000.0,0.0,0.1492,111,0.1156,-0.4727,30.0,0.519,-0.2157,168,0.0,-0.0118,4,0.0,,0.0085,0.0013,0.0085,36.0,0.2,-0.1429,0.0768,0.0142,-0.0032,182.0,-0.1395,0.1629,317.0,-0.027,0.1216,2040.0,0.0585,0.0545,883824.0,-0.0429,0.2504,293,-0.0579,-0.1984,1.6396,-0.486,0.8962,0.0
202107,53077,"yakima, wa",355000.0,0.0758,-0.0806,202,0.1543,0.0439,22.0,-0.0638,-0.4667,244,-0.024,0.525,20,0.25,1.5,0.0287,0.0075,0.0158,72.0,1.25,0.3333,0.1023,0.0565,0.0149,304.0,0.0,0.1322,202.0,0.0672,0.1495,1761.0,0.0079,-0.1436,414220.0,0.0729,-0.017,505,0.0423,0.0884,1.505,-0.2322,0.1174,0.0
202107,53065,"stevens, wa",490000.0,-0.0202,0.3155,100,0.3072,-0.2565,31.0,0.1481,-0.4918,88,0.3333,0.2571,0,,-1.0,0.0,0.0,-0.0199,44.0,2.1429,0.4667,0.1452,0.0926,0.0453,109.0,0.1474,-0.1583,232.0,-0.0648,0.4071,2320.0,0.0725,0.1396,673438.0,-0.0342,0.6146,209,0.2404,-0.2008,1.09,-0.1518,0.1272,0.0
202107,53011,"clark, wa",543250.0,0.0014,0.1413,669,0.1625,-0.3995,33.0,0.1282,-0.2903,1004,0.004,0.0502,744,0.0751,0.343,0.2227,0.016,0.0767,304.0,0.2358,-0.3968,0.089,0.0159,-0.0449,1766.0,-0.0197,0.0407,271.0,0.0001,0.2145,2044.0,-0.0128,-0.0695,697894.0,0.006,0.2132,2428,0.0106,-0.1335,2.6398,-0.4906,1.1164,0.0
202107,53045,"mason, wa",432000.0,0.1279,0.1177,82,0.0933,-0.506,23.0,0.3333,-0.3521,140,-0.0541,0.1111,0,,-1.0,0.0,0.0,-0.0131,32.0,0.7778,-0.3846,0.0912,0.0448,-0.0244,151.0,-0.065,-0.0351,266.0,0.0625,0.2443,1720.0,0.1024,-0.0116,539807.0,0.0548,0.2118,230,-0.0356,-0.2868,1.8415,-0.3119,0.8987,0.0
202107,53013,"columbia, wa",679500.0,,1.847,1,,-0.9429,12.0,,-0.767,4,,-0.3333,0,,,0.0,,0.0,0.0,,-1.0,0.0,,-0.1051,3.0,,-0.8378,282.0,,0.7255,2408.0,,0.3799,679500.0,,1.3727,4,,-0.8873,3.0,,1.9429,1.0
202106,53061,"snohomish, wa",673500.0,0.0362,0.1672,571,0.1996,-0.4536,16.0,0.1429,-0.5152,1400,0.0972,0.2635,58,0.0357,-0.5085,0.0129,-0.0037,-0.0178,110.0,0.375,-0.5736,0.0286,0.0059,-0.0378,1796.0,0.0427,0.0469,342.0,0.007,0.2397,1963.0,0.0179,-0.0925,768706.0,0.0183,0.1602,2349,0.0603,-0.1483,3.1445,-0.4732,1.5033,0.0
202106,53019,"ferry, wa",359375.0,-0.0902,0.2001,23,0.5333,-0.1786,36.0,0.0588,-0.2,12,-0.25,0.2,0,,,0.0,0.0,0.0,6.0,,,0.1278,0.1278,0.1278,14.0,-0.0667,0.2174,199.0,0.1351,0.5246,2087.0,0.0493,-0.1016,516665.0,-0.0485,0.2072,37,0.1774,-0.0875,0.6087,-0.3913,0.198,0.0
202106,53003,"asotin, wa",344725.0,-0.0137,0.2892,25,0.1905,-0.1803,42.0,-0.0968,-0.4085,24,-0.3333,0.0909,0,,,0.0,0.0,0.0,14.0,,1.3333,0.1516,0.1516,0.0944,54.0,0.0588,0.0189,174.0,0.0441,0.2976,1978.0,0.0084,-0.0386,634761.0,-0.0257,0.6354,78,0.1471,-0.0602,2.16,-0.2686,0.4223,0.0
202106,53073,"whatcom, wa",543750.0,0.0357,0.1964,292,0.0836,-0.5757,28.0,0.0089,-0.491,454,0.2204,0.1947,2,-0.5,-0.8,0.0024,-0.0015,-0.0051,56.0,0.5556,-0.4815,0.0458,0.0118,-0.0349,471.0,0.0979,0.6882,306.0,0.0231,0.1832,1790.0,0.0264,-0.0136,742078.0,0.0402,0.2942,767,0.0989,-0.2023,1.6158,0.021,1.2097,0.0
202106,53055,"san juan, wa",1236250.0,0.0302,0.3585,72,0.1429,-0.6409,38.0,0.1087,-0.6286,46,-0.1154,0.2105,0,,,0.0,0.0,0.0,8.0,0.0,-0.3333,0.0418,0.0014,-0.0042,62.0,0.1389,1.5625,605.0,0.193,0.3293,2150.0,-0.0497,0.0199,2061140.0,0.0833,0.4962,132,0.1239,-0.4129,0.8542,-0.003,0.7345,1.0
202106,53033,"king, wa",759988.0,0.0134,0.0411,2109,0.1308,-0.3634,21.0,-0.0761,-0.2917,3738,0.0917,0.1239,94,0.2368,-0.0208,0.0079,-0.0003,-0.002,476.0,0.2526,-0.4591,0.0476,0.009,-0.0431,4176.0,0.0361,0.3214,482.0,-0.0089,0.1522,1705.0,0.021,-0.117,1103552.0,0.0007,0.0097,6255,0.0562,-0.0288,1.9798,-0.181,1.026,0.0
202106,53041,"lewis, wa",398225.0,-0.0019,0.1923,107,0.1703,-0.5159,25.0,0.1136,-0.5882,116,-0.1714,-0.0645,6,-0.25,-0.5,0.0145,-0.0075,-0.0101,52.0,0.625,-0.1034,0.1325,0.0569,0.011,172.0,0.0424,0.2419,248.0,0.0077,0.3316,1644.0,0.0328,-0.087,512574.0,0.0717,0.2755,276,0.0781,-0.2301,1.615,-0.1982,0.9855,0.0
202106,53001,"adams, wa",277498.0,0.0091,0.3798,18,0.3846,-0.3208,25.0,-0.7788,0.0204,24,1.0,0.3333,0,,-1.0,0.0,0.0,-0.0328,4.0,,,0.0433,0.0433,0.0433,31.0,-0.0161,1.6522,192.0,0.0093,0.7072,1553.0,-0.0991,0.0165,305449.0,-0.0369,0.3384,48,0.1429,0.2973,1.6944,-0.6902,1.2605,0.0
202106,53039,"klickitat, wa",500750.0,-0.0564,0.0503,31,1.2143,-0.4876,26.0,-0.0192,-0.7265,30,0.25,-0.0625,10,-0.1667,1.5,0.1077,-0.0567,0.0769,14.0,0.75,-0.6111,0.155,0.026,-0.1043,31.0,-0.1389,-0.2874,320.0,0.0368,0.4801,1622.0,-0.0459,-0.2155,729629.0,0.1246,0.2046,61,0.1204,-0.4211,1.0,-1.5714,0.281,1.0
202106,53065,"stevens, wa",500100.0,0.2132,0.4713,77,0.2541,-0.4814,27.0,-0.129,-0.5068,66,-0.0833,-0.0833,0,,,0.0,0.0,0.0,14.0,-0.125,-0.6111,0.0526,-0.0071,-0.0529,95.0,-0.05,-0.1593,248.0,0.2173,0.5011,2163.0,0.0445,0.0722,697298.0,0.1467,0.7855,169,0.0337,-0.3556,1.2418,-0.3975,0.4757,0.0
202106,53043,"lincoln, wa",429950.0,0.036,0.2197,17,0.0,-0.5952,46.0,0.4375,-0.2301,16,0.0,0.1429,0,-1.0,-1.0,0.0,-0.0588,-0.0244,2.0,-0.5,-0.6667,0.026,-0.0375,-0.0475,33.0,0.1786,0.4043,188.0,0.2389,0.2886,2280.0,-0.0259,0.0606,515168.0,0.0864,0.2676,51,0.0978,-0.229,1.9412,0.2941,1.3817,0.0
202106,53035,"kitsap, wa",546500.0,-0.0064,0.126,249,0.1667,-0.4294,23.0,0.0227,-0.3571,460,0.0849,0.1558,6,-0.5,-0.625,0.0039,-0.0059,-0.0076,82.0,0.8636,-0.1633,0.0542,0.0197,-0.0121,669.0,0.0437,0.1727,280.0,0.0422,0.1606,2004.0,-0.0118,-0.0262,734262.0,-0.01,0.1116,922,0.0847,-0.078,2.6922,-0.3172,1.3822,0.0
202106,53063,"spokane, wa",418475.0,0.0333,0.0737,437,0.3641,-0.4439,18.0,-0.2941,-0.5135,986,0.2325,0.002,72,-0.0526,-0.3077,0.0255,-0.0035,-0.0067,154.0,0.8333,-0.4077,0.0543,0.0191,-0.0239,1422.0,0.0968,-0.0666,195.0,0.006,0.1719,2220.0,0.0258,-0.0614,553905.0,0.0587,0.2059,1857,0.147,-0.1945,3.2566,-0.7934,1.3165,0.0
202106,53051,"pend oreille, wa",425000.0,0.0,-0.0087,24,0.0,-0.6033,31.0,-0.1214,-0.3387,36,0.2857,0.2,0,,,0.0,0.0,0.0,6.0,0.5,0.0,0.0523,0.0156,-0.0005,54.0,0.1739,0.2706,249.0,0.0523,0.2641,2244.0,0.3369,-0.0386,670769.0,0.3654,0.176,78,0.0986,-0.2277,2.25,0.3333,1.5475,0.0
202106,53059,"skamania, wa",595000.0,0.0978,0.1004,12,0.2778,-0.5741,26.0,1.575,-0.7339,14,-0.125,0.0,6,0.5,,0.1071,0.0183,0.1071,8.0,1.0,-0.3333,0.1944,0.119,0.0151,24.0,0.0,0.0435,284.0,0.0514,0.2909,2126.0,0.0391,-0.1256,676021.0,0.1411,0.0354,34,0.0303,-0.3131,2.087,-0.5797,1.2351,1.0
202106,53015,"cowlitz, wa",404450.0,0.0378,0.1839,121,0.2172,-0.4221,24.0,0.0543,-0.4012,178,0.0349,0.2192,70,0.4583,1.0588,0.133,0.0277,0.0681,58.0,0.3182,-0.1944,0.1047,0.0167,-0.0294,245.0,0.1779,0.225,234.0,-0.0073,0.216,1800.0,0.0217,0.0077,540590.0,0.0099,0.3862,364,0.1519,-0.0434,2.0332,-0.0678,1.074,0.0
202106,53071,"walla walla, wa",443750.0,0.0515,0.0374,22,0.6923,-0.7778,26.0,0.05,-0.4415,32,0.1429,-0.4839,0,,-1.0,0.0,0.0,-0.0069,2.0,-0.75,-0.9444,0.019,-0.0986,-0.1026,38.0,1.6786,-0.7012,211.0,0.0316,0.2203,2479.0,0.0164,0.0364,631179.0,-0.0962,0.3943,60,1.2037,-0.7385,1.7045,0.6276,0.4369,0.0
202106,53025,"grant, wa",321475.0,0.0636,0.1471,102,0.2083,-0.5323,27.0,0.0588,-0.4545,126,-0.0156,0.3125,2,-0.75,-0.5,0.0041,-0.0139,-0.0042,24.0,1.0,-0.1429,0.0473,0.0178,-0.0049,214.0,-0.0183,0.2056,207.0,0.0263,0.2618,1656.0,0.0427,0.0005,431350.0,0.1542,0.3445,313,0.0417,-0.2028,2.1084,-0.4869,1.2904,0.0
202106,53027,"grays harbor, wa",369900.0,0.0599,0.4022,142,0.1792,-0.4329,28.0,0.2614,-0.5336,150,-0.1667,0.0714,6,,-0.4,0.0135,0.0135,-0.005,36.0,0.5,-0.1429,0.0598,0.0156,-0.0178,223.0,0.1095,0.4916,261.0,0.1244,0.4597,1514.0,-0.0085,0.0395,432113.0,0.0671,0.4792,367,0.1398,-0.0802,1.576,-0.099,0.9768,0.0
202106,53069,"wahkiakum, wa",448250.0,0.0547,0.0486,17,0.1333,0.5455,35.0,0.2321,-0.6349,10,-0.1667,4.0,0,,,0.0,0.0,0.0,4.0,-0.5,1.0,0.0991,-0.0609,0.0325,14.0,-0.1,2.375,245.0,-0.018,0.3801,2008.0,0.0216,-0.1931,490359.0,-0.045,-0.1656,31,0.0517,0.8485,0.7941,-0.2059,0.4305,1.0
202106,53053,"pierce, wa",527500.0,0.0049,0.1283,745,0.1229,-0.4452,18.0,0.2,-0.4857,1476,0.0027,0.1336,60,-0.0625,-0.434,0.0118,-0.0048,-0.0124,254.0,0.4767,-0.073,0.0556,0.0155,-0.0079,2141.0,0.0562,0.2691,275.0,0.0103,0.1865,1977.0,0.0196,-0.0577,655696.0,0.0265,0.1581,2872,0.06,-0.0493,2.8758,-0.1816,1.6187,0.0
202106,53045,"mason, wa",383000.0,-0.0179,0.0171,75,0.2097,-0.569,17.0,-0.25,-0.5767,148,0.1935,-0.0513,0,-1.0,-1.0,0.0,-0.01,-0.0038,18.0,0.125,-0.625,0.0464,-0.0017,-0.051,162.0,0.1138,-0.0415,250.0,0.04,0.1648,1560.0,-0.0369,-0.083,511775.0,0.1318,0.1512,239,0.1522,-0.3006,2.1533,-0.1854,1.1849,0.0
202106,53031,"jefferson, wa",581775.0,0.0482,0.1774,53,-0.0702,-0.5743,31.0,-0.2439,-0.3981,58,0.0357,-0.2368,0,,,0.0,0.0,0.0,12.0,0.0,-0.3333,0.0594,-0.0012,-0.0122,82.0,0.0188,0.4298,325.0,0.0545,0.2327,1903.0,0.1316,0.0071,780888.0,0.1136,0.2968,135,-0.0074,-0.2562,1.5377,0.1342,1.0799,0.0
202106,53011,"clark, wa",542478.0,0.0241,0.1421,576,0.1579,-0.5066,29.0,0.0446,-0.3777,1000,0.0331,0.1962,692,0.0058,0.4599,0.2067,-0.006,0.075,246.0,0.025,-0.506,0.0731,0.0031,-0.0667,1802.0,0.0288,0.1406,271.0,0.0198,0.2279,2071.0,-0.0026,-0.061,693736.0,0.025,0.2176,2403,0.0649,-0.1235,3.1303,-0.3928,1.7763,0.0
202106,53047,"okanogan, wa",599000.0,0.0,0.8431,69,0.0538,-0.5971,46.0,0.5333,-0.3333,40,-0.1667,-0.2,2,,,0.0099,0.0099,0.0099,14.0,2.5,0.0,0.0728,0.0519,0.0207,86.0,0.0886,0.8696,317.0,0.0249,0.5253,1631.0,-0.0263,-0.0406,765827.0,0.036,0.6385,154,0.0769,-0.292,1.2555,0.0401,0.9849,1.0
202106,53023,"garfield, wa",254800.0,0.456,0.3626,2,0.0,-0.5556,33.0,-0.2826,-0.7027,0,-1.0,,0,,,0.0,0.0,0.0,4.0,,1.0,0.5,0.5,0.3333,6.0,0.1,0.8333,120.0,0.5297,0.3916,2195.0,-0.1603,0.0659,255583.0,0.4932,0.3834,8,0.0,0.0667,2.75,0.25,2.0833,1.0
202106,53075,"whitman, wa",349000.0,-0.0279,0.1547,52,0.3333,-0.3333,24.0,0.0682,-0.4973,64,0.1429,0.3333,8,-0.3333,1.0,0.0418,-0.0309,0.0183,16.0,1.0,-0.1111,0.0959,0.0474,-0.0191,67.0,-0.1625,0.5227,145.0,-0.0939,0.1686,2410.0,0.0531,0.0932,391482.0,-0.0636,0.1785,122,0.0083,0.0,1.2885,-0.7628,0.7244,0.0
202106,53017,"douglas, wa",430700.0,-0.0097,0.0794,35,-0.1375,-0.6618,17.0,-0.2386,-0.6278,66,0.1786,0.0313,0,,,0.0,0.0,0.0,8.0,0.0,-0.7333,0.05,0.0054,-0.0891,60.0,0.0818,0.2268,249.0,0.0142,0.2178,1910.0,0.0106,-0.0642,573649.0,0.0339,0.1434,94,0.0108,-0.3795,1.7246,0.3496,1.2491,1.0
202106,53007,"chelan, wa",640500.0,0.2202,0.2702,127,0.3316,-0.5029,21.0,-0.2759,-0.475,154,0.1667,0.0694,0,,-1.0,0.0,0.0,-0.008,30.0,0.875,-0.4,0.073,0.0225,-0.0333,92.0,0.0337,0.0395,334.0,0.0654,0.2771,2030.0,0.0202,0.0751,841579.0,0.0973,0.3822,220,0.1553,-0.3582,0.7273,-0.2096,0.3795,0.0
202106,53077,"yakima, wa",330000.0,-0.0222,-0.0833,175,0.1667,-0.2152,24.0,0.119,-0.4719,250,0.1161,0.506,16,1.0,0.3333,0.0212,0.0086,0.0028,32.0,-0.1111,-0.5676,0.0458,-0.0073,-0.0714,304.0,0.0411,0.204,189.0,-0.0001,0.1539,1747.0,-0.0126,-0.1727,386061.0,-0.0229,-0.0353,485,0.1062,0.0319,1.7371,-0.2095,0.6049,0.0
202106,53057,"skagit, wa",551313.0,-0.0242,0.1933,126,0.0413,-0.5571,30.0,0.0169,-0.3333,176,0.1282,0.0602,0,-1.0,-1.0,0.0,-0.0163,-0.018,24.0,-0.1429,-0.7,0.0375,-0.014,-0.086,224.0,0.0542,0.0542,317.0,0.0179,0.2642,1882.0,-0.0032,-0.0396,779692.0,0.0153,0.2488,350,0.0527,-0.2989,1.7738,0.0217,1.0286,0.0
202106,53037,"kittitas, wa",538735.0,0.0262,0.1719,87,0.381,-0.3359,21.0,0.25,-0.4097,106,0.1042,0.1042,2,,,0.004,0.004,0.004,16.0,0.0,-0.5294,0.0445,-0.0119,-0.0576,121.0,0.0126,0.0433,323.0,0.0031,0.396,1809.0,0.0152,-0.0663,1157454.0,-0.0865,0.4217,208,0.1723,-0.1616,1.3851,-0.5038,0.5034,0.0
202106,53029,"island, wa",625000.0,0.0434,0.1832,100,0.1845,-0.5446,20.0,0.197,-0.5298,168,-0.1064,0.0633,4,,0.0,0.0072,0.0072,-0.0001,30.0,0.25,-0.25,0.0626,0.0049,-0.0098,212.0,0.1432,0.4388,325.0,0.0,0.1868,1927.0,0.0192,0.0286,923461.0,0.0905,0.3681,311,0.2054,-0.1468,2.1256,-0.0768,1.4529,0.0
202106,53049,"pacific, wa",349925.0,-0.0791,0.2472,51,0.5303,-0.596,22.0,-0.3889,-0.6704,62,0.2917,0.24,6,0.5,0.0,0.034,0.0113,0.0118,8.0,-0.3333,-0.6667,0.0475,-0.0372,-0.0463,74.0,0.0068,-0.0696,241.0,0.0098,0.2866,1440.0,-0.0539,-0.1073,466219.0,0.0398,0.3574,125,0.1161,-0.3932,1.4554,-0.7567,0.8234,1.0
202106,53067,"thurston, wa",479495.0,0.0367,0.1804,240,0.0504,-0.4304,15.0,0.25,-0.5313,550,0.0659,0.2615,4,-0.6667,-0.8,0.0029,-0.0065,-0.0118,76.0,0.7273,-0.283,0.0493,0.0145,-0.024,635.0,0.1474,0.133,261.0,0.0136,0.2242,1950.0,0.036,-0.0348,591387.0,-0.0021,0.1503,887,0.1228,-0.099,2.6493,0.2238,1.3175,0.0
202106,53021,"franklin, wa",375487.0,0.0723,0.055,40,0.0811,-0.5604,23.0,-0.3235,-0.6,96,0.2,0.0,8,1.0,-0.3333,0.0326,0.0154,-0.0099,22.0,4.5,0.2222,0.0854,0.0682,0.0199,110.0,-0.1098,-0.056,204.0,0.0875,0.1181,2008.0,-0.0038,-0.008,421575.0,0.054,0.1116,149,-0.1131,-0.2819,2.7375,-0.5868,1.4628,0.0
202106,53005,"benton, wa",499450.0,0.0428,0.1824,165,0.0313,-0.5775,27.0,0.125,-0.3494,280,-0.1139,-0.1667,14,-0.5,-0.4167,0.0199,-0.0163,-0.0021,26.0,-0.2778,-0.7547,0.0363,-0.0173,-0.0593,271.0,-0.0424,-0.2606,219.0,0.0161,0.1781,2278.0,0.0028,-0.0272,538828.0,0.0223,0.1995,436,-0.0158,-0.4256,1.6424,-0.1263,0.7039,0.0
202106,53009,"clallam, wa",513750.0,0.0276,0.1439,102,0.5149,-0.5132,19.0,-0.3304,-0.6822,164,0.2424,0.3667,0,-1.0,-1.0,0.0,-0.0122,-0.0038,22.0,0.375,-0.5417,0.0567,0.0107,-0.0383,156.0,0.0331,-0.1211,272.0,0.0764,0.2174,1917.0,-0.0692,-0.061,616855.0,0.0264,0.1586,256,0.1561,-0.3205,1.5369,-0.7168,0.6856,1.0
202105,53027,"grays harbor, wa",349000.0,0.1453,0.3475,120,0.4458,-0.5489,22.0,-0.3669,-0.6667,180,0.9565,0.6667,0,-1.0,-1.0,0.0,-0.0055,-0.0091,24.0,0.3333,-0.4545,0.0442,-0.0018,-0.0411,201.0,-0.0383,0.844,232.0,0.0529,0.2663,1527.0,-0.0123,0.0601,404953.0,0.0798,0.4353,322,0.1046,-0.1549,1.675,-0.8431,1.2652,1.0
202105,53025,"grant, wa",302250.0,-0.0532,0.0798,84,0.1351,-0.6379,26.0,-0.32,-0.582,128,0.2549,0.1429,8,0.0,1.0,0.018,-0.0016,0.0095,12.0,0.0,-0.5,0.0295,0.0016,-0.0217,218.0,0.0356,0.9464,202.0,0.0294,0.2468,1588.0,-0.005,-0.0434,373722.0,-0.0389,0.1878,300,0.0601,-0.1354,2.5952,-0.2494,2.1125,0.0
202105,53075,"whitman, wa",359000.0,0.0879,0.1868,39,-0.2041,-0.5851,22.0,-0.2542,-0.5728,56,-0.0345,0.1667,12,0.5,,0.0727,0.0246,0.0727,8.0,-0.5,-0.7778,0.0485,-0.0372,-0.143,80.0,0.2403,0.9512,160.0,0.0544,0.1337,2288.0,0.0276,0.0115,418088.0,0.17,0.2301,121,0.0901,-0.0833,2.0513,0.735,1.6151,0.0
202105,53001,"adams, wa",275000.0,0.0784,0.3614,13,-0.0714,-0.4091,113.0,0.2053,0.6618,12,1.0,0.0,0,,,0.0,0.0,0.0,0.0,-1.0,,0.0,-0.0333,0.0,31.0,0.0508,2.1,190.0,0.1584,0.8869,1724.0,-0.0311,0.0259,317143.0,0.1638,0.3869,42,0.0,0.4,2.3846,0.2775,1.9301,0.0
202105,53053,"pierce, wa",524950.0,0.0054,0.1537,663,0.2188,-0.5157,15.0,-0.2683,-0.5833,1472,0.0792,0.2145,64,-0.2,-0.0588,0.0165,-0.0059,0.0,172.0,0.72,-0.4625,0.0402,0.0137,-0.0394,2027.0,0.0613,0.4086,272.0,0.0032,0.18,1939.0,-0.0045,-0.0535,638782.0,-0.0192,0.1427,2709,0.1068,-0.0465,3.0573,-0.4537,2.0062,0.0
202105,53039,"klickitat, wa",530700.0,-0.0088,0.063,14,0.0,-0.7813,26.0,0.284,-0.6923,24,-0.0769,0.2,12,1.0,,0.1644,0.0833,0.1644,8.0,0.3333,-0.6,0.129,0.0442,-0.0376,36.0,-0.0526,-0.027,308.0,0.0297,0.4103,1700.0,-0.0582,-0.1736,648784.0,0.0415,0.0606,54,0.0909,-0.46,2.5714,-0.1429,1.9933,1.0
202105,53077,"yakima, wa",337500.0,-0.0281,-0.0217,150,0.1194,-0.3421,21.0,-0.1158,-0.5882,224,0.2308,0.6,8,0.3333,1.0,0.0126,0.0021,0.0055,36.0,0.2857,-0.1818,0.0531,0.0024,-0.0252,292.0,0.1798,0.2807,189.0,0.0027,0.139,1770.0,-0.028,-0.1427,395090.0,-0.0244,0.0126,438,0.1406,-0.0267,1.9467,0.0997,0.9467,0.0
202105,53019,"ferry, wa",395000.0,0.0001,0.0131,15,0.1538,-0.4444,34.0,-0.4516,-0.5904,16,1.0,3.0,0,,,0.0,0.0,0.0,0.0,,,0.0,0.0,0.0,15.0,-0.0625,0.6667,175.0,-0.0569,0.337,1989.0,-0.0927,0.0446,543013.0,-0.1157,0.2017,31,0.1071,-0.1143,1.0,-0.2308,0.6667,1.0
202105,53069,"wahkiakum, wa",425000.0,0.0303,0.0787,15,0.1538,0.0714,28.0,0.1546,-0.6585,12,0.5,2.0,0,-1.0,,0.0,-0.0556,0.0,8.0,1.0,,0.16,0.075,0.16,15.0,-0.0909,0.875,249.0,0.1257,0.4776,1965.0,0.0064,-0.122,513467.0,0.0341,0.0618,29,-0.0645,0.3182,1.0,-0.2692,0.4286,1.0
202105,53035,"kitsap, wa",550000.0,-0.0222,0.1224,213,0.1768,-0.5224,22.0,-0.0222,-0.4884,424,0.0928,0.06,12,-0.5,-0.4,0.0098,-0.0122,-0.0071,44.0,0.8333,-0.5769,0.0345,0.0132,-0.0411,641.0,0.0746,0.2718,269.0,0.0189,0.1399,2028.0,-0.0151,-0.0146,741691.0,-0.0052,0.1816,850,0.0849,-0.1099,3.0094,-0.2862,1.8793,0.0
202105,53049,"pacific, wa",380000.0,0.1111,0.3571,33,-0.1951,-0.7402,36.0,-0.0649,-0.55,48,0.2632,0.0,4,-0.3333,,0.0227,-0.0162,0.0227,12.0,0.2,-0.4,0.0847,0.0198,0.0176,73.0,-0.1098,0.7381,238.0,0.0939,0.2955,1522.0,0.0,-0.0605,448361.0,-0.0101,0.3075,112,-0.0782,-0.4105,2.2121,0.2121,1.8814,0.0
202105,53011,"clark, wa",529700.0,0.0673,0.1297,497,0.0781,-0.6059,28.0,-0.0345,-0.4615,968,0.1101,0.1921,688,0.1133,1.2338,0.2127,0.0072,0.1223,240.0,0.25,-0.52,0.07,0.001,-0.078,1751.0,0.1016,0.3787,266.0,0.0164,0.2125,2076.0,0.0189,-0.0438,676842.0,-0.0192,0.1895,2256,0.1016,-0.1229,3.5231,0.0752,2.516,1.0
202105,53065,"stevens, wa",412200.0,-0.0441,0.1967,61,0.1845,-0.5878,31.0,-0.1622,-0.4655,72,0.0588,-0.0526,0,-1.0,,0.0,-0.0176,0.0,16.0,1.0,-0.3333,0.0597,0.0232,-0.0146,100.0,0.0204,0.0638,204.0,0.0847,0.2873,2071.0,-0.0844,-0.0043,608075.0,0.0202,0.5874,163,0.1014,-0.3208,1.6393,-0.2636,1.0042,0.0
202105,53067,"thurston, wa",462500.0,0.0336,0.1283,228,0.2193,-0.483,12.0,-0.5152,-0.6667,516,0.2,0.3723,12,0.2,-0.4,0.0095,-0.0003,-0.0061,44.0,0.375,-0.5,0.0348,0.0028,-0.0365,553.0,0.124,0.1473,258.0,0.0012,0.1975,1883.0,0.021,-0.0535,592604.0,0.0124,0.1576,790,0.1835,-0.1376,2.4254,-0.2056,1.3325,1.0
202105,53061,"snohomish, wa",650000.0,0.0315,0.1306,476,0.1525,-0.5731,14.0,-0.125,-0.5484,1276,0.0925,0.1393,56,-0.1515,-0.125,0.0166,-0.0041,-0.0002,80.0,0.6,-0.7403,0.0227,0.0057,-0.0589,1722.0,0.1277,0.1526,339.0,0.0483,0.2416,1928.0,-0.0021,-0.1212,754862.0,0.0275,0.1551,2215,0.1426,-0.1616,3.6176,-0.0797,2.2777,0.0
202105,53005,"benton, wa",478950.0,0.0105,0.1164,160,0.0127,-0.5844,24.0,-0.2615,-0.5294,316,0.2061,0.0822,28,0.2727,0.1667,0.0362,0.0048,0.0106,36.0,0.2857,-0.5714,0.0536,0.0141,-0.0295,283.0,0.0089,-0.1844,216.0,-0.0099,0.1739,2272.0,0.0317,-0.0464,527051.0,0.0035,0.1739,443,0.008,-0.3906,1.7688,-0.0066,0.8675,0.0
202105,53037,"kittitas, wa",525000.0,-0.0278,0.2355,63,0.4824,-0.4615,17.0,0.0794,-0.6304,96,0.4118,0.0909,0,,,0.0,0.0,0.0,16.0,1.6667,-0.2,0.0563,0.0292,-0.018,119.0,0.2268,0.2396,322.0,0.033,0.4057,1782.0,-0.0463,-0.0982,1267091.0,-0.1262,0.5612,177,0.2334,-0.1531,1.8889,-0.3935,1.0684,1.0
202105,53031,"jefferson, wa",555000.0,-0.0169,0.1242,57,-0.0087,-0.5289,41.0,0.025,-0.2613,56,0.2174,0.0769,0,-1.0,,0.0,-0.0244,0.0,12.0,0.2,0.0,0.0606,0.0065,0.0015,80.0,0.2214,0.6667,308.0,-0.0053,0.1735,1682.0,-0.0618,-0.1196,701254.0,-0.069,0.1531,136,0.124,-0.1905,1.4035,0.2644,1.0068,0.0
202105,53029,"island, wa",599000.0,-0.0015,0.141,84,0.2,-0.6364,17.0,-0.0571,-0.6563,188,0.1325,0.175,0,,-1.0,0.0,0.0,-0.0081,24.0,1.4,-0.4545,0.0577,0.0305,-0.0291,185.0,0.1746,0.5812,325.0,0.0119,0.2199,1891.0,-0.0634,-0.0367,846803.0,-0.0202,0.2593,258,0.1266,-0.2629,2.2024,-0.0476,1.6959,1.0
202105,53047,"okanogan, wa",599000.0,0.2379,0.8434,65,0.0744,-0.6176,30.0,-0.0323,-0.5775,48,-0.1429,-0.0769,0,,,0.0,0.0,0.0,4.0,-0.3333,-0.8,0.0209,-0.013,-0.0672,79.0,0.3277,1.3939,309.0,0.1895,0.6349,1675.0,-0.0511,-0.0542,739207.0,0.1873,0.6197,143,0.1626,-0.2956,1.2154,0.2319,1.0213,1.0
202105,53017,"douglas, wa",434900.0,0.0164,0.101,40,0.1765,-0.6429,22.0,-0.3973,-0.5686,56,0.4737,-0.2222,0,,,0.0,0.0,0.0,8.0,1.0,-0.7143,0.0447,0.0155,-0.0868,55.0,-0.0833,0.4865,246.0,0.0879,0.1899,1890.0,-0.0498,-0.0435,554857.0,0.0147,0.0803,93,-0.0211,-0.3758,1.375,-0.3897,1.0446,0.0
202105,53063,"spokane, wa",405000.0,0.019,0.0385,320,0.1573,-0.5929,26.0,0.1333,-0.378,800,0.0667,-0.0521,76,-0.1739,0.2667,0.0289,-0.0109,0.0092,84.0,0.2353,-0.5625,0.0352,0.0059,-0.0298,1296.0,0.0282,0.0008,194.0,0.0351,0.1726,2164.0,0.0072,-0.0801,523184.0,0.0061,0.1254,1619,0.0496,-0.2334,4.05,-0.5088,2.4024,0.0
202105,53051,"pend oreille, wa",425000.0,0.3333,0.1644,24,0.1163,-0.5862,35.0,-0.2784,-0.4167,28,0.2727,-0.125,0,,,0.0,0.0,0.0,4.0,0.0,,0.0367,-0.0149,0.0367,46.0,0.4375,0.4839,237.0,0.4537,0.2053,1679.0,-0.1147,-0.1844,491244.0,0.0416,-0.0884,71,0.3396,-0.2111,1.9167,0.4283,1.3822,0.0
202105,53045,"mason, wa",390000.0,0.0111,0.1175,62,0.069,-0.6684,23.0,0.1358,-0.4524,124,0.1923,0.0333,4,1.0,0.0,0.01,0.0034,0.0013,16.0,-0.3333,-0.5,0.048,-0.0376,-0.0147,145.0,0.1741,0.0741,240.0,-0.0003,0.1793,1620.0,0.0327,-0.0479,452186.0,0.0079,0.0511,207,0.1405,-0.365,2.3387,0.2094,1.6168,0.0
202105,53059,"skamania, wa",542000.0,0.3604,0.1339,9,0.0588,-0.6786,10.0,-0.5745,-0.8438,16,0.1429,0.3333,4,,,0.0889,0.0889,0.0889,4.0,-0.5,-0.5,0.0755,-0.1212,-0.0784,24.0,0.92,0.0,270.0,0.0081,0.282,2046.0,0.1589,-0.1958,592433.0,0.0381,0.0823,33,0.5,-0.34,2.6667,1.1961,1.8095,1.0
202105,53033,"king, wa",749950.0,0.0239,0.0344,1865,0.039,-0.4087,23.0,-0.0612,-0.3429,3424,0.0326,0.2719,76,-0.4493,0.3571,0.0082,-0.0092,0.0017,380.0,0.0106,-0.5602,0.0386,-0.002,-0.0678,4030.0,0.0812,0.6243,487.0,0.0089,0.1815,1670.0,0.0274,-0.1566,1102772.0,0.0122,0.0302,5922,0.0672,0.0534,2.1609,0.0843,1.3742,0.0
202105,53071,"walla walla, wa",422000.0,-0.0533,0.0305,13,-0.7174,-0.8839,25.0,0.0,-0.505,28,-0.5758,-0.5625,0,,,0.0,0.0,0.0,8.0,-0.3333,-0.8,0.1176,0.0523,-0.0242,14.0,-0.8,-0.8716,205.0,-0.014,0.1689,2439.0,-0.0021,0.0651,698343.0,0.1246,0.6131,27,-0.7672,-0.8778,1.0769,-0.4448,0.1037,1.0
202105,53003,"asotin, wa",349500.0,0.107,0.3631,21,0.2,-0.4474,47.0,-0.1143,-0.3008,36,0.8,0.8,0,,,0.0,0.0,0.0,0.0,-1.0,-1.0,0.0,-0.0497,-0.0367,51.0,0.1209,-0.0192,166.0,-0.0115,0.2637,1961.0,0.0661,0.0574,651481.0,0.0266,0.6666,68,0.1148,-0.236,2.4286,-0.1714,1.0602,1.0
202105,53013,"columbia, wa",218425.0,-0.1924,0.1499,0,-1.0,-1.0,44.0,0.061,-0.2869,4,-0.3333,-0.75,0,,,0.0,0.0,0.0,0.0,,-1.0,0.0,0.0,-0.0851,6.0,-0.4762,-0.45,188.0,0.0943,0.4233,1201.0,-0.3322,-0.3996,242369.0,-0.2609,-0.0494,1,-0.9697,-0.9853,,,,1.0
202105,53021,"franklin, wa",350154.0,-0.0842,0.0004,37,-0.0976,-0.5889,34.0,0.1429,-0.5036,80,0.25,-0.0476,4,1.0,-0.5,0.0172,0.0105,-0.011,4.0,-0.3333,-0.8,0.0172,-0.0057,-0.0534,123.0,-0.1987,0.337,188.0,-0.0196,0.037,2016.0,-0.0218,-0.0199,399980.0,-0.0057,0.083,168,-0.1515,-0.0919,3.3243,-0.4196,2.3021,0.0
202105,53009,"clallam, wa",499950.0,-0.0094,0.1764,67,0.1261,-0.681,28.0,-0.1385,-0.5625,132,0.32,0.32,4,,,0.0122,0.0122,0.0122,16.0,1.0,-0.5556,0.046,0.0155,-0.0349,151.0,0.208,0.1797,253.0,0.01,0.1475,2059.0,0.0704,0.0292,601001.0,-0.0144,0.1747,221,0.1978,-0.3442,2.2537,0.1529,1.6442,0.0
202105,53057,"skagit, wa",565000.0,0.0772,0.2177,121,0.0614,-0.6059,30.0,-0.0781,-0.3723,156,-0.0127,-0.1522,8,3.0,-0.3333,0.0163,0.0123,-0.0007,28.0,0.1667,-0.5882,0.0515,0.0037,-0.0527,212.0,0.0574,0.1522,311.0,0.0226,0.2774,1888.0,0.0396,-0.0187,767934.0,0.0483,0.2251,332,0.0556,-0.3373,1.7521,-0.0067,1.1527,0.0
202105,53041,"lewis, wa",399000.0,0.0323,0.2111,91,0.2639,-0.6061,22.0,-0.3889,-0.6,140,0.0938,0.4583,8,-0.3333,1.0,0.022,-0.0109,0.0137,32.0,0.7778,-0.2727,0.0757,0.0218,-0.0158,165.0,0.0,0.3636,246.0,0.0222,0.3063,1592.0,-0.0044,-0.1059,478292.0,0.0222,0.2043,256,0.0711,-0.2686,1.8132,-0.4785,1.2894,0.0
202105,53043,"lincoln, wa",415000.0,0.1216,0.169,17,0.0303,-0.575,32.0,-0.2967,-0.4386,16,0.0,-0.3333,4,,,0.0588,0.0588,0.0588,4.0,1.0,-0.6667,0.0635,0.0271,-0.0602,28.0,0.037,0.5556,152.0,0.0703,0.0508,2340.0,-0.0131,0.1437,474186.0,0.1597,0.2093,46,0.0337,-0.2459,1.6471,0.0107,1.1971,0.0
202105,53023,"garfield, wa",175000.0,0.1027,-0.1989,2,0.3333,-0.5,46.0,-0.4931,-0.626,4,,,0,,,0.0,0.0,0.0,0.0,,,0.0,0.0,0.0,5.0,-0.1667,0.0,78.0,0.1391,-0.013,2614.0,0.0719,0.1062,171167.0,0.0589,-0.177,8,-0.0588,-0.1111,2.5,-1.5,1.25,1.0
202105,53073,"whatcom, wa",525000.0,0.0617,0.1935,269,0.1025,-0.5924,28.0,-0.2113,-0.4815,372,0.1205,0.2237,4,1.0,0.0,0.0039,0.0019,0.0007,36.0,0.125,-0.6667,0.034,0.0013,-0.056,429.0,0.0515,0.9238,299.0,0.0134,0.1623,1744.0,0.0591,-0.0346,713375.0,0.056,0.3008,698,0.0714,-0.2236,1.5948,-0.0773,1.2569,0.0
202105,53007,"chelan, wa",524900.0,0.159,0.0713,95,0.0983,-0.6442,29.0,-0.0569,-0.4912,132,0.1379,-0.25,0,-1.0,,0.0,-0.006,0.0,16.0,0.1429,-0.5556,0.0505,0.0055,-0.0363,89.0,0.2361,0.5345,314.0,0.0541,0.1693,1990.0,0.1506,0.0958,766968.0,0.1358,0.2681,190,0.1987,-0.4172,0.9368,0.1045,0.7196,0.0
202105,53015,"cowlitz, wa",389725.0,-0.0194,0.1725,99,0.2453,-0.5,23.0,-0.2698,-0.5306,172,0.3231,0.303,48,-0.04,0.2,0.1053,-0.0169,0.0285,44.0,0.5714,-0.3889,0.088,0.019,-0.0608,208.0,0.0639,0.253,236.0,0.0634,0.2244,1762.0,-0.109,-0.0112,535294.0,-0.0269,0.1303,316,0.1306,-0.1023,2.101,-0.3581,1.2626,0.0
202105,53055,"san juan, wa",1200000.0,0.2214,0.5113,63,0.2475,-0.6769,35.0,-0.4367,-0.6406,52,0.8571,0.625,0,,,0.0,0.0,0.0,8.0,3.0,-0.5,0.0404,0.025,-0.0236,54.0,0.0588,2.0,507.0,-0.0125,0.1842,2262.0,0.0203,0.1102,1902562.0,-0.0943,0.4629,117,0.1527,-0.4533,0.8571,-0.1528,0.7648,1.0
202104,53029,"island, wa",599900.0,0.0334,0.201,70,0.1667,-0.704,18.0,-0.3966,-0.5858,166,0.2769,0.3833,0,-1.0,,0.0,-0.0123,0.0,10.0,-0.4444,-0.6154,0.0272,-0.0273,-0.0297,158.0,0.2305,0.5072,322.0,0.0089,0.2394,2019.0,0.0176,0.0425,864246.0,0.0181,0.3562,229,0.1958,-0.3333,2.25,0.1167,1.8081,0.0
202104,53051,"pend oreille, wa",318750.0,-0.0252,-0.0115,22,-0.1569,-0.5326,49.0,0.3662,-0.2652,22,0.1,-0.0833,0,,,0.0,0.0,0.0,4.0,,1.0,0.0516,0.0516,0.0314,32.0,0.3061,-0.0986,163.0,-0.2722,-0.1141,1896.0,0.0577,-0.0572,471635.0,-0.1789,-0.0808,53,0.06,-0.3416,1.4884,0.5276,0.7166,0.0
202104,53005,"benton, wa",473963.0,0.038,0.1472,158,-0.1342,-0.6055,33.0,0.0236,-0.1772,262,0.1391,-0.015,22,-0.3125,1.75,0.0314,-0.0203,0.0228,28.0,-0.0667,-0.65,0.0395,-0.0087,-0.0425,281.0,0.1543,-0.0758,218.0,0.0016,0.1971,2202.0,-0.0128,-0.0489,525224.0,0.0207,0.202,440,0.0209,-0.3801,1.7753,0.4438,1.0175,0.0
202104,53063,"spokane, wa",397450.0,0.0599,0.0258,277,0.0298,-0.6414,23.0,-0.2241,-0.4156,750,-0.0385,0.183,92,-0.0417,1.1905,0.0399,-0.0063,0.0232,68.0,0.4167,-0.5526,0.0293,0.0074,-0.0288,1261.0,0.1423,0.118,187.0,0.0241,0.1421,2149.0,-0.0075,-0.0874,520005.0,0.0533,0.1278,1543,0.1198,-0.193,4.5588,0.4489,3.0964,1.0
202104,53001,"adams, wa",255000.0,0.0049,0.2782,14,0.1667,-0.3333,94.0,0.0623,0.2584,6,-0.5,0.0,0,,,0.0,0.0,0.0,2.0,0.0,0.0,0.0333,0.0048,-0.0143,30.0,-0.169,1.1852,164.0,0.148,0.4014,1779.0,0.0357,-0.0855,272504.0,0.1009,0.1424,42,-0.125,0.2353,2.1071,-0.8512,1.4643,0.0
202104,53067,"thurston, wa",447463.0,0.0302,0.1271,187,0.1,-0.5615,25.0,0.1,-0.2385,430,0.019,0.5035,10,-0.1667,-0.375,0.0098,-0.002,-0.0046,32.0,-0.1111,-0.6364,0.0319,0.0,-0.0399,492.0,0.0885,0.1784,258.0,0.0362,0.195,1844.0,-0.0028,-0.043,585324.0,-0.0384,0.1786,668,0.0612,-0.2039,2.631,-0.0278,1.6521,0.0
202104,53025,"grant, wa",319250.0,0.0209,0.1125,74,-0.2292,-0.6667,38.0,-0.1018,-0.2958,102,-0.2609,0.8214,8,0.0,0.3333,0.0197,-0.0001,0.0074,12.0,-0.25,-0.5,0.0279,-0.0113,-0.035,211.0,0.2382,1.2042,196.0,0.052,0.2309,1596.0,0.0095,-0.0401,388868.0,0.0721,0.2151,283,0.0443,-0.1319,2.8446,1.0738,2.4144,1.0
202104,53059,"skamania, wa",398425.0,0.1122,-0.1673,9,0.5455,-0.7424,24.0,-0.3775,-0.4778,14,2.5,6.0,0,-1.0,-1.0,0.0,-0.0909,-0.0313,8.0,0.3333,-0.3333,0.1967,-0.1105,-0.0396,13.0,0.3158,-0.2647,268.0,0.2566,0.2227,1766.0,0.1427,-0.2356,570694.0,0.3007,0.0372,22,0.5172,-0.5644,1.4706,-0.2567,0.9554,1.0
202104,53077,"yakima, wa",347250.0,0.0022,0.0251,134,0.0075,-0.4497,24.0,0.0106,-0.5052,182,0.1235,0.2297,6,-0.25,0.0,0.0105,-0.0055,0.0007,28.0,0.1667,-0.3,0.0507,0.002,-0.0183,248.0,0.1593,0.162,188.0,0.0,0.1424,1821.0,0.0291,-0.1294,404975.0,-0.0476,0.053,384,0.1066,-0.1476,1.847,0.2418,0.9723,0.0
202104,53017,"douglas, wa",427900.0,0.0017,0.0547,34,0.0303,-0.6731,37.0,0.8961,-0.1978,38,-0.3448,-0.3667,0,-1.0,,0.0,-0.0118,0.0,4.0,0.0,-0.8,0.0292,0.0012,-0.0709,60.0,0.0256,0.9672,226.0,0.0411,0.0633,1989.0,-0.0798,0.0195,546793.0,0.0279,0.0726,95,0.044,-0.304,1.7647,-0.008,1.4714,0.0
202104,53047,"okanogan, wa",483875.0,0.0252,0.6403,61,0.1635,-0.6333,31.0,-0.6088,-0.6406,56,1.5455,1.5455,0,,,0.0,0.0,0.0,6.0,-0.4,-0.4,0.034,-0.0442,-0.0111,60.0,0.2935,0.75,260.0,0.0742,0.4838,1765.0,-0.0147,0.047,622570.0,-0.039,0.433,123,0.2615,-0.3756,0.9835,0.0989,0.7774,1.0
202104,53039,"klickitat, wa",535413.0,0.0816,0.1465,14,-0.2432,-0.7813,20.0,-0.5091,-0.7762,26,0.625,0.3,6,0.0,2.0,0.0811,-0.0419,0.0615,6.0,-0.25,-0.5,0.0848,-0.0361,-0.0313,38.0,1.1714,0.52,299.0,0.1847,0.314,1805.0,-0.0574,-0.0952,622938.0,0.1045,0.038,50,0.2857,-0.4343,2.7143,1.7683,2.3237,1.0
202104,53027,"grays harbor, wa",304725.0,0.0601,0.1907,83,-0.0235,-0.6976,35.0,-0.0211,-0.4256,92,-0.2069,0.2778,2,-0.5,0.0,0.0055,-0.0038,0.0022,18.0,-0.1,-0.5263,0.046,-0.0069,-0.0353,209.0,0.0529,1.0096,221.0,0.0152,0.2475,1546.0,0.0393,0.0913,375025.0,0.0163,0.341,292,0.0282,-0.2319,2.5181,0.1828,2.1392,0.0
202104,53033,"king, wa",732475.0,0.0103,0.0103,1795,0.0433,-0.3179,25.0,-0.02,-0.2097,3316,-0.0293,0.8841,138,0.2778,1.6538,0.0175,0.0048,0.0111,376.0,0.0217,-0.2852,0.0406,-0.0016,-0.0378,3728.0,0.1571,0.6791,482.0,-0.0213,0.1816,1626.0,0.0204,-0.1923,1089427.0,0.0216,0.019,5549,0.1283,0.146,2.0766,0.2042,1.233,1.0
202104,53045,"mason, wa",385738.0,0.1619,0.1566,58,0.234,-0.6931,20.0,-0.0357,-0.474,104,-0.1333,0.625,2,-0.5,0.0,0.0066,-0.0085,0.0032,24.0,0.7143,-0.2941,0.0856,0.0325,0.0139,124.0,0.2108,0.4702,240.0,-0.006,0.1947,1569.0,0.0819,-0.0662,448635.0,0.0787,0.1038,182,0.2347,-0.3448,2.1293,-0.0409,1.6849,0.0
202104,53065,"stevens, wa",431225.0,-0.0389,0.4268,52,0.03,-0.6544,37.0,-0.0692,-0.3593,68,0.2593,0.2593,4,1.0,,0.0176,0.0078,0.0176,8.0,-0.2,-0.6364,0.0365,-0.0122,-0.0438,98.0,0.1136,0.4203,188.0,0.0005,0.2509,2262.0,0.0574,0.1098,596019.0,-0.0615,0.5638,148,0.0764,-0.3195,1.9029,0.1429,1.4398,0.0
202104,53009,"clallam, wa",504700.0,0.0676,0.2516,60,0.0259,-0.7289,33.0,-0.0511,-0.2655,100,0.1628,0.1905,0,,,0.0,0.0,0.0,8.0,-0.5,-0.4286,0.0305,-0.0313,-0.0062,125.0,0.073,0.1416,250.0,-0.0325,0.1353,1924.0,0.0998,-0.0164,609791.0,0.0143,0.2433,185,0.0727,-0.4418,2.1008,0.0922,1.602,0.0
202104,53049,"pacific, wa",342000.0,0.0535,0.1419,41,-0.0989,-0.6598,39.0,-0.1047,-0.5523,38,-0.3871,0.7273,6,-0.25,,0.0389,-0.0053,0.0389,10.0,-0.375,0.6667,0.0649,-0.0164,0.0347,82.0,-0.0629,1.05,218.0,0.0415,0.1743,1522.0,0.0368,-0.0903,452924.0,0.0653,0.2403,122,-0.0618,-0.2382,2.0,0.0769,1.668,1.0
202104,53021,"franklin, wa",382350.0,-0.0152,0.1247,41,-0.2264,-0.5751,30.0,-0.2171,-0.581,64,-0.4074,-0.0588,2,-0.9286,0.0,0.0068,-0.0803,-0.0012,6.0,-0.25,-0.4,0.0229,-0.0021,-0.0161,154.0,-0.0315,0.6961,192.0,-0.0411,0.0384,2061.0,0.0238,0.0104,402288.0,-0.0168,0.121,198,-0.0616,0.056,3.7439,0.7533,2.8061,1.0
202104,53007,"chelan, wa",452875.0,0.057,-0.0465,87,-0.0226,-0.6418,31.0,-0.4332,-0.3724,116,0.1154,0.0943,2,,,0.006,0.006,0.006,14.0,2.5,-0.5882,0.045,0.0283,-0.0344,72.0,0.1163,0.7143,298.0,-0.0146,0.1734,1730.0,0.029,-0.0702,675238.0,-0.0081,0.1509,159,0.0567,-0.4409,0.8324,0.1036,0.6585,0.0
202104,53061,"snohomish, wa",630143.0,0.0512,0.1075,413,0.1919,-0.5949,16.0,-0.1351,-0.4576,1168,0.0696,0.5169,66,-0.4407,0.9412,0.0207,-0.0193,0.0098,50.0,0.0417,-0.7826,0.0169,0.001,-0.0578,1527.0,0.0663,0.1986,324.0,0.025,0.186,1932.0,0.0251,-0.1089,734674.0,0.0308,0.1327,1939,0.1055,-0.1513,3.6973,-0.4354,2.4477,0.0
202104,53023,"garfield, wa",158700.0,-0.3738,-0.1513,2,-0.4,-0.7857,91.0,1.2975,0.2604,0,-1.0,-1.0,0,,,0.0,0.0,0.0,0.0,,-1.0,0.0,0.0,-0.1053,6.0,0.0,1.4,69.0,-0.1758,-0.1228,2439.0,-0.2042,0.1323,161640.0,-0.4313,-0.2022,9,0.0625,-0.1053,4.0,1.6,3.6429,1.0
202104,53013,"columbia, wa",270475.0,-0.0814,0.3892,6,0.1,-0.75,41.0,-0.4478,-0.2838,6,2.0,0.5,0,,,0.0,0.0,0.0,0.0,,-1.0,0.0,0.0,-0.0991,11.0,0.1667,0.5,172.0,-0.2265,0.3645,1798.0,-0.1248,-0.0767,327938.0,-0.1163,0.3771,17,0.1786,-0.4211,1.9091,0.1091,1.5909,0.0
202104,53037,"kittitas, wa",540000.0,0.1049,0.2414,43,0.2319,-0.6288,16.0,-0.4057,-0.5039,68,0.0625,0.0968,0,-1.0,-1.0,0.0,-0.044,-0.0058,6.0,0.0,-0.8,0.0271,-0.0059,-0.0826,97.0,0.1548,0.4265,312.0,0.0784,0.3402,1869.0,0.0086,0.0103,1450029.0,-0.1221,0.8172,144,0.2161,-0.2201,2.2824,-0.1524,1.6885,0.0
202104,53057,"skagit, wa",524500.0,0.0501,0.077,114,0.1574,-0.6007,32.0,0.0159,-0.2558,158,-0.1684,0.1286,2,-0.9091,0.0,0.004,-0.0435,0.0007,24.0,0.0909,-0.3684,0.0478,0.0023,-0.0211,201.0,0.1016,0.269,305.0,0.0424,0.2716,1816.0,0.0137,-0.0936,732553.0,0.0323,0.1287,315,0.1252,-0.2909,1.7588,-0.0889,1.2054,0.0
202104,53011,"clark, wa",496278.0,0.0345,0.0776,461,0.0924,-0.6284,29.0,-0.0645,-0.3333,872,0.0557,0.4631,618,0.0619,1.4919,0.2055,-0.0063,0.1239,192.0,0.1163,-0.5844,0.069,0.0086,-0.0839,1590.0,0.0268,0.3374,262.0,0.0406,0.2,2038.0,0.0033,-0.0607,690087.0,0.041,0.2132,2048,0.0375,-0.1542,3.4479,-0.2203,2.4899,0.0
202104,53035,"kitsap, wa",562500.0,0.0374,0.1515,181,0.1753,-0.5973,23.0,-0.1,-0.3284,388,-0.0673,0.3662,24,0.7143,2.0,0.022,0.0101,0.0152,24.0,-0.25,-0.6923,0.0214,-0.0076,-0.045,597.0,0.0558,0.3808,264.0,0.0061,0.1087,2059.0,0.0198,0.0005,745602.0,-0.039,0.2108,784,0.0989,-0.1102,3.2956,-0.3733,2.3345,0.0
202104,53075,"whitman, wa",330000.0,-0.0957,0.0002,49,0.0889,-0.4922,30.0,-0.0407,-0.2976,58,0.0741,0.381,8,0.0,,0.0481,-0.0022,0.0481,16.0,0.6,0.6,0.0857,0.013,0.026,65.0,0.1835,0.9846,152.0,-0.0823,0.0766,2227.0,-0.0618,-0.0583,357331.0,-0.0313,0.0009,111,0.1156,-0.1429,1.3163,0.1052,0.9795,0.0
202104,53019,"ferry, wa",394974.0,0.206,0.2153,13,-0.0714,-0.5667,62.0,-0.5709,-0.5312,8,1.0,1.0,0,,,0.0,0.0,0.0,0.0,-1.0,,0.0,-0.0667,0.0,16.0,0.28,1.6667,186.0,0.0876,0.225,2192.0,-0.0722,0.1686,614078.0,0.623,0.3822,28,0.098,-0.2113,1.2308,0.3379,1.0308,1.0
202104,53003,"asotin, wa",315725.0,-0.1067,0.3298,18,-0.1026,-0.593,53.0,0.5556,-0.0323,20,-0.2857,-0.3333,0,,,0.0,0.0,0.0,4.0,0.0,-0.75,0.0497,0.0018,-0.0877,46.0,0.1818,6.0,168.0,0.1034,0.2947,1840.0,-0.1194,0.0789,634630.0,0.048,1.1519,61,0.0609,0.22,2.6,0.6256,2.4488,0.0
202104,53043,"lincoln, wa",370000.0,0.2661,-0.01,17,-0.0833,-0.4677,46.0,-0.3453,0.1166,16,0.1429,1.0,0,,,0.0,0.0,0.0,2.0,-0.6667,0.0,0.0364,-0.0642,0.0,27.0,0.2,0.6364,142.0,0.071,-0.0317,2371.0,0.0169,0.015,408903.0,0.0952,-0.0153,45,0.0988,-0.0729,1.6364,0.3864,1.1041,1.0
202104,53055,"san juan, wa",982500.0,0.0477,0.2756,51,-0.0288,-0.7363,61.0,-0.2708,-0.5617,28,-0.1765,0.1667,0,,,0.0,0.0,0.0,2.0,-0.5,-0.8571,0.0154,-0.0153,-0.0354,51.0,0.0968,1.8333,514.0,0.1084,0.2486,2217.0,0.0051,0.0823,2100717.0,-0.0063,0.5949,102,0.0518,-0.5155,1.0099,0.1157,0.9159,0.0
202104,53071,"walla walla, wa",445750.0,-0.0087,0.1223,46,0.2958,-0.564,25.0,-0.5413,-0.5652,66,0.1379,0.1,0,,-1.0,0.0,0.0,-0.0072,12.0,0.2,0.0,0.0653,-0.0048,0.0152,70.0,0.0294,-0.2473,208.0,0.0391,0.2665,2444.0,-0.0019,0.0561,620992.0,-0.0245,0.4324,116,0.1429,-0.4112,1.5217,-0.3938,0.6402,0.0
202104,53031,"jefferson, wa",564525.0,0.0082,0.1785,58,0.0849,-0.5127,40.0,0.0,-0.2453,46,-0.1786,0.0952,4,1.0,,0.0244,0.0134,0.0244,10.0,0.0,-0.4444,0.0541,-0.0111,-0.0377,66.0,0.1391,0.8714,310.0,-0.0264,0.2073,1792.0,0.0484,-0.0832,753256.0,0.0038,0.3565,121,0.1256,-0.1987,1.1391,0.0542,0.8425,0.0
202104,53041,"lewis, wa",386500.0,0.0699,0.1883,72,-0.0828,-0.6923,36.0,-0.1111,-0.2764,128,-0.0448,0.7778,12,1.0,5.0,0.0329,0.0174,0.0282,18.0,-0.1818,-0.7273,0.0538,-0.0032,-0.0777,165.0,-0.0294,0.6667,241.0,0.0553,0.2833,1599.0,0.0185,-0.0839,467885.0,0.0208,0.2163,239,-0.0185,-0.2779,2.2917,0.1261,1.8686,1.0
202104,53069,"wahkiakum, wa",412500.0,0.1811,0.2941,13,0.4444,-0.2973,24.0,-0.7696,-0.7447,8,0.3333,1.0,2,,,0.0556,0.0556,0.0556,4.0,0.0,-0.3333,0.085,-0.0442,-0.084,17.0,0.1786,1.3571,222.0,0.1881,0.2498,1953.0,-0.1054,-0.0827,496522.0,-0.0503,0.1257,31,0.3478,0.2653,1.2692,-0.2863,0.8909,1.0
202104,53073,"whatcom, wa",494500.0,0.0422,0.1253,244,-0.0337,-0.6074,36.0,-0.0897,-0.1341,332,0.0375,0.2117,2,-0.8571,-0.5,0.002,-0.0127,-0.0015,32.0,-0.3043,-0.68,0.0327,-0.0161,-0.0475,408.0,0.0584,0.842,295.0,0.0615,0.1538,1647.0,-0.0092,-0.0743,675563.0,0.0143,0.2304,652,0.03,-0.2285,1.6721,0.1454,1.3157,0.0
202104,53015,"cowlitz, wa",397450.0,0.0515,0.2956,80,0.1277,-0.5985,32.0,0.0678,-0.2961,130,0.0656,0.0317,50,-0.1071,0.4706,0.1222,-0.0183,0.0488,28.0,-0.0667,-0.3333,0.069,-0.0023,-0.0237,196.0,-0.0578,0.2219,222.0,0.003,0.1548,1978.0,0.1843,0.1342,550117.0,0.1713,0.1634,280,0.0201,-0.1827,2.4591,-0.4841,1.651,0.0
202104,53053,"pierce, wa",522111.0,0.0189,0.1389,544,0.0532,-0.559,21.0,0.1714,-0.2931,1364,-0.0515,0.4956,80,-0.1837,-0.0909,0.0224,-0.0033,-0.0021,100.0,0.0638,-0.6454,0.0265,0.0011,-0.0547,1910.0,0.0952,0.4619,272.0,0.0133,0.1881,1947.0,0.0099,-0.0713,651320.0,0.0053,0.1594,2448,0.0669,-0.0343,3.511,0.1345,2.4518,0.0
202103,53049,"pacific, wa",324625.0,0.1805,0.1109,46,0.0706,-0.6431,43.0,-0.1042,-0.4591,62,0.4091,0.3478,8,3.0,3.0,0.0442,0.0344,0.0352,16.0,0.3333,-0.2,0.0813,0.0097,-0.0126,88.0,0.1006,1.3649,209.0,0.0482,0.1496,1468.0,0.0755,-0.091,425157.0,0.0845,0.2276,130,0.0486,-0.2269,1.9231,0.0525,1.6329,0.0
202103,53037,"kittitas, wa",488745.0,-0.0111,0.1433,35,0.0147,-0.6567,27.0,-0.298,-0.1167,64,1.1333,-0.2195,8,3.0,,0.044,0.0308,0.044,6.0,,-0.7857,0.033,0.033,-0.0879,84.0,0.1053,0.3125,289.0,-0.0096,0.2386,1853.0,-0.1102,-0.0237,1651667.0,-0.0259,0.9168,118,0.0727,-0.2827,2.4348,0.1995,1.798,0.0
202103,53045,"mason, wa",332000.0,-0.1308,0.0068,47,0.1605,-0.733,21.0,-0.3,-0.4,120,1.069,-0.0476,4,0.0,,0.0151,-0.0059,0.0151,14.0,6.0,-0.6111,0.0531,0.0441,-0.0391,102.0,0.0737,0.0408,242.0,0.0077,0.2139,1450.0,-0.0779,-0.1247,415918.0,-0.082,0.0252,147,0.0849,-0.4645,2.1702,-0.1755,1.6134,0.0
202103,53005,"benton, wa",456595.0,0.0203,0.1345,183,-0.1432,-0.5272,32.0,-0.1301,0.0079,230,-0.065,-0.2857,32,-0.1579,0.0667,0.0517,-0.0014,0.0221,30.0,-0.0625,-0.7059,0.0482,0.0029,-0.0451,243.0,-0.0202,-0.1954,218.0,0.0072,0.1943,2231.0,0.0008,-0.0291,514572.0,0.0009,0.1891,431,-0.058,-0.3765,1.3315,0.1672,0.5491,0.0
202103,53043,"lincoln, wa",292225.0,-0.021,-0.21,18,0.0588,-0.4545,70.0,-0.0314,0.4946,14,1.3333,-0.4615,0,,,0.0,0.0,0.0,6.0,0.5,0.5,0.1005,0.0216,0.0291,23.0,0.1842,0.3636,132.0,-0.0072,-0.1014,2332.0,0.0786,0.1775,373344.0,-0.0153,0.0014,41,0.0946,-0.1735,1.25,0.1324,0.75,1.0
202103,53061,"snohomish, wa",599475.0,-0.0071,0.0682,347,0.2739,-0.5945,19.0,-0.1778,-0.1778,1092,0.6202,-0.09,118,0.2553,0.0172,0.04,-0.0008,0.0054,48.0,1.1818,-0.6757,0.016,0.0064,-0.028,1432.0,0.0407,0.0351,316.0,0.01,0.1708,1885.0,-0.0427,-0.1302,712715.0,-0.0222,0.0902,1754,0.066,-0.2174,4.1328,-0.9261,2.5137,1.0
202103,53021,"franklin, wa",388245.0,0.0221,0.1495,53,-0.2587,-0.516,38.0,-0.5569,-0.3613,108,-0.069,0.4211,28,0.5556,1.3333,0.0871,0.0322,0.0464,8.0,-0.2,-0.7333,0.0251,-0.002,-0.0744,159.0,0.1162,0.585,200.0,-0.0124,0.0715,2013.0,0.0284,0.0171,409177.0,0.0117,0.1455,211,-0.0094,0.0,2.9906,1.0046,2.0773,0.0
202103,53009,"clallam, wa",472750.0,0.097,0.1559,58,-0.0333,-0.7078,34.0,-0.2902,-0.1491,86,0.2286,-0.3385,0,-1.0,-1.0,0.0,-0.0165,-0.004,16.0,1.6667,-0.4667,0.0619,0.0381,-0.0036,117.0,0.0219,-0.137,258.0,0.02,0.1692,1749.0,0.0166,-0.1054,601176.0,-0.0038,0.2219,172,-0.0058,-0.4819,2.0086,0.1086,1.3285,0.0
202103,53033,"king, wa",725000.0,0.0321,-0.0285,1721,0.1245,-0.264,25.0,-0.1803,0.087,3416,0.6159,0.1266,108,0.5,-0.0182,0.0127,0.0018,-0.001,368.0,0.3939,-0.1481,0.0422,0.0019,-0.0147,3222.0,0.1002,0.2506,493.0,-0.0119,0.1858,1593.0,0.048,-0.2118,1066401.0,-0.0344,-0.0489,4918,0.1125,0.004,1.8724,-0.0413,0.7704,0.0
202103,53047,"okanogan, wa",472000.0,0.1205,0.6,52,-0.1034,-0.6667,79.0,-0.3784,-0.4795,22,0.1,-0.5926,0,-1.0,,0.0,-0.031,0.0,10.0,4.0,0.25,0.0782,0.064,0.0451,46.0,-0.08,0.0,242.0,-0.0088,0.3649,1792.0,0.0382,0.0867,647849.0,0.0114,0.5099,98,-0.0972,-0.5149,0.8846,0.0225,0.5897,1.0
202103,53001,"adams, wa",253748.0,-0.0731,0.3359,12,-0.0769,-0.5102,88.0,0.3953,0.1846,12,0.2,0.5,0,,,0.0,0.0,0.0,2.0,,-0.5,0.0286,0.0286,-0.0561,36.0,-0.0274,1.2903,143.0,-0.0997,0.3731,1718.0,-0.0187,-0.2183,247533.0,-0.0716,0.0478,48,-0.0303,0.2152,2.9583,0.1506,2.3257,0.0
202103,53055,"san juan, wa",937750.0,0.0779,0.2049,52,0.0097,-0.7249,84.0,-0.134,-0.4725,34,0.8889,-0.1905,0,,,0.0,0.0,0.0,4.0,1.0,-0.8,0.0307,0.0158,-0.0524,47.0,0.3099,1.3846,464.0,0.025,0.1364,2206.0,-0.0024,0.0642,2114061.0,-0.0217,0.6086,97,0.1092,-0.5338,0.8942,0.2049,0.7911,0.0
202103,53077,"yakima, wa",346500.0,0.0343,0.0346,133,-0.0221,-0.4593,24.0,-0.254,-0.4749,162,0.08,-0.0357,8,-0.2,0.0,0.016,-0.0039,0.0037,24.0,-0.2,-0.5385,0.0487,-0.008,-0.0305,214.0,0.0648,-0.0426,188.0,0.022,0.1528,1769.0,-0.0282,-0.138,425235.0,0.0496,0.0778,347,0.0102,-0.253,1.6053,0.131,0.6988,0.0
202103,53039,"klickitat, wa",495000.0,0.0476,-0.0713,19,0.1935,-0.6509,41.0,-0.4065,-0.5844,16,0.6,-0.1111,6,,2.0,0.123,0.123,0.1038,8.0,-0.5,-0.3333,0.1209,-0.2056,0.014,18.0,0.0606,-0.5205,253.0,0.2835,0.0155,1915.0,-0.0908,-0.0788,564010.0,-0.0092,-0.1791,39,0.1667,-0.565,0.9459,-0.1186,0.2573,0.0
202103,53063,"spokane, wa",374998.0,-0.0083,-0.0329,269,0.1499,-0.5947,29.0,-0.2564,-0.2162,780,0.3043,-0.1034,96,0.2632,0.1707,0.0462,0.0066,0.0153,48.0,0.4118,-0.625,0.022,0.0038,-0.0261,1104.0,0.0279,-0.0479,183.0,-0.0049,0.1159,2165.0,0.0303,-0.0753,493700.0,-0.0331,0.0772,1378,0.0588,-0.2413,4.1099,-0.4876,2.3604,0.0
202103,53023,"garfield, wa",253450.0,-0.2706,0.4909,3,0.6667,-0.6429,40.0,-0.5047,-0.1684,8,,,0,,,0.0,0.0,0.0,0.0,,-1.0,0.0,0.0,-0.1333,6.0,0.0909,0.5,84.0,-0.4434,0.0643,3065.0,0.4277,0.3867,284225.0,-0.1821,0.5655,8,0.0667,-0.2727,2.4,-1.2667,1.8286,0.0
202103,53067,"thurston, wa",434350.0,-0.0337,0.1445,170,0.193,-0.5808,23.0,-0.2105,-0.1429,422,0.6746,-0.058,12,0.5,-0.5385,0.0118,0.0022,-0.009,36.0,1.0,-0.5,0.0319,0.0099,-0.0236,452.0,0.0711,0.0623,249.0,0.0108,0.1568,1849.0,-0.0369,-0.0223,608676.0,-0.04,0.2467,629,0.1202,-0.2399,2.6588,-0.3026,1.6095,0.0
202103,53065,"stevens, wa",448700.0,0.1813,0.5327,50,0.0753,-0.6032,40.0,-0.426,-0.4646,54,0.5,-0.1,2,,,0.0098,0.0098,0.0098,10.0,1.5,-0.2857,0.0487,0.0227,-0.0067,88.0,0.2941,0.408,188.0,-0.0545,0.2515,2139.0,0.0931,0.043,635071.0,0.1616,0.674,138,0.2009,-0.2667,1.76,0.2976,1.264,1.0
202103,53075,"whitman, wa",364923.0,0.0223,0.164,45,-0.0625,-0.4972,31.0,-0.3242,-0.3204,54,-0.0357,-0.069,8,0.3333,,0.0503,0.0051,0.0503,10.0,-0.1667,-0.5,0.0726,-0.0157,-0.042,55.0,0.0481,0.7581,166.0,0.0339,0.2166,2373.0,0.1049,0.0164,368870.0,0.0273,0.0513,100,-0.005,-0.1743,1.2111,0.1278,0.8647,0.0
202103,53029,"island, wa",580500.0,0.0104,0.1633,60,0.0084,-0.7339,29.0,-0.1533,-0.2658,130,0.625,-0.1558,4,1.0,0.0,0.0123,0.0044,0.0043,18.0,0.2857,-0.3077,0.0545,0.0005,0.0018,128.0,0.0622,0.1532,319.0,0.0685,0.2443,1984.0,0.0023,0.0468,848874.0,0.031,0.3054,192,0.0669,-0.4309,2.1333,0.1081,1.6411,0.0
202103,53057,"skagit, wa",499500.0,-0.0486,0.0796,99,0.0884,-0.6359,32.0,-0.2025,-0.1711,190,0.6102,0.1585,22,2.6667,4.5,0.0474,0.0312,0.0407,22.0,0.375,-0.5217,0.0455,0.0058,-0.0274,182.0,-0.0055,0.1131,292.0,0.0269,0.2335,1792.0,-0.03,-0.0793,709657.0,-0.0689,0.1307,280,0.0314,-0.3515,1.8477,-0.1744,1.2433,0.0
202103,53003,"asotin, wa",353450.0,0.2628,0.4044,20,0.5,-0.5761,34.0,-0.4079,-0.4,28,0.5556,0.2727,0,,,0.0,0.0,0.0,4.0,0.0,-0.5,0.0479,-0.0054,-0.0484,39.0,-0.0941,11.8333,153.0,-0.0843,0.1912,2089.0,-0.0145,0.0607,605568.0,-0.1844,1.0275,58,0.036,0.1979,1.9744,-1.2949,1.9091,0.0
202103,53025,"grant, wa",312725.0,0.0512,0.1179,96,0.1707,-0.5983,42.0,-0.3099,-0.1022,138,1.5556,0.15,8,1.0,3.0,0.0198,0.0068,0.0149,16.0,0.1429,-0.4286,0.0392,-0.0073,-0.0229,170.0,0.0625,0.7347,186.0,0.0191,0.1633,1581.0,0.0083,-0.0447,362703.0,0.0285,0.1405,271,0.1198,-0.1994,1.7708,-0.1804,1.3608,0.0
202103,53019,"ferry, wa",327500.0,0.1197,-0.16,14,-0.0667,-0.5625,145.0,0.1245,0.17,4,0.0,-0.3333,0,,,0.0,0.0,0.0,2.0,,,0.0667,0.0667,0.0667,13.0,0.3889,0.9231,171.0,0.3368,0.1175,2363.0,0.0156,0.2765,378354.0,0.0821,-0.1453,26,0.0408,-0.3289,0.8929,0.2929,0.6897,1.0
202103,53007,"chelan, wa",428450.0,0.0022,-0.1175,89,0.0793,-0.6453,54.0,-0.3176,0.0093,104,1.0,-0.2121,0,,-1.0,0.0,0.0,-0.0046,4.0,0.0,-0.8571,0.0167,-0.0025,-0.0501,65.0,-0.0227,0.5926,302.0,0.045,0.1612,1681.0,-0.0841,-0.0688,680722.0,0.0038,0.1495,150,0.0135,-0.4854,0.7288,-0.0761,0.5665,1.0
202103,53073,"whatcom, wa",474475.0,0.0907,0.0662,253,-0.0059,-0.559,39.0,-0.271,-0.037,320,0.3675,-0.1209,14,2.5,0.75,0.0147,0.0102,0.0073,46.0,0.7692,-0.439,0.0488,0.0195,-0.0222,386.0,0.0294,0.7643,278.0,0.0212,0.1165,1662.0,0.0443,-0.0928,666014.0,0.0599,0.201,633,0.0144,-0.2113,1.5267,0.0523,1.1451,0.0
202103,53013,"columbia, wa",294450.0,-0.0407,0.6404,5,-0.0909,-0.7143,74.0,1.2164,-0.456,2,-0.6667,-0.5,0,,,0.0,0.0,0.0,0.0,,-1.0,0.0,0.0,-0.0667,9.0,0.125,0.0,222.0,0.1601,1.1405,2054.0,0.0201,0.0659,371097.0,-0.0295,0.7983,14,0.037,-0.4615,1.8,0.3455,1.2857,1.0
202103,53071,"walla walla, wa",449675.0,-0.0111,0.0681,36,-0.1013,-0.6603,55.0,0.2824,-0.1417,58,1.0714,-0.1212,0,,,0.0,0.0,0.0,10.0,4.0,-0.6154,0.0701,0.0566,-0.0377,68.0,-0.0872,-0.2486,200.0,0.0432,0.1578,2449.0,-0.0357,0.0328,636590.0,-0.0052,0.4243,102,-0.1325,-0.4795,1.9155,0.0294,1.0495,0.0
202103,53053,"pierce, wa",512450.0,0.0469,0.1022,517,0.1984,-0.527,18.0,-0.186,-0.2708,1438,0.533,0.1559,98,0.1395,0.5806,0.0258,-0.0029,0.0084,94.0,0.7407,-0.4891,0.0254,0.0075,-0.0263,1744.0,0.0822,0.3088,268.0,0.0229,0.1897,1928.0,0.0162,-0.0959,647860.0,0.0347,0.1639,2294,0.116,-0.0527,3.3766,-0.3624,2.1563,0.0
202103,53035,"kitsap, wa",542238.0,-0.0132,0.1437,154,0.1039,-0.6131,25.0,-0.2063,0.087,416,0.7049,-0.0502,14,-0.6111,-0.6957,0.0119,-0.0261,-0.0251,32.0,0.4545,-0.4839,0.0289,0.0054,-0.0218,565.0,0.0263,0.3764,262.0,-0.0031,0.1132,2019.0,-0.0495,-0.0393,775826.0,-0.0697,0.2647,713,0.0341,-0.1165,3.6688,-0.2774,2.6374,1.0
202103,53011,"clark, wa",479725.0,0.0261,0.0292,422,0.0458,-0.6141,31.0,-0.1014,-0.2791,826,0.2328,-0.1449,582,0.0818,0.753,0.2118,-0.0068,0.1129,172.0,0.075,-0.5721,0.0604,-0.0001,-0.0622,1548.0,0.0272,0.2089,251.0,0.0059,0.1547,2031.0,0.0166,-0.0828,662885.0,0.024,0.1355,1974,0.0368,-0.1742,3.6682,-0.0666,2.4972,0.0
202103,53031,"jefferson, wa",559925.0,-0.0177,0.1696,53,0.1778,-0.533,40.0,-0.3388,-0.3162,56,1.1538,-0.1765,2,0.0,,0.011,-0.0046,0.011,10.0,,-0.5,0.0652,0.0652,-0.0211,58.0,0.0088,0.2637,318.0,0.0281,0.3132,1710.0,-0.0585,-0.1256,750371.0,-0.0394,0.3515,108,0.0539,-0.3218,1.0849,-0.1818,0.684,0.0
202103,53017,"douglas, wa",427175.0,0.0434,0.0877,33,-0.0435,-0.6393,19.0,-0.5247,-0.5575,58,0.0357,0.0,2,,,0.0118,0.0118,0.0118,4.0,1.0,-0.75,0.028,0.0132,-0.0595,59.0,0.3448,0.7206,217.0,0.0513,0.0194,2162.0,0.0917,0.1011,531970.0,0.0536,0.0283,91,0.2053,-0.2806,1.7727,0.5119,1.4011,0.0
202103,53041,"lewis, wa",361250.0,0.0329,0.156,79,-0.0819,-0.6594,41.0,-0.0847,-0.1099,134,0.5952,-0.0147,6,,2.0,0.0155,0.0155,0.0114,22.0,0.0,-0.45,0.057,-0.0083,-0.0279,170.0,0.0119,0.619,228.0,0.0584,0.2289,1570.0,-0.0644,-0.1062,458335.0,0.0025,0.209,244,-0.0451,-0.271,2.1656,0.2007,1.7101,0.0
202103,53069,"wahkiakum, wa",349250.0,-0.0299,-0.0159,9,0.0588,-0.5814,105.0,-0.0164,0.1598,6,0.0,0.5,0,,,0.0,0.0,0.0,4.0,1.0,0.0,0.1292,0.0625,-0.0088,14.0,0.037,1.3333,186.0,0.0435,0.122,2183.0,-0.3146,-0.026,522795.0,-0.0193,0.172,23,0.0455,-0.098,1.5556,-0.0327,1.2765,0.0
202103,53015,"cowlitz, wa",378000.0,0.015,0.2359,71,0.0522,-0.6594,30.0,-0.1571,-0.3371,122,0.0339,-0.0615,56,0.3333,0.4,0.1405,0.0342,0.0576,30.0,-0.1176,-0.4231,0.0714,-0.0149,-0.0377,208.0,-0.0326,0.1823,221.0,0.0074,0.157,1670.0,-0.022,0.0009,469653.0,0.0425,0.0185,274,-0.0144,-0.226,2.9433,-0.2582,2.0954,0.0
202103,53027,"grays harbor, wa",287450.0,0.0025,0.1512,85,0.0366,-0.6909,36.0,0.0441,-0.3604,116,0.45,-0.0645,4,0.0,-0.3333,0.0092,-0.0018,-0.0024,20.0,1.5,-0.5652,0.0528,0.029,-0.0338,199.0,0.0759,0.5569,217.0,0.0853,0.2618,1487.0,-0.008,0.0505,369020.0,-0.041,0.3607,284,0.0698,-0.2895,2.3353,0.0853,1.8717,0.0
202103,53051,"pend oreille, wa",327000.0,-0.059,0.0904,26,0.3077,-0.3544,36.0,-0.5434,-0.5035,20,0.4286,0.1111,0,,,0.0,0.0,0.0,0.0,,-1.0,0.0,0.0,-0.0617,25.0,0.1667,-0.2687,224.0,-0.1108,0.3042,1793.0,0.0237,-0.1871,574416.0,-0.1332,0.1533,50,0.2195,-0.3056,0.9608,-0.1161,0.1127,0.0
202103,53059,"skamania, wa",358225.0,-0.3039,-0.2506,6,0.0,-0.8333,38.0,-0.5661,-0.5598,4,-0.5,-0.8462,2,0.0,,0.0909,0.0264,0.0909,6.0,0.5,-0.5,0.3071,0.1801,0.147,10.0,-0.1364,-0.5128,213.0,-0.1219,-0.0444,1545.0,-0.1518,-0.2879,438765.0,-0.3317,-0.1785,15,-0.1714,-0.7315,1.7273,-0.2727,1.1364,1.0
202102,53055,"san juan, wa",870000.0,0.0,0.16,52,-0.0283,-0.7074,97.0,-0.049,-0.4504,18,0.5,-0.3571,0,,,0.0,0.0,0.0,2.0,-0.5,-0.8333,0.0148,-0.0226,-0.0421,36.0,-0.1744,0.775,452.0,0.0329,0.1003,2211.0,0.0166,0.0962,2160941.0,-0.0317,0.6493,87,-0.0842,-0.5538,0.6893,-0.122,0.5757,0.0
202102,53047,"okanogan, wa",421248.0,0.0573,0.5559,58,-0.1212,-0.6234,128.0,0.1233,-0.1827,20,0.6667,-0.375,4,0.0,0.0,0.031,-0.0013,0.0128,2.0,-0.5,-0.75,0.0142,-0.0181,-0.0268,50.0,0.1364,1.0,244.0,0.0915,0.481,1726.0,0.015,0.0651,640577.0,0.1159,0.5202,108,-0.0182,-0.4098,0.8621,0.1954,0.6997,1.0
202102,53031,"jefferson, wa",570000.0,-0.0215,0.2459,45,-0.1509,-0.5833,61.0,0.0083,-0.3006,26,-0.2778,-0.35,2,,,0.0156,0.0156,0.0156,0.0,-1.0,-1.0,0.0,-0.0506,-0.1353,57.0,0.0179,0.1875,309.0,0.0207,0.2565,1816.0,-0.0089,0.0102,781188.0,0.076,0.4595,102,-0.0642,-0.3503,1.2667,0.2101,0.8222,0.0
202102,53067,"thurston, wa",449500.0,-0.0292,0.1543,143,-0.1038,-0.5975,29.0,-0.2297,-0.05,252,-0.0735,-0.2317,8,1.0,-0.5,0.0096,0.0047,-0.0052,18.0,-0.25,-0.6786,0.022,-0.0076,-0.0313,422.0,0.1076,0.153,246.0,0.0103,0.1755,1920.0,-0.0319,-0.0294,634027.0,-0.0279,0.2803,562,0.0398,-0.2308,2.9614,0.5652,1.9275,0.0
202102,53065,"stevens, wa",379850.0,0.139,0.4123,47,-0.0106,-0.6026,69.0,-0.1006,-0.4393,36,0.2857,-0.1,0,,,0.0,0.0,0.0,4.0,0.0,-0.5,0.026,-0.0041,-0.0121,68.0,-0.0286,0.283,199.0,0.0178,0.2976,1957.0,0.0166,0.0075,546707.0,0.1712,0.4509,115,-0.0043,-0.3185,1.4624,-0.027,1.0094,0.0
202102,53059,"skamania, wa",514625.0,-0.2081,0.1286,6,-0.3125,-0.75,87.0,-0.0114,-0.3507,8,1.0,0.0,2,,,0.0645,0.0645,0.0645,4.0,0.0,0.0,0.127,-0.0469,0.027,11.0,0.1,-0.3889,243.0,-0.1021,0.0746,1822.0,-0.2631,-0.0987,656540.0,-0.1188,0.2066,18,-0.0278,-0.5625,2.0,0.75,1.1818,0.0
202102,53071,"walla walla, wa",454725.0,0.0649,0.1811,40,-0.1023,-0.6376,43.0,0.0625,-0.4688,28,-0.3636,-0.4615,0,,,0.0,0.0,0.0,2.0,-0.8333,-0.9167,0.0135,-0.0567,-0.0878,75.0,0.2213,-0.0688,192.0,-0.0627,0.1623,2540.0,0.1233,0.0705,639945.0,0.1184,0.4822,117,0.1038,-0.381,1.8861,0.4997,1.1521,0.0
202102,53007,"chelan, wa",427499.0,-0.0268,-0.1186,82,-0.1633,-0.6273,80.0,-0.1359,-0.3147,52,-0.0714,-0.381,0,,,0.0,0.0,0.0,4.0,-0.5,-0.8571,0.0191,-0.0174,-0.0635,66.0,0.0645,0.7368,289.0,0.0256,0.1129,1835.0,0.0356,0.0166,678168.0,0.157,0.156,148,-0.0692,-0.4219,0.8049,0.1722,0.6322,1.0
202102,53049,"pacific, wa",275000.0,-0.0816,-0.0351,43,-0.1981,-0.6458,48.0,-0.3642,-0.5248,44,0.375,0.8333,2,,-0.5,0.0098,0.0098,-0.0125,12.0,-0.25,-0.4,0.0716,-0.0373,-0.0402,80.0,0.2231,1.4844,200.0,-0.0064,0.1515,1365.0,0.0156,-0.1461,392024.0,-0.0138,0.1614,124,0.0647,-0.1928,1.8706,0.6442,1.6039,1.0
202102,53035,"kitsap, wa",549488.0,0.1694,0.2053,140,-0.1596,-0.5823,32.0,-0.241,-0.1486,244,0.1961,-0.1528,36,2.0,-0.1,0.038,0.0242,-0.0054,22.0,-0.5,-0.5769,0.0235,-0.0247,-0.0329,551.0,0.0944,0.4602,263.0,0.0228,0.1516,2124.0,0.0995,0.0223,833965.0,0.075,0.348,690,0.0291,-0.0022,3.9462,0.9161,2.8175,1.0
202102,53023,"garfield, wa",347500.0,0.8294,1.0441,2,-0.5,-0.7857,80.0,0.0633,2.19,0,,-1.0,0,,,0.0,0.0,0.0,0.0,,-1.0,0.0,0.0,-0.2857,6.0,0.375,0.8333,150.0,0.5047,1.1434,2147.0,0.1351,-0.0287,347500.0,0.2352,0.87,8,0.25,-0.1667,3.6667,2.3333,3.2381,1.0
202102,53005,"benton, wa",447500.0,0.0075,0.119,213,-0.0819,-0.435,37.0,-0.2843,-0.2981,246,0.0789,0.1827,38,0.3571,0.9,0.053,0.0145,0.0293,32.0,0.0,-0.619,0.0454,-0.0022,-0.0513,248.0,0.2653,0.0164,216.0,0.0554,0.1971,2229.0,-0.0058,-0.0326,514112.0,0.0315,0.217,457,0.027,-0.2814,1.1643,0.3195,0.5171,0.0
202102,53069,"wahkiakum, wa",360000.0,-0.0966,-0.0863,9,-0.15,-0.575,107.0,0.163,-0.0696,6,,0.5,0,,,0.0,0.0,0.0,2.0,,-0.5,0.0667,0.0667,-0.0667,14.0,0.6875,0.5,179.0,-0.1416,-0.0021,3184.0,0.2407,0.5309,533063.0,0.0548,0.1009,22,0.2941,-0.1852,1.5882,0.7882,1.1382,0.0
202102,53073,"whatcom, wa",435000.0,0.0211,-0.029,254,0.0201,-0.5134,54.0,-0.3052,-0.3851,234,0.17,-0.0085,4,-0.6667,0.0,0.0045,-0.0108,-0.0001,26.0,0.0833,-0.6176,0.0293,-0.0013,-0.0444,375.0,0.1246,1.2029,272.0,0.0194,0.1043,1592.0,0.0173,-0.1258,628372.0,0.0408,0.1294,624,0.075,-0.0911,1.4744,0.1371,1.1487,0.0
202102,53021,"franklin, wa",379838.0,-0.0003,0.195,72,-0.1588,-0.4091,86.0,0.1993,0.2992,116,0.5263,0.2609,18,0.125,-0.1,0.0549,-0.0039,-0.0086,10.0,0.25,-0.5,0.027,-0.0087,-0.0444,142.0,0.2137,0.6706,202.0,0.0387,0.1045,1958.0,-0.0205,0.0137,404460.0,0.0154,0.1626,213,0.024,0.029,1.986,0.6095,1.2835,0.0
202102,53009,"clallam, wa",430963.0,0.0525,0.036,60,-0.1176,-0.6685,48.0,-0.1227,-0.4187,70,-0.0278,-0.1667,4,,,0.0165,0.0165,0.0165,6.0,-0.5,-0.7,0.0238,-0.0252,-0.0359,114.0,0.0755,0.1287,253.0,0.023,0.2155,1721.0,0.0061,-0.1572,603455.0,-0.019,0.2309,173,-0.0114,-0.3887,1.9,0.3412,1.342,0.0
202102,53063,"spokane, wa",378134.0,0.0084,0.0093,234,-0.1478,-0.6276,39.0,-0.22,-0.093,598,0.2056,-0.1601,76,0.5833,0.5833,0.0396,0.011,0.019,34.0,-0.3929,-0.6731,0.0182,-0.0121,-0.028,1074.0,0.0954,0.0832,184.0,0.0353,0.1385,2101.0,-0.0257,-0.0859,510620.0,0.0295,0.1383,1301,0.0517,-0.1909,4.5974,1.0208,3.0169,1.0
202102,53011,"clark, wa",467500.0,-0.0043,-0.0053,404,-0.1594,-0.6067,35.0,-0.2333,-0.5274,670,-0.0537,-0.0537,538,0.1798,0.8681,0.2187,0.0427,0.1225,160.0,-0.2453,-0.5918,0.0605,-0.0351,-0.0723,1507.0,0.1105,0.2782,250.0,0.0363,0.152,1998.0,-0.0261,-0.1148,647331.0,0.0228,0.1011,1904,0.032,-0.1385,3.7348,0.9077,2.5857,1.0
202102,53003,"asotin, wa",279900.0,0.0828,0.0685,13,-0.35,-0.7347,57.0,0.0,0.0755,18,-0.1,-0.25,0,,,0.0,0.0,0.0,4.0,0.0,-0.6667,0.0533,-0.0046,-0.1402,43.0,0.2879,41.5,167.0,0.1576,0.3381,2120.0,0.0687,0.0295,742503.0,0.43,1.4663,56,0.0278,0.1327,3.2692,1.6192,3.2488,1.0
202102,53057,"skagit, wa",525000.0,-0.0233,0.1798,91,-0.067,-0.6465,40.0,-0.092,-0.2178,118,0.0926,-0.2237,6,0.5,-0.7857,0.0163,0.005,-0.0343,16.0,-0.3333,-0.6,0.0397,-0.0283,-0.0363,183.0,0.0702,0.3556,285.0,0.0092,0.2009,1847.0,-0.0523,-0.0315,762161.0,0.0632,0.2534,271,0.0112,-0.3033,2.0221,0.2592,1.4948,0.0
202102,53019,"ferry, wa",292500.0,-0.0085,0.1145,15,-0.1667,-0.4643,129.0,0.2009,-0.1462,4,,0.0,0,,,0.0,0.0,0.0,0.0,,,0.0,0.0,0.0,9.0,-0.1818,0.8,128.0,0.0,-0.0797,2327.0,0.0907,0.3629,349658.0,-0.0073,-0.0171,25,-0.1552,-0.2344,0.6,-0.0111,0.4214,0.0
202102,53025,"grant, wa",297500.0,0.0629,0.0627,82,-0.1458,-0.6077,61.0,-0.0397,-0.1597,54,-0.3864,-0.413,4,,0.0,0.013,0.013,0.0031,14.0,-0.4167,-0.4167,0.0465,-0.0229,-0.0129,160.0,-0.0062,0.7582,183.0,0.0163,0.2014,1568.0,-0.0063,-0.0999,352667.0,0.0461,0.1133,242,-0.051,-0.2013,1.9512,0.2741,1.5158,0.0
202102,53043,"lincoln, wa",298500.0,-0.1922,-0.0955,17,-0.2609,-0.3462,72.0,-0.0103,-0.435,6,-0.5,-0.25,0,,,0.0,0.0,0.0,4.0,0.0,,0.0789,0.0049,0.0789,19.0,0.0556,0.1875,133.0,-0.2198,-0.1611,2162.0,-0.008,0.0944,379147.0,-0.052,0.1116,37,-0.0976,-0.075,1.1176,0.335,0.5023,0.0
202102,53051,"pend oreille, wa",347500.0,0.2424,0.1035,20,0.0263,-0.5761,78.0,-0.0158,-0.1409,14,,0.1667,0,,,0.0,0.0,0.0,0.0,,,0.0,0.0,0.0,21.0,-0.16,0.05,251.0,-0.0002,0.3435,1751.0,0.0903,-0.2349,662673.0,0.0538,0.3119,41,-0.0465,-0.3881,1.0769,-0.2389,0.6421,0.0
202102,53075,"whitman, wa",356950.0,0.0986,0.2525,48,0.0,-0.4353,46.0,-0.4167,0.2639,56,1.8,0.4,6,0.5,0.5,0.0452,0.0085,0.0208,12.0,0.0,-0.5,0.0883,-0.0218,-0.058,52.0,0.5758,0.5758,160.0,0.0657,0.155,2148.0,0.0628,-0.0575,359079.0,0.0533,0.0936,100,0.2048,-0.115,1.0833,0.3958,0.6951,0.0
202102,53041,"lewis, wa",349750.0,0.0212,0.1002,86,-0.1094,-0.6166,44.0,-0.2976,-0.3587,84,-0.0455,-0.25,0,-1.0,,0.0,-0.022,0.0,22.0,0.8333,-0.45,0.0654,0.027,-0.0381,168.0,0.1915,0.8876,215.0,0.05,0.2058,1678.0,-0.0158,-0.0584,457206.0,0.047,0.2072,255,0.0759,-0.1639,1.9649,0.4962,1.5658,0.0
202102,53033,"king, wa",702475.0,0.0036,-0.031,1530,-0.0744,-0.2327,31.0,-0.3511,0.0167,2114,0.0677,-0.0872,72,-0.0526,-0.3077,0.0108,-0.0019,-0.006,264.0,-0.175,-0.0959,0.0403,-0.0141,-0.0053,2928.0,0.2084,0.3695,499.0,-0.0079,0.2001,1520.0,0.0133,-0.2229,1104433.0,-0.0092,-0.034,4421,0.1096,0.0727,1.9137,0.4479,0.8415,0.0
202102,53001,"adams, wa",273750.0,0.033,0.3722,13,0.0,-0.5517,63.0,-0.1567,-0.4327,10,0.25,0.25,0,,,0.0,0.0,0.0,0.0,,,0.0,0.0,0.0,37.0,-0.1705,1.4333,159.0,0.0648,0.7499,1750.0,0.096,-0.0625,266623.0,0.0592,0.2151,50,-0.1161,0.0761,2.8077,-0.5769,2.2905,0.0
202102,53013,"columbia, wa",306950.0,0.181,0.7062,6,0.1,-0.725,34.0,-0.0946,-0.7866,6,0.5,-0.25,0,,,0.0,0.0,0.0,0.0,,-1.0,0.0,0.0,-0.1379,8.0,0.1429,1.0,191.0,0.2527,0.7605,2014.0,-0.0197,0.2151,382370.0,0.1504,0.757,14,0.2273,-0.46,1.4545,0.0545,1.2545,1.0
202102,53029,"island, wa",574500.0,-0.0009,0.1798,60,0.0085,-0.7126,34.0,-0.2554,-0.5971,80,0.0526,-0.3333,2,,,0.0078,0.0078,0.0078,14.0,0.1667,-0.4167,0.054,0.0062,-0.005,121.0,0.0042,0.2684,298.0,0.0395,0.1997,1980.0,-0.0349,0.0438,823348.0,-0.031,0.2929,180,0.0028,-0.4076,2.0252,-0.0087,1.5663,0.0
202102,53045,"mason, wa",381975.0,0.1708,0.2733,41,0.0125,-0.7336,30.0,-0.3023,-0.5082,58,0.0357,-0.3409,4,,0.0,0.021,0.021,0.0088,2.0,-0.75,-0.875,0.009,-0.0304,-0.0423,95.0,-0.1038,0.2338,240.0,0.1335,0.268,1573.0,0.0625,-0.0561,453077.0,0.1551,0.1991,136,-0.0967,-0.4159,2.3457,-0.3043,1.8391,0.0
202102,53077,"yakima, wa",335000.0,-0.0401,0.1289,136,-0.1226,-0.4688,32.0,-0.4273,-0.4474,150,0.25,-0.0132,10,-0.1667,0.25,0.0199,-0.0067,0.0067,30.0,-0.0625,-0.4643,0.0567,-0.0129,-0.0362,201.0,0.1139,0.1016,184.0,-0.0038,0.1735,1820.0,-0.0177,-0.0715,405155.0,-0.0387,0.1135,344,0.0284,-0.2175,1.4743,0.313,0.7633,0.0
202102,53061,"snohomish, wa",603746.0,0.0427,0.0977,272,-0.1053,-0.657,23.0,-0.4304,-0.3182,674,-0.026,-0.2799,94,-0.06,-0.3472,0.0408,-0.0018,-0.0084,22.0,-0.3125,-0.7885,0.0096,-0.0042,-0.0273,1376.0,0.1008,0.1852,313.0,0.0445,0.1694,1969.0,0.0138,-0.0986,728893.0,0.0405,0.1201,1645,0.0572,-0.1573,5.0588,0.947,3.5948,1.0
202102,53017,"douglas, wa",409425.0,0.0261,0.0238,35,-0.0417,-0.5577,41.0,-0.325,-0.3361,56,0.75,0.0769,0,,,0.0,0.0,0.0,2.0,-0.5,-0.5,0.0148,-0.0155,-0.0148,44.0,0.1154,0.4032,206.0,-0.008,-0.0293,1980.0,0.0476,-0.002,504918.0,0.0228,-0.0926,76,-0.0066,-0.3259,1.2609,0.1775,0.8634,0.0
202102,53037,"kittitas, wa",494250.0,-0.2929,0.2513,34,-0.0286,-0.5696,38.0,-0.274,-0.396,30,-0.25,-0.375,2,,,0.0132,0.0132,0.0132,0.0,-1.0,-1.0,0.0,-0.0503,-0.0465,76.0,-0.1163,0.8537,292.0,-0.1205,0.1748,2082.0,-0.1388,0.1509,1695657.0,-0.0084,0.7591,110,-0.0756,-0.1129,2.2353,-0.2218,1.7163,0.0
202102,53015,"cowlitz, wa",372400.0,0.0092,0.215,67,-0.1067,-0.6912,35.0,-0.375,-0.5139,118,0.0172,0.0172,42,-0.25,0.75,0.1063,-0.0513,0.0526,34.0,-0.15,-0.2917,0.0863,-0.0166,-0.0137,215.0,0.1114,0.2768,220.0,0.0493,0.2114,1707.0,-0.0244,0.0309,450513.0,0.0491,-0.0042,278,0.0373,-0.2278,3.2015,0.6282,2.4273,0.0
202102,53039,"klickitat, wa",472500.0,-0.2032,0.0075,16,-0.0882,-0.7281,70.0,0.0296,-0.4945,10,0.25,0.25,0,-1.0,,0.0,-0.0727,0.0,16.0,0.0,0.3333,0.3265,0.0553,0.2174,17.0,-0.34,-0.431,197.0,-0.1919,-0.1915,2106.0,-0.0374,0.0342,569221.0,-0.1382,-0.1278,33,-0.175,-0.6163,1.0645,-0.4061,0.5557,0.0
202102,53053,"pierce, wa",489490.0,-0.021,0.0643,431,-0.0486,-0.5762,22.0,-0.4028,-0.3065,938,0.0422,-0.031,86,-0.2586,-0.2321,0.0287,-0.0138,-0.0038,54.0,-0.25,-0.686,0.0179,-0.0076,-0.0336,1612.0,0.1015,0.5047,262.0,0.0127,0.1937,1898.0,-0.0304,-0.1227,626129.0,0.0003,0.112,2056,0.0796,-0.017,3.739,0.5094,2.6859,1.0
202102,53027,"grays harbor, wa",286725.0,0.008,0.166,82,-0.0682,-0.7071,34.0,-0.3818,-0.6,80,0.25,-0.2857,4,0.0,-0.5,0.011,0.0002,-0.0048,8.0,-0.6,-0.8333,0.0238,-0.0302,-0.0768,185.0,-0.0682,0.6473,200.0,0.0252,0.204,1499.0,0.041,0.0309,384803.0,0.0262,0.4492,265,-0.0636,-0.3257,2.25,0.0,1.85,0.0
202101,53057,"skagit, wa",537500.0,-0.0182,0.2004,97,-0.1261,-0.6305,44.0,-0.1675,-0.4912,108,0.0588,0.125,4,,-0.8571,0.0113,0.0113,-0.0447,24.0,0.7143,-0.2941,0.068,0.035,0.0037,171.0,-0.1699,0.5981,282.0,-0.0227,0.2145,1949.0,-0.0295,0.0054,716873.0,-0.0387,0.1511,268,-0.1625,-0.2727,1.7629,-0.093,1.3553,0.0
202101,53031,"jefferson, wa",582500.0,0.0695,0.1986,53,-0.1311,-0.547,60.0,0.0169,-0.36,36,0.2,0.0588,0,,,0.0,0.0,0.0,8.0,0.0,-0.4286,0.0506,0.0038,-0.0199,56.0,-0.082,0.2444,303.0,0.0115,0.234,1832.0,0.0757,-0.0172,725999.0,-0.0001,0.3786,109,-0.121,-0.3123,1.0566,0.0566,0.672,0.0
202101,53027,"grays harbor, wa",284450.0,-0.0016,0.1613,88,-0.2846,-0.7017,55.0,0.028,-0.4241,64,-0.1579,-0.1579,4,1.0,0.0,0.0108,0.0064,0.0022,20.0,0.4286,-0.4737,0.0541,0.0186,-0.026,198.0,-0.1278,0.9899,195.0,0.0278,0.2181,1440.0,-0.0096,-0.0171,374981.0,0.0258,0.3958,283,-0.1914,-0.2845,2.25,0.4045,1.9127,0.0
202101,53045,"mason, wa",326250.0,-0.0537,0.0482,40,-0.322,-0.7538,43.0,-0.0227,-0.4286,56,0.0769,-0.0968,0,-1.0,-1.0,0.0,-0.0078,-0.0071,8.0,-0.6667,-0.3333,0.0394,-0.0567,0.001,106.0,-0.1347,0.6693,212.0,-0.0043,0.119,1480.0,-0.1014,-0.1323,392237.0,-0.0136,0.0156,150,-0.1736,-0.3392,2.65,0.5737,2.2592,0.0
202101,53073,"whatcom, wa",426000.0,-0.0426,-0.042,249,-0.1929,-0.541,77.0,0.1579,-0.1585,200,0.1364,0.3158,12,,2.0,0.0153,0.0153,0.0103,24.0,-0.4286,-0.6667,0.0306,-0.0183,-0.0505,333.0,-0.112,0.9249,267.0,-0.0031,0.0909,1565.0,-0.0419,-0.1473,603751.0,0.0258,0.0557,580,-0.1496,-0.1894,1.3373,0.1218,1.0185,0.0
202101,53007,"chelan, wa",439250.0,-0.0156,-0.0871,98,-0.1404,-0.5891,92.0,0.092,-0.2333,56,0.0769,-0.125,0,,,0.0,0.0,0.0,8.0,-0.5556,-0.4286,0.0365,-0.0371,-0.0069,62.0,-0.1389,0.4588,282.0,0.0247,0.0962,1772.0,0.0,-0.0183,586159.0,0.0055,0.0127,159,-0.1632,-0.4301,0.6327,0.0011,0.4545,0.0
202101,53013,"columbia, wa",259900.0,-0.1173,0.373,5,-0.2857,-0.7143,37.0,-0.1591,-0.7319,4,0.0,-0.3333,0,,,0.0,0.0,0.0,0.0,,,0.0,0.0,0.0,7.0,-0.2222,0.2727,153.0,-0.211,0.1735,2054.0,0.1298,0.1642,332371.0,-0.0283,0.3376,11,-0.3125,-0.5319,1.4,0.1143,1.0857,1.0
202101,53037,"kittitas, wa",699000.0,0.1422,0.7696,35,-0.2045,-0.5858,52.0,-0.1779,-0.4124,40,0.8182,0.4286,0,-1.0,,0.0,-0.0476,0.0,8.0,0.0,0.0,0.0503,0.0027,-0.0027,86.0,-0.1224,1.2051,332.0,0.1026,0.3363,2418.0,0.1683,0.4027,1710049.0,0.2471,0.7895,119,-0.1793,-0.0364,2.4571,0.2299,1.9956,1.0
202101,53019,"ferry, wa",295000.0,0.0172,-0.1384,18,-0.1,-0.3333,107.0,-0.1283,-0.5023,0,-1.0,-1.0,0,,,0.0,0.0,0.0,0.0,,,0.0,0.0,0.0,11.0,-0.1852,1.2,128.0,-0.162,-0.1634,2133.0,0.1298,0.1455,352237.0,-0.0204,-0.0306,29,-0.1212,-0.0645,0.6111,-0.0639,0.4259,1.0
202101,53015,"cowlitz, wa",369000.0,0.0433,0.2303,75,-0.2105,-0.6951,56.0,-0.0345,-0.2533,116,0.7576,0.234,56,0.12,0.8667,0.1576,0.0264,0.0923,40.0,-0.1304,-0.4444,0.1028,-0.0211,-0.0578,193.0,-0.1345,0.3544,209.0,-0.0139,0.1837,1750.0,0.0373,0.0049,429419.0,0.0554,-0.0266,268,-0.1438,-0.2617,2.5733,0.226,1.9941,0.0
202101,53003,"asotin, wa",258500.0,0.1711,-0.0093,20,0.0256,-0.5604,57.0,-0.0044,-0.0843,20,0.1111,0.0,0,,,0.0,0.0,0.0,4.0,0.0,0.0,0.058,0.0073,-0.0116,33.0,-0.0704,12.2,144.0,0.0164,0.1348,1984.0,0.1733,-0.1145,519229.0,0.166,0.7241,54,-0.0357,0.1368,1.65,-0.1705,1.5951,0.0
202101,53069,"wahkiakum, wa",398500.0,-0.0557,-0.0177,10,-0.0476,-0.4118,92.0,0.4375,-0.3134,0,-1.0,-1.0,0,,,0.0,0.0,0.0,0.0,,-1.0,0.0,0.0,-0.2048,8.0,-0.1579,-0.2,208.0,0.0347,0.1654,2567.0,-0.0743,0.1199,505390.0,-0.0695,-0.0544,17,-0.1707,-0.3462,0.8,-0.1048,0.2118,1.0
202101,53055,"san juan, wa",870000.0,0.0164,0.1686,53,-0.2482,-0.6901,102.0,-0.0621,-0.4026,12,-0.1429,-0.25,0,,,0.0,0.0,0.0,4.0,,-0.6667,0.0374,0.0374,-0.0189,43.0,-0.1887,1.5294,438.0,-0.0253,0.0591,2175.0,0.0016,0.0905,2231722.0,-0.0179,0.6821,95,-0.2369,-0.4947,0.8113,0.0595,0.7119,0.0
202101,53077,"yakima, wa",349000.0,0.0188,0.1492,155,-0.0882,-0.4227,55.0,0.1828,-0.2466,120,0.4286,0.0,12,5.0,1.0,0.0266,0.0225,0.0159,32.0,-0.4074,-0.2381,0.0696,-0.0374,-0.0113,180.0,-0.1569,0.1502,185.0,0.0036,0.1458,1853.0,-0.0384,-0.0594,421451.0,-0.0097,0.1585,334,-0.1291,-0.2132,1.1613,-0.0946,0.5784,0.0
202101,53011,"clark, wa",469500.0,-0.0005,0.0175,480,-0.1257,-0.5812,45.0,-0.2241,-0.4231,708,0.3828,0.2465,456,-0.2192,0.443,0.176,-0.0411,0.0601,212.0,-0.2206,-0.4904,0.0956,-0.0115,-0.0566,1357.0,-0.084,0.3149,241.0,-0.0004,0.131,2051.0,0.0071,-0.0897,632889.0,-0.005,0.1029,1845,-0.0936,-0.1519,2.8271,0.1285,1.9266,0.0
202101,53059,"skamania, wa",649900.0,0.0236,0.3725,8,-0.36,-0.75,88.0,-0.2178,-0.2446,4,0.0,0.0,0,,,0.0,0.0,0.0,4.0,1.0,-0.5,0.1739,0.1184,0.0046,10.0,0.5385,-0.3103,270.0,0.0031,0.2258,2472.0,0.0,0.2253,745040.0,-0.0214,0.3723,18,-0.0526,-0.6129,1.25,0.73,0.7969,0.0
202101,53005,"benton, wa",444174.0,0.0252,0.139,232,-0.1008,-0.4691,51.0,-0.1356,-0.1356,228,0.6522,-0.1364,28,0.4,0.4,0.0385,0.0094,0.0156,32.0,-0.2727,-0.6522,0.0475,-0.0222,-0.0525,196.0,-0.1695,-0.0733,205.0,0.0232,0.1667,2242.0,-0.0062,-0.027,498403.0,0.0228,0.1895,445,-0.0992,-0.3122,0.8448,-0.0699,0.3608,0.0
202101,53001,"adams, wa",265000.0,0.2474,0.3688,13,-0.1613,-0.6389,75.0,-0.1379,-0.2857,8,0.0,0.3333,0,,,0.0,0.0,0.0,0.0,-1.0,-1.0,0.0,-0.0541,-0.0328,44.0,-0.0928,2.3846,149.0,0.2549,0.7136,1597.0,0.0849,-0.0721,251715.0,0.067,0.1635,56,-0.125,0.1667,3.3846,0.2556,3.0235,1.0
202101,53025,"grant, wa",279900.0,-0.0179,0.0249,96,-0.1579,-0.5188,63.0,0.0588,-0.2717,88,0.1,0.1579,0,-1.0,-1.0,0.0,-0.025,-0.005,24.0,0.3333,0.0,0.0694,0.0252,0.0024,161.0,-0.1722,0.8721,180.0,0.0379,0.175,1578.0,-0.0521,-0.1204,337126.0,-0.0084,0.0389,255,-0.1734,-0.1021,1.6771,-0.0291,1.246,0.0
202101,53067,"thurston, wa",463000.0,0.0523,0.1447,159,-0.0966,-0.51,37.0,-0.0513,-0.2745,272,0.088,0.4316,4,-0.5,-0.6,0.005,-0.0059,-0.0067,24.0,-0.1429,-0.5385,0.0297,-0.0006,-0.0315,381.0,-0.1726,0.1092,243.0,0.07,0.165,1983.0,0.0044,-0.0166,652206.0,0.0099,0.2514,540,-0.1516,-0.1886,2.3962,-0.2203,1.3377,0.0
202101,53029,"island, wa",575000.0,-0.0219,0.2048,59,-0.2716,-0.7446,46.0,-0.098,-0.4524,76,-0.0732,0.0857,0,-1.0,-1.0,0.0,-0.012,-0.0101,12.0,0.5,-0.75,0.0478,0.0199,-0.0754,120.0,-0.2547,0.4724,287.0,-0.0481,0.1689,2051.0,0.0378,0.0915,849699.0,-0.0294,0.3468,179,-0.2603,-0.4235,2.0339,0.0462,1.6811,0.0
202101,53033,"king, wa",699950.0,0.0122,0.0079,1653,-0.2306,-0.1685,47.0,-0.0874,-0.3333,1980,0.3885,0.5739,76,-0.0256,0.8095,0.0128,0.0006,0.0025,320.0,-0.3522,-0.0184,0.0544,-0.0224,-0.0098,2423.0,-0.1516,0.5883,503.0,0.0319,0.2532,1500.0,0.0007,-0.2236,1114659.0,0.0346,-0.0103,3984,-0.2018,0.1344,1.4658,0.1365,0.6985,0.0
202101,53061,"snohomish, wa",579000.0,0.0145,0.0624,304,-0.2124,-0.6557,40.0,-0.0814,-0.3471,692,0.1054,-0.0057,100,0.2195,0.25,0.0426,0.0124,0.0144,32.0,-0.619,-0.6735,0.0138,-0.0189,-0.0264,1250.0,-0.199,0.462,300.0,0.0203,0.1424,1942.0,0.0028,-0.1183,700548.0,-0.0027,0.092,1556,-0.1994,-0.1021,4.1118,0.0691,3.1436,1.0
202101,53021,"franklin, wa",379950.0,-0.0191,0.2176,85,-0.0449,-0.3972,72.0,0.0632,0.1626,76,0.2667,-0.0256,16,1.0,1.6667,0.0588,0.0311,0.0399,8.0,-0.5,-0.6,0.0357,-0.019,-0.0288,117.0,-0.2252,0.7333,195.0,-0.0011,0.081,1999.0,-0.0055,0.0951,398308.0,-0.034,0.1472,208,-0.1297,-0.0024,1.3765,-0.3202,0.8977,0.0
202101,53065,"stevens, wa",333498.0,-0.0206,0.225,47,-0.254,-0.6342,77.0,-0.0778,-0.277,28,-0.0667,-0.0667,0,,,0.0,0.0,0.0,4.0,0.0,-0.5,0.0301,0.0061,-0.0071,70.0,-0.2553,0.4286,195.0,0.0789,0.3096,1925.0,-0.0065,-0.0204,466774.0,0.0866,0.2814,115,-0.2675,-0.3503,1.4894,-0.0027,1.108,0.0
202101,53009,"clallam, wa",409450.0,0.0122,-0.0365,68,-0.1392,-0.6513,55.0,-0.2226,-0.45,72,0.3333,0.3846,0,,,0.0,0.0,0.0,12.0,0.0,-0.6667,0.049,0.0071,-0.0551,106.0,-0.2456,0.1844,248.0,0.0344,0.1679,1710.0,-0.0458,-0.1652,615114.0,-0.0114,0.2242,175,-0.2081,-0.3794,1.5588,-0.2197,1.0998,0.0
202101,53039,"klickitat, wa",593000.0,0.2766,0.3178,17,-0.0286,-0.7236,68.0,-0.2582,-0.4589,8,0.0,-0.4286,4,-0.3333,,0.0727,-0.006,0.0727,16.0,0.1429,0.3333,0.2712,0.0935,0.1596,25.0,-0.5146,0.0,244.0,0.0722,0.0755,2188.0,0.0144,0.0227,660483.0,0.06,0.0659,40,-0.4326,-0.5349,1.4706,-1.4723,1.0641,0.0
202101,53071,"walla walla, wa",426995.0,0.0241,0.0749,44,-0.1619,-0.5945,40.0,-0.0123,-0.5181,44,-0.0435,0.375,0,,,0.0,0.0,0.0,12.0,0.2,-0.4545,0.0702,0.0086,-0.0257,61.0,-0.2278,-0.2781,204.0,0.1057,0.1923,2261.0,0.0345,-0.0576,572222.0,-0.0452,0.267,106,-0.1939,-0.4508,1.3864,-0.1184,0.6076,0.0
202101,53017,"douglas, wa",399000.0,0.0434,0.0006,36,-0.2653,-0.5689,60.0,0.0169,-0.1549,32,0.2308,0.0,0,,-1.0,0.0,0.0,-0.0122,4.0,0.0,-0.7778,0.0303,-0.0051,-0.1042,39.0,0.2381,0.3684,208.0,-0.0078,-0.0183,1890.0,-0.0335,-0.0207,493651.0,0.0268,-0.1139,76,-0.044,-0.3184,1.0833,0.4405,0.742,0.0
202101,53047,"okanogan, wa",398400.0,0.1281,0.4569,66,-0.1538,-0.5888,114.0,0.3121,-0.1993,12,-0.3333,-0.25,4,,,0.0323,0.0323,0.0323,4.0,-0.6,0.0,0.0323,-0.0289,0.0122,44.0,-0.1852,0.6,224.0,-0.0067,0.3481,1700.0,-0.0524,-0.009,574030.0,-0.0441,0.3284,110,-0.1698,-0.4241,0.6667,-0.0256,0.4953,0.0
202101,53063,"spokane, wa",375000.0,0.0,0.0722,274,-0.3054,-0.5947,50.0,-0.0566,-0.2063,496,0.0598,0.0248,48,-0.1724,0.4118,0.0286,0.0005,0.0117,56.0,-0.3488,-0.4909,0.0304,-0.0103,-0.0243,980.0,-0.1796,0.1349,178.0,0.0154,0.1469,2157.0,-0.0175,-0.042,495986.0,0.0393,0.1621,1237,-0.221,-0.1962,3.5766,0.5488,2.2993,0.0
202101,53075,"whitman, wa",324900.0,0.0397,0.2654,48,-0.232,-0.3333,78.0,0.2188,0.0541,20,0.0,-0.4737,4,,,0.0367,0.0367,0.0367,12.0,0.5,0.0,0.1101,0.044,0.0338,33.0,-0.0833,0.1786,150.0,0.0191,0.1811,2021.0,-0.0247,-0.0265,340899.0,0.0156,0.2013,83,-0.1531,-0.1616,0.6875,0.1115,0.2986,0.0
202101,53043,"lincoln, wa",369500.0,0.0387,0.2909,23,-0.1481,-0.1636,73.0,0.0069,-0.3958,12,1.0,1.0,0,,,0.0,0.0,0.0,4.0,0.0,0.0,0.0741,0.0015,-0.0042,18.0,-0.122,0.3846,171.0,0.1478,0.238,2179.0,0.0431,0.2283,399937.0,0.0599,0.3038,41,-0.1277,0.038,0.7826,0.0233,0.3099,1.0
202101,53041,"lewis, wa",342500.0,0.0316,0.0964,96,-0.1351,-0.5705,63.0,-0.087,-0.2841,88,0.5172,0.0476,8,0.3333,1.0,0.022,0.0041,0.0104,12.0,-0.625,-0.6842,0.0383,-0.0478,-0.0617,141.0,-0.1296,0.8431,205.0,-0.015,0.1756,1705.0,-0.0332,-0.0496,436670.0,0.0153,0.1283,237,-0.1366,-0.2126,1.4688,0.0093,1.1265,0.0
202101,53035,"kitsap, wa",469888.0,-0.0014,0.0295,166,-0.1922,-0.5337,42.0,-0.0674,-0.3386,204,-0.0286,-0.2031,12,2.0,0.0,0.0138,0.0096,0.0014,44.0,-0.2143,-0.5,0.0482,-0.0048,-0.0455,503.0,-0.1372,0.6174,257.0,-0.0082,0.143,1932.0,0.0063,-0.0554,775756.0,0.1119,0.2894,670,-0.1454,0.0045,3.0301,0.1931,2.1565,0.0
202101,53049,"pacific, wa",299450.0,-0.0646,0.1041,53,-0.1167,-0.5859,76.0,-0.0066,-0.3121,32,0.2308,0.1429,0,-1.0,,0.0,-0.0349,0.0,16.0,1.0,-0.2727,0.1088,0.0563,0.0018,65.0,-0.172,1.1311,201.0,0.0016,0.1504,1344.0,-0.1734,-0.1494,397492.0,-0.0783,0.1723,116,-0.1594,-0.2704,1.2264,-0.0819,0.9881,0.0
202101,53051,"pend oreille, wa",279700.0,-0.1524,-0.0975,19,-0.2245,-0.6449,79.0,0.0533,-0.3935,0,-1.0,-1.0,0,,,0.0,0.0,0.0,0.0,-1.0,-1.0,0.0,-0.0294,-0.0456,25.0,-0.2857,0.2821,252.0,0.1296,0.3857,1606.0,-0.0572,-0.283,628821.0,0.1308,0.2669,43,-0.2893,-0.411,1.3158,-0.1128,0.9513,1.0
202101,53053,"pierce, wa",499975.0,0.005,0.1111,453,-0.1874,-0.5447,36.0,-0.1429,-0.3846,900,0.1194,0.4377,116,0.3182,0.871,0.0425,0.0135,0.0175,72.0,-0.3208,-0.561,0.0254,-0.009,-0.0376,1463.0,-0.1479,0.5859,259.0,0.0382,0.1957,1957.0,-0.0271,-0.0907,625967.0,0.0257,0.1424,1904,-0.1629,-0.0091,3.2296,0.1498,2.3024,0.0
202101,53023,"garfield, wa",189950.0,-0.1558,0.407,3,-0.4545,-0.5385,75.0,0.2448,0.3043,0,,-1.0,0,,,0.0,0.0,0.0,0.0,,,0.0,0.0,0.0,4.0,1.6667,3.0,100.0,0.0,0.4123,1891.0,-0.1267,-0.0961,281333.0,0.1044,0.6024,6,-0.1429,-0.2,1.3333,1.0606,1.1795,1.0
202012,53075,"whitman, wa",312500.0,-0.0345,0.2346,63,-0.0157,-0.1667,64.0,-0.1111,-0.3535,20,-0.0909,0.4286,0,,,0.0,0.0,0.0,8.0,-0.4286,-0.5,0.0661,-0.0453,-0.0707,36.0,-0.1111,0.4118,147.0,-0.0149,0.1698,2072.0,-0.0496,0.0176,335661.0,-0.0328,0.2147,98,-0.0667,-0.02,0.576,-0.0618,0.236,0.0
202012,53055,"san juan, wa",856000.0,-0.1166,0.1003,71,-0.06,-0.6189,109.0,0.1328,-0.3349,14,-0.2222,0.4,0,,,0.0,0.0,0.0,0.0,-1.0,-1.0,0.0,-0.0221,-0.0748,53.0,-0.3026,1.65,449.0,-0.0361,0.0649,2172.0,-0.0268,0.0847,2272487.0,0.0149,0.7059,125,-0.1863,-0.3927,0.7518,-0.2616,0.6437,0.0
202012,53049,"pacific, wa",320125.0,0.06,0.1456,60,-0.1837,-0.5572,76.0,0.1783,-0.3122,26,-0.0714,0.4444,6,,,0.0349,0.0349,0.0349,8.0,-0.5,-0.4286,0.0525,-0.0312,-0.025,79.0,-0.0925,1.0933,201.0,0.0476,0.1644,1626.0,-0.0265,-0.0116,431260.0,0.0437,0.2423,138,-0.1455,-0.1977,1.3083,0.1315,1.0316,0.0
202012,53059,"skamania, wa",634900.0,-0.0416,0.348,13,0.1364,-0.6575,113.0,-0.0702,0.009,4,-0.3333,,0,-1.0,,0.0,-0.0714,0.0,2.0,-0.5,-0.75,0.0556,-0.1111,-0.0901,7.0,-0.1333,-0.6176,269.0,0.0475,0.2646,2472.0,-0.1011,0.1203,761317.0,-0.0831,0.4059,19,0.0556,-0.6514,0.52,-0.1618,0.0542,0.0
202012,53029,"island, wa",587850.0,-0.007,0.2221,81,-0.2535,-0.6949,51.0,0.2143,-0.3131,82,-0.2679,0.1389,4,1.0,0.0,0.012,0.0074,0.0024,8.0,-0.7143,-0.8182,0.0279,-0.0433,-0.0698,161.0,-0.1504,0.5261,301.0,0.0116,0.22,1976.0,-0.0441,0.0612,875402.0,0.0078,0.3888,242,-0.1879,-0.3468,1.9877,0.2411,1.5903,0.0
202012,53069,"wahkiakum, wa",422000.0,0.0904,0.0684,11,-0.1923,-0.4324,64.0,0.1532,-0.5277,2,-0.6667,-0.5,0,,,0.0,0.0,0.0,0.0,-1.0,-1.0,0.0,-0.0741,-0.1273,10.0,-0.0952,-0.2083,201.0,-0.0927,0.1579,2773.0,0.1182,0.1709,543124.0,0.0537,0.0883,21,-0.1277,-0.3167,0.9048,0.0971,0.2561,0.0
202012,53063,"spokane, wa",375000.0,0.0,0.073,395,-0.2479,-0.5535,53.0,0.0653,-0.0702,468,-0.1903,0.0734,58,0.0741,0.8125,0.0281,0.0058,0.0139,86.0,-0.3944,-0.4487,0.0406,-0.0166,-0.0281,1195.0,-0.135,0.266,175.0,0.0308,0.146,2195.0,-0.026,-0.0413,477229.0,0.0081,0.1172,1588,-0.1655,-0.1296,3.0279,0.3949,1.96,0.0
202012,53003,"asotin, wa",220725.0,-0.1686,-0.0848,20,-0.1875,-0.5938,57.0,0.0178,0.0,18,0.0,0.2857,0,-1.0,-1.0,0.0,-0.023,-0.0235,4.0,-0.3333,-0.5,0.0506,-0.0132,-0.0873,36.0,-0.2604,10.8333,142.0,0.0134,0.093,1691.0,-0.2398,-0.1813,445316.0,-0.0579,0.3167,56,-0.2276,0.098,1.8205,-0.1795,1.758,0.0
202012,53005,"benton, wa",433250.0,0.0504,0.1678,258,-0.1623,-0.4608,59.0,0.3721,0.0631,138,-0.4298,-0.1687,20,1.0,0.25,0.0291,0.0167,0.0103,44.0,-0.5417,-0.3333,0.0698,-0.0429,-0.0062,236.0,-0.189,0.1597,200.0,0.0372,0.1545,2256.0,0.0028,-0.0147,487283.0,0.0204,0.1854,494,-0.1814,-0.2767,0.9147,-0.0301,0.4894,0.0
202012,53021,"franklin, wa",387368.0,0.0119,0.2547,89,-0.1564,-0.4145,67.0,0.4385,0.546,60,-0.3478,0.0345,8,-0.6,0.3333,0.0277,-0.0275,0.0057,16.0,-0.3333,-0.2,0.0547,-0.0102,-0.0153,151.0,-0.0848,1.3594,195.0,0.0073,0.0807,2010.0,-0.0024,0.1124,412329.0,0.0244,0.196,239,-0.1213,0.1065,1.6966,0.1326,1.2756,0.0
202012,53031,"jefferson, wa",544625.0,0.0733,0.1745,61,-0.1469,-0.529,59.0,0.1238,-0.3099,30,-0.375,0.1538,0,-1.0,,0.0,-0.0105,0.0,8.0,1.0,-0.2,0.0468,0.0237,-0.0033,61.0,-0.1286,0.5641,300.0,0.0262,0.2187,1703.0,0.0041,-0.0937,726092.0,0.0466,0.3899,124,-0.1174,-0.2462,1.0,0.021,0.6988,0.0
202012,53001,"adams, wa",212450.0,-0.0275,0.2143,16,-0.225,-0.5974,87.0,0.0875,0.0029,8,1.0,-0.2,0,,-1.0,0.0,0.0,-0.0274,4.0,,-0.3333,0.0541,0.0541,-0.0407,49.0,-0.1261,2.0313,119.0,-0.0139,0.401,1472.0,-0.0293,-0.1613,235915.0,0.0397,0.0987,64,-0.1523,0.2075,3.129,0.354,2.7134,1.0
202012,53023,"garfield, wa",225000.0,-0.0671,0.637,6,0.1,-0.4762,60.0,0.205,-0.5487,0,-1.0,-1.0,0,,,0.0,0.0,0.0,0.0,,,0.0,0.0,0.0,2.0,-0.4,0.5,100.0,0.1767,0.4871,2165.0,-0.0812,0.1269,254742.0,-0.0855,0.5996,7,0.0,-0.3636,0.2727,-0.2273,0.1775,1.0
202012,53067,"thurston, wa",439969.0,-0.0222,0.1082,176,-0.1089,-0.5633,39.0,-0.0064,-0.2315,250,-0.1071,0.2626,8,-0.3333,0.3333,0.0109,-0.0003,0.0039,28.0,-0.2222,-0.5172,0.0303,-0.0035,-0.0289,461.0,-0.2221,0.2412,228.0,-0.0047,0.1163,1974.0,-0.0325,-0.0219,645786.0,0.0382,0.2937,637,-0.1938,-0.1787,2.6165,-0.381,1.6959,0.0
202012,53051,"pend oreille, wa",330000.0,-0.12,-0.051,25,-0.3,-0.626,75.0,-0.0566,-0.4094,8,-0.2,-0.2,0,,,0.0,0.0,0.0,2.0,-0.5,-0.6667,0.0294,-0.0189,-0.029,35.0,-0.1026,0.5909,223.0,0.0322,0.1897,1704.0,-0.0767,-0.2496,556088.0,0.0466,0.1329,61,-0.1712,-0.3086,1.4286,0.3143,1.0927,0.0
202012,53015,"cowlitz, wa",353675.0,-0.0241,0.1698,95,-0.2276,-0.6296,58.0,0.3034,-0.0794,66,-0.431,-0.1538,50,0.3889,2.125,0.1312,0.0541,0.097,46.0,-0.425,-0.2333,0.1239,-0.0336,-0.0023,223.0,-0.1098,0.4867,212.0,0.0492,0.201,1687.0,-0.0636,-0.0367,406882.0,-0.0077,-0.0566,313,-0.162,-0.2005,2.3474,0.3108,1.7626,0.0
202012,53043,"lincoln, wa",355750.0,-0.0353,0.2271,27,-0.2059,-0.28,72.0,0.1901,-0.3126,6,-0.4,-0.4,0,,,0.0,0.0,0.0,4.0,-0.3333,,0.0725,-0.0362,0.0725,21.0,0.0513,0.5185,149.0,-0.037,0.0125,2089.0,-0.0377,0.2124,377349.0,-0.0223,0.1301,47,-0.1048,-0.0693,0.7593,0.1857,0.3993,0.0
202012,53033,"king, wa",691488.0,-0.0074,0.0022,2149,-0.2445,-0.1437,52.0,0.2118,-0.2137,1426,-0.2596,0.5466,78,-0.025,0.8571,0.0122,0.0018,0.0043,494.0,-0.3825,0.3209,0.0769,-0.0164,0.0077,2856.0,-0.1871,0.5183,487.0,0.0275,0.237,1499.0,-0.0349,-0.2227,1077343.0,0.0082,-0.0037,4991,-0.213,0.1404,1.3293,0.0939,0.5796,0.0
202012,53039,"klickitat, wa",464500.0,-0.1144,0.0,18,-0.386,-0.72,91.0,0.6471,-0.2052,8,-0.2,0.3333,6,-0.4,,0.0788,-0.0197,0.0788,14.0,0.4,-0.2222,0.1777,0.0801,-0.0165,52.0,-0.0636,0.9434,227.0,-0.163,0.0373,2157.0,0.0388,-0.0375,623117.0,-0.0394,-0.0411,71,-0.1455,-0.1943,2.9429,1.013,2.5189,1.0
202012,53045,"mason, wa",344748.0,0.0222,0.1525,59,-0.1862,-0.674,44.0,-0.0112,-0.3973,52,-0.1613,0.1818,2,0.0,,0.0078,0.0002,0.0078,24.0,0.0,0.0,0.0961,0.0221,0.0194,123.0,-0.1887,0.4162,213.0,-0.0329,0.1416,1647.0,0.0568,-0.0214,397649.0,-0.0999,0.0349,182,-0.1951,-0.3215,2.0763,-0.0065,1.5984,0.0
202012,53073,"whatcom, wa",444975.0,0.0001,0.0177,309,-0.1084,-0.5336,67.0,0.177,-0.1364,176,-0.0638,0.1892,0,-1.0,,0.0,-0.0099,0.0,42.0,-0.25,-0.1923,0.049,-0.0072,-0.0036,375.0,-0.1497,1.0548,268.0,-0.0001,0.1095,1633.0,-0.0477,-0.1112,588546.0,-0.0174,0.0744,682,-0.1356,-0.1905,1.2156,-0.059,0.9397,0.0
202012,53011,"clark, wa",469725.0,-0.0027,0.0223,549,-0.2229,-0.5708,58.0,-0.0645,-0.2795,512,-0.089,0.3474,584,0.0977,0.7697,0.2171,0.0338,0.1027,272.0,-0.2804,-0.4603,0.1071,-0.0122,-0.0667,1482.0,-0.1436,0.303,241.0,0.0223,0.1364,2037.0,-0.0237,-0.0989,636082.0,0.0145,0.1144,2036,-0.1629,-0.1547,2.6985,0.2499,1.8096,0.0
202012,53013,"columbia, wa",294450.0,-0.224,0.4759,7,0.0769,-0.6216,44.0,-0.2903,-0.6508,4,1.0,0.0,0,,,0.0,0.0,0.0,0.0,,-1.0,0.0,0.0,-0.0645,9.0,-0.4,0.3846,193.0,-0.0703,0.5989,1818.0,-0.0748,-0.086,342069.0,-0.1441,0.3278,16,-0.2558,-0.36,1.2857,-1.022,0.9344,1.0
202012,53065,"stevens, wa",340500.0,-0.0466,0.1591,63,-0.241,-0.5896,84.0,0.0503,-0.1773,30,-0.375,0.6667,0,,,0.0,0.0,0.0,4.0,-0.7778,-0.3333,0.024,-0.0494,-0.0024,94.0,-0.1493,0.7248,181.0,0.0229,0.2327,1938.0,-0.0225,-0.0288,429583.0,0.027,0.1509,157,-0.1737,-0.2415,1.4921,0.1607,1.137,0.0
202012,53047,"okanogan, wa",353175.0,-0.0043,0.1302,78,0.013,-0.5795,87.0,0.0058,-0.3308,18,0.125,0.5,0,,,0.0,0.0,0.0,10.0,0.6667,1.5,0.0611,0.0264,0.0422,54.0,-0.3455,0.44,225.0,-0.0456,0.2829,1794.0,-0.0011,0.01,600488.0,-0.0287,0.3545,133,-0.164,-0.4058,0.6923,-0.3791,0.4902,0.0
202012,53009,"clallam, wa",404500.0,-0.0505,-0.0587,79,-0.2851,-0.6202,71.0,0.132,-0.2553,54,-0.129,0.2857,0,,,0.0,0.0,0.0,12.0,-0.5385,-0.5385,0.0419,-0.0366,-0.0303,141.0,-0.1246,0.3641,239.0,0.0907,0.1428,1792.0,-0.0341,-0.1251,622226.0,0.0207,0.215,221,-0.1934,-0.2825,1.7785,0.326,1.2833,0.0
202012,53041,"lewis, wa",332000.0,-0.0299,0.1069,111,-0.1838,-0.5184,69.0,0.1897,-0.0921,58,-0.1714,0.16,6,0.5,2.0,0.0179,0.0066,0.0127,32.0,0.0,-0.3846,0.0861,0.0033,-0.0552,162.0,-0.1649,0.8409,208.0,-0.0108,0.1944,1764.0,0.0305,-0.0104,430070.0,-0.0151,0.184,275,-0.1694,-0.1381,1.4595,0.033,1.0777,0.0
202012,53071,"walla walla, wa",416945.0,0.0442,0.0516,53,-0.1102,-0.5898,41.0,0.0452,-0.4953,46,0.0,0.3529,0,,,0.0,0.0,0.0,10.0,-0.4444,-0.375,0.0616,-0.0326,-0.0027,79.0,-0.2651,-0.1413,185.0,0.0013,0.0964,2186.0,-0.0226,-0.0788,599310.0,0.005,0.3224,132,-0.2102,-0.4116,1.5048,-0.3173,0.786,0.0
202012,53053,"pierce, wa",497475.0,0.0158,0.1242,558,-0.2342,-0.5368,42.0,0.1053,-0.2364,804,-0.1317,0.3581,88,0.0476,0.4667,0.029,0.0061,0.0081,106.0,-0.47,-0.4362,0.0344,-0.0181,-0.0274,1717.0,-0.1439,0.6145,249.0,0.001,0.1636,2012.0,0.0063,-0.0672,610253.0,-0.0101,0.1461,2275,-0.1678,0.0042,3.0798,0.325,2.1961,0.0
202012,53035,"kitsap, wa",470569.0,-0.0586,0.0504,206,-0.1813,-0.4988,45.0,0.2448,-0.2426,210,-0.25,0.1932,4,-0.8182,-0.75,0.0043,-0.016,-0.0119,56.0,-0.125,-0.2222,0.053,0.0013,-0.0192,583.0,-0.1024,0.5609,259.0,0.0099,0.1576,1920.0,-0.0197,-0.06,697673.0,-0.0234,0.1586,784,-0.1284,0.0006,2.837,0.2493,1.926,0.0
202012,53007,"chelan, wa",446225.0,-0.0055,-0.0581,114,-0.3028,-0.6136,84.0,0.3589,-0.174,52,-0.3333,-0.2353,0,,,0.0,0.0,0.0,18.0,-0.3077,-0.3077,0.0737,-0.0106,0.0072,72.0,-0.1166,0.8701,275.0,0.0225,0.1125,1772.0,-0.0458,-0.0118,582978.0,0.0048,-0.0014,190,-0.2245,-0.4311,0.6316,0.1331,0.5011,0.0
202012,53027,"grays harbor, wa",284900.0,0.0381,0.1632,123,-0.1119,-0.6132,54.0,0.2022,-0.3779,76,-0.2549,-0.0732,2,-0.5,0.0,0.0044,-0.004,0.0007,14.0,-0.5333,-0.5,0.0355,-0.0286,-0.022,227.0,-0.0194,1.0359,190.0,0.0413,0.158,1454.0,0.0143,0.0005,365565.0,0.0288,0.3693,350,-0.0591,-0.1832,1.8455,0.174,1.4949,0.0
202012,53019,"ferry, wa",290000.0,-0.0194,-0.2461,20,-0.0909,-0.3333,123.0,0.272,-0.4056,2,0.0,,0,,,0.0,0.0,0.0,0.0,-1.0,,0.0,-0.0488,0.0,14.0,-0.1563,1.4545,152.0,-0.0857,-0.0167,1888.0,0.0431,0.0064,359558.0,0.0,-0.0861,33,-0.1081,-0.0435,0.675,-0.0523,0.4917,1.0
202012,53077,"yakima, wa",342560.0,-0.0185,0.0707,170,-0.0836,-0.4435,47.0,0.0941,-0.2051,84,-0.4324,-0.1429,2,-0.5,0.0,0.0041,-0.0024,0.0007,54.0,-0.069,0.0385,0.1069,0.0129,0.0176,214.0,-0.1882,0.1731,184.0,-0.0095,0.1622,1927.0,0.0115,-0.0549,425599.0,-0.019,0.172,384,-0.1449,-0.2068,1.2559,-0.1619,0.6601,0.0
202012,53025,"grant, wa",285000.0,-0.0432,-0.0171,114,-0.1128,-0.4439,60.0,0.1333,-0.2917,80,0.3333,1.0,10,4.0,,0.025,0.0206,0.025,18.0,-0.4375,0.125,0.0441,-0.0318,-0.0026,195.0,-0.167,1.1977,173.0,0.0184,0.1475,1665.0,-0.0148,-0.1038,339971.0,-0.0096,-0.0625,309,-0.1466,0.0547,1.7061,-0.111,1.2744,1.0
202012,53037,"kittitas, wa",612000.0,0.0294,0.5494,44,-0.3282,-0.6054,63.0,0.3457,-0.2515,22,-0.3889,-0.0833,8,3.0,,0.0476,0.04,0.0476,8.0,-0.2,-0.6,0.0476,0.0129,-0.0509,98.0,-0.3758,0.5194,301.0,0.057,0.3122,2069.0,0.0101,0.1645,1371229.0,0.0821,0.5131,145,-0.3483,-0.1808,2.2273,-0.1697,1.6488,1.0
202012,53061,"snohomish, wa",570750.0,0.0377,0.0687,386,-0.3064,-0.6343,43.0,0.1467,-0.2389,626,-0.1183,0.1099,82,0.64,1.5625,0.0301,0.0142,0.0176,84.0,-0.3824,-0.4815,0.0328,-0.0101,-0.0297,1561.0,-0.1653,0.6104,294.0,0.0113,0.121,1937.0,0.0385,-0.0911,702480.0,0.0402,0.105,1944,-0.1984,-0.0369,4.0427,0.6834,3.1247,1.0
202012,53057,"skagit, wa",547475.0,0.0647,0.2331,111,-0.1747,-0.6378,52.0,0.0663,-0.2818,102,-0.1207,0.3784,0,,,0.0,0.0,0.0,14.0,-0.5333,-0.3636,0.033,-0.0319,-0.0111,206.0,-0.1793,0.7167,289.0,0.0034,0.2419,2008.0,0.0559,0.0404,745762.0,0.0607,0.2025,320,-0.1753,-0.2453,1.8559,-0.0103,1.4643,0.0
202012,53017,"douglas, wa",382400.0,-0.0115,0.0092,49,-0.1091,-0.5124,59.0,0.2826,-0.0167,26,-0.1333,-0.0714,0,,,0.0,0.0,0.0,4.0,-0.6,1.0,0.0354,-0.0467,0.0249,32.0,-0.16,-0.125,210.0,-0.0009,0.0153,1956.0,-0.0669,0.0228,480771.0,-0.0444,-0.0968,80,-0.1452,-0.4197,0.6429,-0.039,0.2846,0.0
202011,53027,"grays harbor, wa",274450.0,0.0308,0.1089,139,-0.3373,-0.611,45.0,-0.101,-0.4295,102,-0.1774,0.1087,4,-0.5,0.0,0.0085,-0.0068,0.0014,30.0,-0.0625,-0.4643,0.0641,0.0036,-0.0304,232.0,0.1633,0.7538,182.0,0.0344,0.1215,1434.0,-0.0612,-0.0379,355326.0,0.0709,0.2827,372,-0.0558,-0.2393,1.6715,0.7193,1.3007,0.0
202011,53049,"pacific, wa",302000.0,0.01,0.1507,74,-0.265,-0.51,65.0,0.1944,-0.3418,28,-0.5,-0.3,0,-1.0,-1.0,0.0,-0.0316,-0.0178,16.0,-0.4286,0.0,0.0838,-0.0287,0.0304,87.0,-0.0798,1.0595,192.0,-0.0044,0.1097,1670.0,0.0776,0.0459,413190.0,0.0982,0.2374,162,-0.1632,-0.15,1.1769,0.2369,0.8969,0.0
202011,53013,"columbia, wa",379450.0,0.1679,0.6872,7,-0.4583,-0.7292,62.0,0.24,-0.3981,2,-0.5,,0,,,0.0,0.0,0.0,0.0,,-1.0,0.0,0.0,-0.1,15.0,-0.1176,0.1538,208.0,-0.0084,0.7198,1965.0,0.1027,-0.0433,399652.0,0.21,0.4843,22,-0.2321,-0.4189,2.3077,0.891,1.766,1.0
202011,53007,"chelan, wa",448675.0,-0.0825,-0.0452,164,-0.1946,-0.5407,62.0,0.4762,-0.2439,78,-0.25,0.1471,0,,,0.0,0.0,0.0,26.0,-0.35,-0.4583,0.0843,-0.0291,-0.0376,82.0,0.0188,0.4554,269.0,0.0022,0.1145,1857.0,-0.0789,-0.0112,580190.0,-0.0322,-0.0146,245,-0.1373,-0.4053,0.4985,0.1044,0.3412,0.0
202011,53063,"spokane, wa",375000.0,-0.026,0.0714,525,-0.1766,-0.5052,50.0,0.1056,0.157,578,-0.2435,-0.0034,54,-0.3571,0.2273,0.0223,-0.0057,0.0059,142.0,-0.3983,-0.5506,0.0572,-0.0201,-0.0608,1381.0,-0.1287,0.2658,170.0,0.0287,0.1352,2254.0,-0.0211,-0.0378,473383.0,0.0102,0.1054,1903,-0.142,-0.1145,2.633,0.1448,1.6037,0.0
202011,53025,"grant, wa",297875.0,0.0836,0.0151,129,-0.4078,-0.4461,53.0,0.1413,-0.3,60,-0.3478,0.25,2,-0.5,-0.5,0.0044,-0.0033,-0.0052,32.0,-0.2,0.3333,0.0759,-0.0078,0.0119,234.0,0.1793,1.2028,170.0,0.0169,0.134,1690.0,0.0431,-0.119,343270.0,0.0454,-0.0516,362,-0.1161,0.0664,1.8171,0.9047,1.3602,0.0
202011,53059,"skamania, wa",662475.0,0.0192,0.4155,11,-0.0833,-0.78,121.0,0.1415,0.4756,6,0.5,0.5,2,-0.5,,0.0714,-0.0824,0.0714,4.0,-0.75,-0.6667,0.1667,-0.2949,0.0376,8.0,-0.375,-0.5,257.0,-0.0034,0.195,2750.0,0.1312,0.2093,830292.0,0.0524,0.5145,18,-0.25,-0.7049,0.6818,-0.3182,0.3818,0.0
202011,53055,"san juan, wa",969000.0,0.1864,0.2439,75,-0.4094,-0.6462,96.0,0.4328,-0.3287,18,-0.5,0.125,0,-1.0,,0.0,-0.0172,0.0,4.0,-0.5,-0.75,0.0221,-0.0141,-0.0469,76.0,0.6889,2.4545,466.0,0.0364,0.1,2231.0,0.1013,0.1062,2239087.0,0.3681,0.7261,153,-0.1105,-0.3462,1.0133,0.659,0.9096,0.0
202011,53003,"asotin, wa",265500.0,0.0212,0.1181,24,-0.2,-0.5636,56.0,-0.1346,0.5203,18,-0.25,-0.1,2,,,0.023,0.023,0.023,6.0,-0.25,-0.25,0.0638,-0.0018,-0.0695,48.0,-0.1724,18.2,140.0,-0.0058,0.1337,2224.0,0.009,0.0848,472666.0,0.0314,0.4926,73,-0.1667,0.2719,2.0,0.0667,1.9545,0.0
202011,53071,"walla walla, wa",399300.0,0.0109,0.0511,59,-0.1571,-0.6467,39.0,-0.0064,-0.3945,46,-0.1786,-0.2813,0,,,0.0,0.0,0.0,18.0,0.125,-0.625,0.0942,0.0278,-0.0508,108.0,-0.0966,0.0644,185.0,0.0117,0.1288,2236.0,0.0333,-0.0391,596320.0,0.1819,0.424,167,-0.1591,-0.3764,1.822,0.122,1.2172,0.0
202011,53053,"pierce, wa",489750.0,0.0421,0.1524,728,-0.3943,-0.5306,38.0,0.1176,-0.1556,926,-0.2532,0.1077,84,-0.2759,0.3125,0.0229,-0.0037,0.0035,200.0,-0.2647,-0.5726,0.0525,-0.0135,-0.0745,2006.0,0.0788,0.6096,249.0,0.0238,0.1789,1999.0,-0.0128,-0.0438,616488.0,0.0573,0.206,2733,-0.1069,-0.0404,2.7548,1.2082,1.9515,0.0
202011,53021,"franklin, wa",382823.0,0.0077,0.2023,106,-0.0231,-0.2919,47.0,0.5583,-0.1652,92,0.0455,0.0,20,1.5,4.0,0.0552,0.0334,0.0413,24.0,-0.1429,-0.25,0.0649,-0.0005,-0.0318,165.0,0.051,1.1711,194.0,0.0095,0.0992,2014.0,0.0036,0.0351,402508.0,0.0036,0.1401,272,0.0264,0.1982,1.564,0.1103,1.0539,0.0
202011,53017,"douglas, wa",386850.0,-0.028,0.021,55,0.0185,-0.4907,46.0,0.0,-0.1154,30,-0.4231,-0.25,0,,,0.0,0.0,0.0,10.0,-0.1667,-0.5833,0.082,0.0075,-0.0256,38.0,-0.25,-0.1279,210.0,-0.0119,0.0363,2096.0,0.0296,0.0781,503120.0,-0.0288,-0.0399,93,-0.1468,-0.38,0.6818,-0.2441,0.2837,0.0
202011,53041,"lewis, wa",342225.0,0.0095,0.1075,136,-0.3874,-0.4982,58.0,0.16,-0.0169,70,-0.3269,-0.2045,4,-0.5,,0.0113,-0.0067,0.0113,32.0,-0.2,-0.4286,0.0829,-0.0068,-0.0416,194.0,0.2516,1.0638,211.0,0.0182,0.2211,1711.0,0.0054,-0.0397,436652.0,0.0337,0.219,331,-0.1187,-0.087,1.4265,0.7283,1.0796,0.0
202011,53005,"benton, wa",412475.0,0.0062,0.1301,308,-0.1468,-0.4133,43.0,0.1944,-0.0444,242,-0.2622,0.1204,10,-0.6429,0.25,0.0124,-0.0139,0.0044,96.0,0.0,-0.4894,0.1127,0.0149,-0.0662,291.0,-0.0991,0.0505,193.0,0.0023,0.1222,2250.0,0.0003,-0.0317,477544.0,0.0175,0.1654,604,-0.1177,-0.2466,0.9448,0.0501,0.4172,0.0
202011,53009,"clallam, wa",426000.0,0.039,-0.007,111,-0.2871,-0.57,63.0,0.2019,-0.1935,62,-0.2619,0.1071,0,,,0.0,0.0,0.0,26.0,0.0833,-0.4583,0.0784,0.0186,-0.0285,161.0,-0.1083,0.1383,220.0,-0.0377,0.045,1855.0,-0.0493,-0.0894,609604.0,-0.0135,0.2241,274,-0.1672,-0.3028,1.4525,0.2912,0.9039,0.0
202011,53019,"ferry, wa",295725.0,0.0128,0.0199,22,-0.0833,-0.4211,97.0,0.331,-0.2058,2,-0.75,-0.5,0,,,0.0,0.0,0.0,2.0,-0.5,,0.0488,-0.0382,0.0488,16.0,0.1429,7.0,167.0,0.0261,0.1318,1810.0,0.0343,0.0067,359561.0,0.0406,-0.0763,37,-0.0263,-0.075,0.7273,0.1439,0.6746,0.0
202011,53033,"king, wa",696625.0,-0.0034,-0.0034,2844,-0.2436,-0.2458,43.0,0.2143,-0.1981,1926,-0.3476,0.2346,80,0.0,0.8182,0.0104,0.0028,0.0052,800.0,-0.3569,-0.115,0.0932,-0.0272,-0.0302,3514.0,-0.0514,0.4689,474.0,0.031,0.2077,1553.0,-0.0529,-0.2115,1068557.0,0.0121,0.0157,6342,-0.1478,0.0165,1.2354,0.2503,0.6011,0.0
202011,53037,"kittitas, wa",594500.0,0.0721,0.4698,66,-0.3991,-0.5483,47.0,0.119,-0.4405,36,-0.55,0.125,2,-0.5,,0.0075,-0.0044,0.0075,10.0,-0.5833,-0.6429,0.0346,-0.043,-0.071,157.0,0.0608,1.0658,285.0,0.1007,0.1977,2049.0,-0.047,0.0708,1267192.0,0.2163,0.575,223,-0.1376,0.0023,2.3969,1.0391,1.8728,0.0
202011,53061,"snohomish, wa",550000.0,0.0,0.0377,557,-0.3647,-0.6073,38.0,0.25,-0.1667,710,-0.4003,-0.0851,50,-0.4318,0.1364,0.0159,-0.0077,0.0027,136.0,-0.3929,-0.6909,0.0429,-0.014,-0.0893,1870.0,-0.0437,0.6827,290.0,0.0062,0.0983,1865.0,-0.0278,-0.1154,675338.0,0.0252,0.0865,2425,-0.1347,-0.0632,3.3594,1.1277,2.5753,1.0
202011,53015,"cowlitz, wa",362425.0,0.007,0.1329,123,-0.3351,-0.5927,45.0,0.0349,-0.2193,116,-0.1714,0.0357,36,-0.3571,0.2857,0.0771,-0.0255,0.018,80.0,0.0,-0.3103,0.1576,0.01,-0.0601,251.0,0.0438,0.5559,202.0,-0.0147,0.1634,1802.0,0.009,-0.0058,410043.0,-0.008,-0.0173,374,-0.0709,-0.1511,2.0366,0.7393,1.5035,0.0
202011,53035,"kitsap, wa",499875.0,0.0436,0.0752,251,-0.3395,-0.5335,36.0,0.1917,-0.2474,280,-0.2708,0.0769,22,0.8333,0.8333,0.0202,0.0117,0.0109,64.0,-0.4483,-0.5429,0.0518,-0.0282,-0.054,650.0,-0.0023,0.4863,257.0,0.02,0.132,1959.0,-0.0089,-0.0718,714408.0,0.0324,0.1263,900,-0.1259,-0.0868,2.5876,0.8745,1.7754,0.0
202011,53011,"clark, wa",471000.0,0.0229,0.0299,707,-0.1549,-0.5321,62.0,0.042,-0.1268,562,-0.3113,-0.1164,532,-0.257,1.1803,0.1833,-0.0203,0.1035,378.0,-0.133,-0.3942,0.1193,-0.0067,-0.0624,1730.0,-0.0373,0.3474,236.0,0.0096,0.1217,2086.0,-0.0067,-0.077,627011.0,0.0212,0.1218,2432,-0.0727,-0.131,2.4487,0.2992,1.5984,0.0
202011,53075,"whitman, wa",323650.0,0.0594,0.2032,64,-0.0929,-0.3586,72.0,0.3846,-0.1628,22,-0.5417,-0.3125,0,-1.0,,0.0,-0.0242,0.0,14.0,-0.5625,-0.3,0.1115,-0.0768,-0.0015,41.0,-0.1563,0.5,150.0,0.0526,0.1554,2181.0,0.0344,0.0324,347058.0,0.0314,0.1919,105,-0.1102,-0.16,0.6378,-0.0479,0.3651,0.0
202011,53069,"wahkiakum, wa",387000.0,-0.1233,0.2208,13,-0.3158,-0.5,56.0,0.4051,-0.5297,6,0.5,0.5,0,,,0.0,0.0,0.0,2.0,-0.5,-0.5,0.0741,-0.0639,-0.0436,11.0,0.3125,0.05,222.0,0.0584,0.3663,2480.0,0.1549,0.1335,515443.0,-0.0495,0.2435,24,-0.06,-0.3286,0.8077,0.3866,0.4231,0.0
202011,53039,"klickitat, wa",524500.0,-0.0196,0.0511,29,-0.2875,-0.5986,55.0,-0.123,-0.4122,10,-0.6875,-0.1667,10,0.25,1.5,0.0985,0.0329,0.0648,10.0,-0.5,-0.5833,0.0976,-0.0802,-0.1024,55.0,0.0577,0.4474,272.0,0.0935,0.3014,2077.0,-0.0422,-0.1277,648653.0,-0.0226,0.0105,83,-0.0833,-0.2431,1.9298,0.6298,1.3946,0.0
202011,53045,"mason, wa",337250.0,-0.0364,0.0707,73,-0.3803,-0.6659,45.0,0.3284,-0.2393,62,-0.38,-0.1842,2,,-0.5,0.0076,0.0076,-0.0023,24.0,-0.1429,-0.5385,0.074,-0.0046,-0.0455,151.0,-0.0258,0.313,220.0,0.0178,0.1997,1559.0,-0.1094,-0.0756,441803.0,-0.0296,0.1561,226,-0.174,-0.3426,2.0828,0.758,1.5528,0.0
202011,53031,"jefferson, wa",507450.0,0.0159,0.0463,72,-0.1588,-0.4781,53.0,-0.1393,-0.2657,48,0.0909,0.5,2,,,0.0105,0.0105,0.0105,4.0,-0.75,-0.8333,0.0231,-0.0569,-0.0855,70.0,-0.0789,0.4286,292.0,0.0095,0.1609,1696.0,-0.0024,-0.1219,693774.0,0.0471,0.2099,141,-0.1273,-0.2405,0.979,0.0849,0.6214,0.0
202011,53077,"yakima, wa",349000.0,0.0205,0.0822,186,-0.0678,-0.4396,43.0,0.4167,-0.1981,148,0.0,0.0882,4,,0.0,0.0065,0.0065,0.001,58.0,-0.0938,-0.3095,0.094,-0.0079,-0.0217,263.0,-0.0674,0.2524,186.0,0.0361,0.165,1905.0,-0.005,-0.0405,433834.0,0.053,0.1823,449,-0.0637,-0.1771,1.4178,0.0007,0.7833,0.0
202011,53029,"island, wa",591988.0,0.0783,0.1959,109,-0.358,-0.6682,42.0,0.2727,-0.3488,112,-0.2222,0.037,2,,-0.5,0.0046,0.0046,-0.002,28.0,-0.125,-0.4615,0.0713,-0.0003,-0.0378,190.0,0.1698,0.5661,298.0,0.0458,0.1932,2068.0,0.0527,0.0575,868586.0,0.1148,0.3579,298,-0.0997,-0.3451,1.7465,0.788,1.3765,0.0
202011,53051,"pend oreille, wa",375000.0,-0.0129,0.0349,35,-0.2045,-0.5625,80.0,0.06,-0.1405,10,-0.375,-0.1667,0,,,0.0,0.0,0.0,4.0,-0.5,-0.6667,0.0483,-0.0317,-0.0543,39.0,-0.22,0.3448,216.0,0.0437,0.0983,1845.0,-0.1575,-0.1214,531328.0,-0.0448,0.0948,73,-0.2065,-0.3178,1.1143,-0.0221,0.7518,0.0
202011,53047,"okanogan, wa",354700.0,0.0435,0.0814,77,-0.4296,-0.6368,86.0,0.5926,-0.2252,16,-0.3333,-0.3333,0,,,0.0,0.0,0.0,6.0,-0.25,-0.7,0.0347,-0.0018,-0.0324,83.0,0.2692,0.7188,236.0,0.0564,0.2854,1796.0,0.054,0.0222,618247.0,0.1309,0.391,159,-0.1872,-0.395,1.0714,0.5899,0.845,0.0
202011,53023,"garfield, wa",241175.0,0.0267,0.5763,5,0.25,-0.375,50.0,0.6667,-0.6094,2,,,0,,,0.0,0.0,0.0,0.0,-1.0,,0.0,-0.2857,0.0,3.0,-0.5,0.25,85.0,-0.0137,0.3133,2357.0,0.0558,0.2635,278567.0,0.1659,0.7752,7,-0.2222,-0.3,0.5,-0.75,0.25,1.0
202011,53073,"whatcom, wa",444950.0,-0.0431,-0.0111,346,-0.3422,-0.5637,57.0,0.2841,-0.1172,188,-0.3896,-0.1132,10,0.25,1.5,0.0099,0.0025,0.0069,56.0,-0.2632,-0.6585,0.0562,-0.0136,-0.0732,441.0,0.1575,0.8299,268.0,0.0132,0.1153,1715.0,-0.0391,-0.0994,598974.0,-0.0062,0.0768,789,-0.1282,-0.2377,1.2746,0.5502,0.9707,0.0
202011,53065,"stevens, wa",357125.0,0.0504,0.2106,83,-0.2385,-0.5677,80.0,0.2422,-0.1359,48,-0.1429,0.5,0,,,0.0,0.0,0.0,18.0,-0.25,-0.1,0.0733,-0.0021,-0.0048,111.0,-0.2432,0.9732,177.0,0.0464,0.1972,1982.0,0.0243,-0.0166,418271.0,0.0108,0.1054,190,-0.2636,-0.2213,1.3313,-0.0081,1.0397,0.0
202011,53043,"lincoln, wa",368750.0,-0.0167,0.3657,34,0.0303,-0.2273,61.0,-0.1357,-0.3495,10,-0.1667,0.25,0,,,0.0,0.0,0.0,6.0,0.5,0.5,0.1087,0.0524,0.0452,20.0,-0.371,0.95,155.0,0.0797,0.0496,2171.0,-0.1133,0.1467,385973.0,-0.0664,0.1146,53,-0.1797,-0.0455,0.5735,-0.3659,0.3463,0.0
202011,53001,"adams, wa",218453.0,-0.0868,0.2854,20,-0.6429,-0.4444,80.0,0.194,-0.1919,4,-0.5,-0.75,0,,,0.0,0.0,0.0,0.0,-1.0,,0.0,-0.0471,0.0,56.0,1.3125,2.2647,121.0,-0.2647,0.2479,1517.0,0.0302,-0.1758,226908.0,-0.0323,0.0568,76,-0.0443,0.4519,2.775,2.3464,2.3028,1.0
202011,53067,"thurston, wa",449950.0,0.0843,0.1277,198,-0.4747,-0.6435,39.0,0.2661,-0.2304,280,-0.2708,-0.0141,12,-0.25,0.0,0.0112,-0.0022,0.0016,36.0,-0.5,-0.6667,0.0337,-0.0232,-0.0498,592.0,0.0803,0.4726,229.0,0.0323,0.1448,2041.0,0.0507,0.0029,622000.0,0.1464,0.2696,790,-0.1228,-0.181,2.9975,1.54,2.2718,0.0
202011,53057,"skagit, wa",514225.0,0.0516,0.1959,135,-0.3914,-0.6211,49.0,0.1951,-0.2794,116,-0.3095,0.2609,0,-1.0,,0.0,-0.0199,0.0,30.0,-0.4231,-0.5588,0.0649,-0.0192,-0.0502,251.0,0.0546,0.5494,288.0,0.0568,0.273,1902.0,-0.0236,-0.015,703083.0,0.042,0.1444,388,-0.1547,-0.2665,1.8662,0.7892,1.4098,0.0
202010,53059,"skamania, wa",650000.0,-0.0868,0.3805,12,-0.25,-0.7576,106.0,0.9099,0.6434,4,-0.6,-0.5,4,1.0,,0.1538,0.1216,0.1538,16.0,1.6667,0.3333,0.4615,0.3363,0.2858,12.0,-0.5714,11.0,258.0,-0.0648,0.2428,2431.0,0.0004,0.0524,788980.0,-0.0778,0.4572,24,-0.4607,-0.52,1.0,-0.75,0.9798,0.0
202010,53047,"okanogan, wa",339900.0,0.0475,0.0171,135,-0.1089,-0.428,54.0,0.0746,-0.493,24,-0.6,-0.5556,0,-1.0,,0.0,-0.0156,0.0,8.0,-0.6667,-0.7143,0.0365,-0.0466,-0.0457,65.0,-0.0076,0.6667,223.0,0.1748,0.1427,1704.0,0.0422,-0.0263,546683.0,0.0998,0.2324,195,-0.0972,-0.2896,0.4815,0.0491,0.3162,0.0
202010,53015,"cowlitz, wa",359900.0,-0.0125,0.1639,185,-0.1355,-0.3984,43.0,0.1242,-0.0549,140,-0.1026,-0.0667,56,0.2727,3.6667,0.1026,0.0279,0.0807,80.0,0.2121,0.0256,0.1476,0.0404,0.0006,240.0,-0.0303,2.0968,205.0,0.0264,0.1966,1786.0,-0.0259,-0.0083,413361.0,-0.0111,0.0471,402,-0.0662,0.0442,1.2973,0.1408,1.0453,0.0
202010,53073,"whatcom, wa",465000.0,0.0099,0.0358,526,-0.069,-0.3957,44.0,0.0115,-0.2212,308,-0.2451,-0.172,8,-0.3333,0.0,0.0075,-0.002,0.0024,76.0,-0.2549,-0.6449,0.0698,-0.0049,-0.0702,381.0,0.0228,0.3779,264.0,0.0012,0.099,1785.0,0.0116,-0.0575,602693.0,0.0369,0.0792,905,-0.0279,-0.2117,0.7243,0.065,0.4067,0.0
202010,53025,"grant, wa",274900.0,-0.0147,-0.0601,217,0.0284,-0.2166,46.0,-0.0213,-0.2459,92,-0.3521,0.3143,4,,,0.0078,0.0078,0.0078,40.0,-0.0476,-0.2857,0.0837,0.0107,-0.0338,198.0,-0.0571,0.6163,167.0,-0.0075,0.0986,1620.0,0.0003,-0.1262,328376.0,-0.0078,-0.0787,409,-0.0376,0.0187,0.9124,-0.0828,0.4702,0.0
202010,53033,"king, wa",699000.0,-0.0014,-0.0004,3760,-0.0169,-0.21,35.0,0.0294,-0.2045,2952,-0.3093,0.2626,80,-0.1667,1.3529,0.0076,-0.0014,0.0041,1244.0,-0.1289,-0.2924,0.1204,0.0013,-0.0614,3704.0,-0.0232,0.4646,460.0,0.021,0.2032,1640.0,-0.0381,-0.1761,1055805.0,0.0036,0.0249,7442,-0.0207,0.0236,0.9851,-0.0064,0.4537,0.0
202010,53035,"kitsap, wa",479000.0,0.0066,0.0032,380,-0.072,-0.3374,30.0,-0.0625,-0.3617,384,-0.2351,0.1294,12,-0.6667,-0.6842,0.0085,-0.0115,-0.0178,116.0,0.0943,-0.2927,0.08,0.0129,-0.0333,651.0,-0.0363,0.269,252.0,0.0416,0.1107,1976.0,-0.0394,-0.0788,691980.0,0.0127,0.0592,1029,-0.0512,-0.0529,1.7132,0.0636,0.8187,0.0
202010,53005,"benton, wa",409950.0,-0.0038,0.1671,361,-0.0322,-0.3616,36.0,-0.04,-0.191,328,-0.018,0.0649,28,-0.4615,0.4,0.0263,-0.0241,0.0103,96.0,-0.1111,-0.5514,0.0977,-0.0066,-0.0874,323.0,-0.0914,0.0949,193.0,0.0026,0.1345,2249.0,-0.0291,0.0182,469309.0,0.0123,0.2094,684,-0.0617,-0.2065,0.8947,-0.0583,0.3731,0.0
202010,53067,"thurston, wa",414950.0,-0.0061,0.04,376,-0.0347,-0.3749,31.0,0.1071,-0.3034,384,-0.2615,0.2308,16,0.0,0.6,0.0134,0.0027,0.0064,72.0,-0.3333,-0.5765,0.0569,-0.0069,-0.0686,548.0,-0.0428,0.2455,221.0,0.0142,0.1138,1942.0,-0.036,-0.0566,542562.0,0.0027,0.1034,900,-0.0678,-0.1371,1.4574,-0.0124,0.7259,0.0
202010,53071,"walla walla, wa",395000.0,-0.0578,0.0568,70,-0.1908,-0.6067,39.0,0.0196,-0.22,56,-0.1515,-0.1765,0,,,0.0,0.0,0.0,16.0,-0.5556,-0.7647,0.0664,-0.0726,-0.1118,119.0,0.0485,-0.1218,182.0,0.0037,0.1253,2164.0,-0.114,-0.0439,504531.0,-0.0573,0.2195,198,0.0154,-0.3644,1.7,0.3879,0.9388,0.0
202010,53045,"mason, wa",350000.0,-0.0378,0.0769,117,-0.093,-0.5348,34.0,-0.1355,-0.3796,100,-0.1935,-0.0385,0,-1.0,,0.0,-0.0111,0.0,28.0,-0.2222,-0.4815,0.0787,-0.0019,-0.0289,155.0,-0.0373,0.1314,216.0,-0.0191,0.1326,1750.0,0.0542,0.0116,455281.0,-0.0013,0.1151,273,-0.057,-0.2964,1.3248,0.0767,0.7801,0.0
202010,53061,"snohomish, wa",550000.0,-0.0054,0.0361,876,-0.072,-0.5081,30.0,0.0345,-0.2208,1184,-0.243,0.2008,88,-0.4054,0.2941,0.0236,-0.0139,0.0069,224.0,-0.0588,-0.6364,0.0569,0.0047,-0.1013,1955.0,-0.0129,0.6803,288.0,0.0105,0.0875,1918.0,-0.0254,-0.0798,658732.0,0.0133,0.0694,2802,-0.0443,-0.0495,2.2317,0.1337,1.5785,0.0
202010,53021,"franklin, wa",379900.0,-0.0125,0.1733,108,0.1368,-0.2394,30.0,-0.0476,-0.4059,88,-0.1698,0.0476,8,-0.7143,,0.0218,-0.054,0.0218,28.0,0.4,-0.3333,0.0654,0.0069,-0.0962,157.0,0.0329,1.2754,192.0,0.0172,0.1489,2007.0,-0.0555,-0.0112,401061.0,0.002,0.1366,265,0.0794,0.2441,1.4537,-0.1463,0.9678,0.0
202010,53003,"asotin, wa",260000.0,-0.0176,0.0182,30,0.0169,-0.3684,65.0,0.4525,0.6883,24,-0.3333,-0.1429,0,,,0.0,0.0,0.0,8.0,0.3333,0.3333,0.0656,0.0203,0.0063,58.0,-0.0569,37.6667,141.0,0.0342,0.2468,2204.0,0.0078,-0.1034,458272.0,0.3134,0.4311,87,-0.0543,0.74,1.9333,-0.1514,1.9018,0.0
202010,53069,"wahkiakum, wa",441450.0,-0.0179,0.3942,19,0.3103,-0.3333,40.0,-0.1684,-0.5885,4,-0.6,0.0,0,,,0.0,0.0,0.0,4.0,,-0.3333,0.1379,0.1379,-0.0072,8.0,-0.0588,0.0667,209.0,0.0407,0.1588,2147.0,-0.0142,0.1659,542277.0,-0.0324,0.4883,25,0.087,-0.2857,0.4211,-0.1652,0.1579,0.0
202010,53051,"pend oreille, wa",379900.0,-0.0519,0.0339,44,-0.0833,-0.56,75.0,0.3699,0.0169,16,-0.3333,-0.2727,0,,,0.0,0.0,0.0,8.0,0.0,0.0,0.08,0.0104,0.0287,50.0,-0.0291,0.2658,207.0,-0.0376,0.0643,2190.0,-0.0855,0.033,556262.0,-0.0157,0.1927,92,-0.0366,-0.326,1.1364,0.0634,0.7414,0.0
202010,53013,"columbia, wa",324900.0,0.2884,0.3347,12,-0.2727,-0.5932,50.0,-0.1031,-0.4819,4,-0.5,-0.7143,0,,,0.0,0.0,0.0,0.0,-1.0,-1.0,0.0,-0.1061,-0.1984,17.0,0.0968,0.1724,210.0,0.6032,0.6161,1782.0,0.0215,-0.0568,330300.0,0.2488,0.2104,28,-0.125,-0.3636,1.4167,0.4773,0.9251,1.0
202010,53027,"grays harbor, wa",266250.0,0.0143,0.1059,209,-0.1011,-0.4682,50.0,0.1,-0.2471,124,-0.2346,-0.0159,8,1.0,0.0,0.0153,0.0073,0.0034,32.0,-0.2727,-0.6923,0.0605,-0.0108,-0.0888,199.0,-0.0316,0.2839,176.0,0.0301,0.0878,1527.0,0.0066,0.0126,331807.0,0.03,0.1886,394,-0.1056,-0.2823,0.9522,0.0683,0.5578,0.0
202010,53043,"lincoln, wa",375000.0,0.0715,0.2935,33,-0.0571,-0.2747,70.0,0.0256,0.0219,12,0.0,-0.1429,0,,,0.0,0.0,0.0,4.0,-0.6,-0.5,0.0563,-0.0861,-0.055,31.0,0.0164,1.3846,143.0,0.0576,-0.0277,2448.0,0.1162,0.1342,413407.0,0.0483,0.1632,64,0.0079,0.1034,0.9394,0.068,0.6537,0.0
202010,53049,"pacific, wa",299000.0,0.051,0.1236,100,-0.1701,-0.3921,54.0,-0.0962,-0.3533,56,0.0769,0.6471,8,1.0,,0.0316,0.0178,0.0316,28.0,0.1667,-0.125,0.1125,0.0233,-0.0292,94.0,-0.0784,3.087,192.0,0.0125,0.1066,1550.0,-0.0215,-0.0322,376250.0,0.0162,0.1058,193,-0.1267,0.0404,0.94,0.0935,0.8002,0.0
202010,53037,"kittitas, wa",554500.0,0.0273,0.3889,109,-0.0723,-0.4092,42.0,-0.087,-0.4105,80,-0.1304,0.0811,4,1.0,,0.0119,0.0045,0.0119,24.0,0.0,-0.4,0.0777,0.011,-0.0342,148.0,-0.01,0.7209,259.0,0.0625,0.098,2150.0,-0.015,0.1827,1041855.0,0.0349,0.4054,258,-0.0337,-0.0444,1.3578,0.0855,0.8917,0.0
202010,53011,"clark, wa",460450.0,-0.0038,0.0081,836,-0.1121,-0.5138,60.0,0.1667,0.0531,816,-0.0121,0.0765,716,0.2218,8.1795,0.2036,0.0461,0.1735,436.0,-0.1315,-0.3607,0.126,-0.009,-0.1393,1797.0,-0.0522,19.4205,234.0,0.0341,0.128,2100.0,-0.0237,-0.0707,613968.0,0.0554,0.1341,2622,-0.0753,0.4506,2.1495,0.1357,2.0983,0.0
202010,53031,"jefferson, wa",499500.0,0.0696,0.0573,85,-0.213,-0.4801,61.0,0.1193,0.1845,44,-0.3333,-0.2667,0,,,0.0,0.0,0.0,16.0,-0.4667,-0.6923,0.08,-0.0353,-0.1102,76.0,-0.044,0.6,289.0,0.0373,0.1538,1700.0,-0.0202,-0.1218,662561.0,0.0912,0.1613,161,-0.1459,-0.237,0.8941,0.158,0.6036,0.0
202010,53041,"lewis, wa",339000.0,0.0273,0.0955,222,-0.0472,-0.2029,50.0,0.2821,-0.0385,104,-0.381,-0.0189,8,0.3333,3.0,0.0179,0.0057,0.014,40.0,-0.2,-0.5349,0.0897,0.0015,-0.0882,155.0,0.0265,0.3901,207.0,0.045,0.1819,1702.0,-0.0041,-0.0356,422429.0,0.028,0.1693,375,-0.0222,-0.0397,0.6982,0.0501,0.2978,0.0
202010,53029,"island, wa",549000.0,-0.0322,0.1267,169,-0.0231,-0.5357,33.0,-0.0769,-0.431,144,-0.301,0.1429,0,-1.0,-1.0,0.0,-0.0037,-0.0033,32.0,0.4545,-0.6981,0.0716,0.0312,-0.0946,162.0,0.0385,0.2558,285.0,0.0112,0.1531,1964.0,0.0019,0.0042,779159.0,-0.0003,0.2251,331,0.0046,-0.3286,0.9586,0.0568,0.6042,0.0
202010,53039,"klickitat, wa",535000.0,0.0506,0.1157,40,-0.0361,-0.5722,63.0,-0.0935,-0.1189,32,0.6,0.4545,8,0.3333,,0.0656,0.015,0.0656,20.0,-0.1667,0.25,0.1778,-0.0099,0.0433,52.0,-0.0714,33.6667,248.0,0.0923,0.1171,2168.0,-0.0125,-0.0263,663673.0,0.0187,0.0757,90,-0.0909,-0.0576,1.3,-0.0494,1.284,0.0
202010,53007,"chelan, wa",489000.0,0.0032,0.0633,203,-0.0814,-0.5037,42.0,0.1351,-0.4,104,-0.2571,-0.358,0,,-1.0,0.0,0.0,-0.0801,40.0,-0.3548,-0.4444,0.1134,-0.0157,-0.0042,80.0,0.0063,0.2121,268.0,0.0346,0.1126,2016.0,-0.0428,0.0672,599483.0,-0.0263,0.0394,284,-0.0486,-0.4021,0.3941,0.0344,0.2327,0.0
202010,53023,"garfield, wa",234900.0,0.0467,0.8255,4,-0.2,-0.5789,30.0,-0.2357,-0.7108,0,-1.0,,0,,,0.0,0.0,0.0,4.0,,,0.2857,0.2857,0.2857,5.0,0.25,0.6667,86.0,0.1049,0.3113,2232.0,0.2066,0.1983,238925.0,0.1167,0.5416,9,0.0588,-0.28,1.25,0.45,0.9342,1.0
202010,53055,"san juan, wa",816750.0,-0.0383,0.0443,127,-0.2326,-0.4619,67.0,0.1167,-0.5064,36,0.0,1.25,4,0.0,,0.0172,0.0027,0.0172,8.0,-0.5,-0.7333,0.0362,-0.0243,-0.0724,45.0,0.0345,0.6364,450.0,0.0304,0.1033,2026.0,-0.0258,-0.0114,1636596.0,0.1974,0.2831,172,-0.1589,-0.3485,0.3543,0.0915,0.2378,1.0
202010,53017,"douglas, wa",398000.0,0.0025,0.0243,54,-0.194,-0.5113,46.0,0.2267,0.0,52,-0.1875,-0.1613,0,-1.0,-1.0,0.0,-0.0108,-0.0177,12.0,-0.3333,-0.5714,0.0745,-0.0363,-0.0486,50.0,-0.1071,-0.0909,212.0,0.0013,0.0792,2036.0,0.0265,-0.0155,518060.0,0.1018,-0.004,109,-0.084,-0.3374,0.9259,0.0901,0.4282,0.0
202010,53057,"skagit, wa",489000.0,-0.0096,0.1574,221,-0.1723,-0.4642,41.0,0.1389,-0.3051,168,-0.3,-0.0769,12,-0.3333,0.0,0.0199,-0.0043,0.0044,52.0,-0.1875,-0.4583,0.0841,0.0045,-0.0367,238.0,-0.0345,0.3561,272.0,0.0417,0.2067,1948.0,0.0231,0.034,674715.0,0.0177,0.1319,459,-0.1079,-0.2201,1.0769,0.1537,0.6515,0.0
202010,53053,"pierce, wa",469950.0,-0.0106,0.1058,1202,-0.0558,-0.3241,34.0,0.0625,-0.2093,1240,-0.2289,0.245,116,0.0175,0.6111,0.0267,0.0016,0.0088,272.0,-0.2842,-0.5436,0.066,-0.0132,-0.0757,1859.0,-0.0193,0.3486,243.0,0.0164,0.1649,2025.0,-0.0122,-0.0422,583103.0,0.0081,0.1379,3060,-0.0365,-0.0318,1.5466,0.0576,0.7715,0.0
202010,53077,"yakima, wa",342000.0,-0.088,0.0764,199,0.0815,-0.4306,30.0,0.0811,-0.375,148,-0.2673,-0.1957,0,-1.0,-1.0,0.0,-0.0061,-0.0028,64.0,0.0323,-0.4483,0.1019,0.0067,-0.0519,282.0,0.033,0.2234,180.0,0.0109,0.1353,1915.0,-0.067,-0.0027,411988.0,-0.0116,0.1417,479,0.047,-0.1691,1.4171,-0.0666,0.7576,0.0
202010,53001,"adams, wa",239221.0,0.0093,0.4134,56,-0.0508,0.2043,67.0,0.2523,-0.3128,8,-0.3333,0.3333,0,,,0.0,0.0,0.0,4.0,0.0,-0.5,0.0471,0.0054,-0.0542,24.0,-0.0588,0.2632,164.0,0.0004,0.4984,1472.0,0.0399,-0.1624,234482.0,0.0035,0.1091,79,-0.0539,0.188,0.4286,-0.0036,0.02,0.0
202010,53063,"spokane, wa",385000.0,-0.0203,0.1002,637,-0.0781,-0.4762,45.0,0.0778,0.2329,764,-0.1785,0.0495,84,0.2,0.1351,0.028,0.0065,0.0049,236.0,-0.1324,-0.5354,0.0774,-0.0064,-0.0798,1585.0,-0.0285,0.2178,165.0,-0.0001,0.1284,2302.0,-0.0315,-0.0408,468606.0,-0.0093,0.0963,2218,-0.0436,-0.1186,2.4882,0.1272,1.4179,0.0
202010,53019,"ferry, wa",292000.0,0.041,-0.115,24,-0.2381,-0.4419,73.0,0.4078,-0.5315,8,0.0,3.0,0,-1.0,,0.0,-0.0357,0.0,4.0,-0.3333,0.0,0.087,-0.031,0.0115,14.0,0.037,0.8667,163.0,0.0625,0.1316,1750.0,-0.0741,-0.145,345531.0,0.0231,-0.1411,38,-0.1461,-0.2475,0.5833,0.1548,0.4089,1.0
202010,53065,"stevens, wa",339999.0,0.0544,0.1523,109,-0.2351,-0.5101,64.0,0.3196,-0.2099,56,-0.0345,0.3333,0,-1.0,-1.0,0.0,-0.0051,-0.0053,24.0,-0.2,-0.5,0.0755,-0.0095,-0.0629,146.0,0.1103,0.4898,169.0,0.0682,0.1103,1935.0,-0.015,-0.044,413790.0,0.0524,0.1285,258,-0.0391,-0.1887,1.3394,0.4166,0.899,0.0
202010,53009,"clallam, wa",410000.0,-0.0272,-0.0218,155,-0.1689,-0.4935,52.0,0.1243,-0.2925,84,-0.2222,-0.2075,0,-1.0,,0.0,-0.0039,0.0,24.0,-0.2941,-0.6667,0.0599,-0.0075,-0.0728,180.0,-0.1818,0.2544,228.0,0.0174,0.107,1952.0,0.0,-0.0291,617920.0,0.0192,0.2761,329,-0.1744,-0.2548,1.1613,-0.0183,0.6923,0.0
202010,53075,"whitman, wa",305500.0,0.0507,0.1469,70,-0.1139,-0.375,52.0,-0.1034,-0.2239,48,-0.04,0.6,4,0.0,,0.0242,-0.0007,0.0242,32.0,0.4545,0.1429,0.1882,0.0652,0.033,48.0,0.0787,0.4769,142.0,0.0006,0.0832,2108.0,0.0925,-0.0384,336484.0,0.0415,0.1594,118,-0.0484,-0.1834,0.6857,0.1224,0.3955,0.0
202009,53055,"san juan, wa",849250.0,-0.0721,0.0847,166,-0.0806,-0.3017,60.0,-0.0698,-0.4872,36,-0.25,0.6364,4,,,0.0146,0.0146,0.0146,16.0,0.0,-0.6,0.0605,-0.0068,-0.0787,44.0,0.2429,0.5,436.0,-0.0293,0.0767,2080.0,-0.0423,0.0441,1366758.0,-0.0379,0.0854,205,-0.0444,-0.2298,0.2628,0.0684,0.1405,0.0
202009,53033,"king, wa",700000.0,-0.0209,0.001,3825,0.0504,-0.2025,34.0,0.1333,-0.2,4274,0.2967,0.4687,96,-0.1111,1.087,0.009,-0.0009,0.0046,1428.0,0.3173,-0.2137,0.1192,0.0193,-0.0574,3792.0,0.0066,0.4607,451.0,0.0306,0.1773,1705.0,-0.0528,-0.1481,1052013.0,-0.0072,0.0177,7599,0.0279,0.03,0.9915,-0.0431,0.4502,0.0
202009,53071,"walla walla, wa",419225.0,-0.0684,0.1237,87,-0.0798,-0.5113,38.0,-0.15,-0.1862,66,-0.0833,-0.1316,0,,,0.0,0.0,0.0,36.0,0.0,-0.5263,0.139,0.0086,-0.0576,114.0,0.0225,-0.153,182.0,0.0098,0.1131,2443.0,0.0002,0.0497,535205.0,-0.0149,0.2689,195,-0.025,-0.372,1.3121,0.1313,0.5551,0.0
202009,53039,"klickitat, wa",509250.0,0.1521,0.0666,42,-0.17,-0.5632,70.0,0.0373,0.0296,20,0.25,-0.3333,6,-0.25,,0.0506,-0.0078,0.0506,24.0,0.5,0.2,0.1877,0.0498,0.035,56.0,0.098,27.0,227.0,0.0852,0.0229,2196.0,0.0127,0.0255,651511.0,0.0655,0.0838,99,0.0206,0.0206,1.3494,0.3294,1.3283,0.0
202009,53057,"skagit, wa",493750.0,-0.0105,0.1618,267,0.0191,-0.362,36.0,0.0,-0.3571,240,0.0909,-0.0323,18,0.5,1.25,0.0243,0.0085,0.0148,64.0,0.1429,-0.4386,0.0796,0.001,-0.0553,247.0,0.0271,0.381,261.0,-0.0044,0.1496,1904.0,-0.0236,0.0087,662979.0,0.0078,0.0976,515,0.0269,-0.1382,0.9232,0.0072,0.4967,0.0
202009,53031,"jefferson, wa",467000.0,-0.0168,-0.0361,108,-0.069,-0.3143,55.0,0.1596,0.0187,66,0.2692,-0.1538,0,,,0.0,0.0,0.0,30.0,0.5,-0.4231,0.1153,0.0287,-0.0685,80.0,-0.0536,0.6392,279.0,-0.0205,0.086,1735.0,-0.0264,-0.1116,607194.0,-0.016,0.038,189,-0.0528,-0.0805,0.7361,0.012,0.4282,0.0
202009,53065,"stevens, wa",322450.0,-0.0904,0.0983,143,0.0179,-0.3804,49.0,-0.2422,-0.3533,58,-0.3696,0.16,2,-0.5,,0.0051,-0.0061,0.0051,30.0,-0.0625,-0.5833,0.0849,-0.007,-0.1056,132.0,0.0354,0.302,158.0,-0.0302,0.0474,1965.0,-0.0349,-0.0413,393198.0,-0.0225,0.0729,269,0.017,-0.1814,0.9228,0.0157,0.4837,0.0
202009,53021,"franklin, wa",384700.0,-0.0123,0.2018,95,0.1047,-0.2963,32.0,0.0862,-0.2841,106,-0.0862,0.2619,28,2.5,,0.0758,0.0528,0.0758,20.0,-0.1667,-0.5455,0.0585,-0.0103,-0.0902,152.0,0.0556,0.974,188.0,0.0084,0.1381,2125.0,0.0541,0.0426,400276.0,0.0198,0.1202,246,0.0582,0.158,1.6,-0.0744,1.0296,0.0
202009,53061,"snohomish, wa",552995.0,-0.023,0.0317,944,-0.0248,-0.4615,29.0,0.0,-0.2162,1564,0.2904,0.3345,148,0.6818,1.3871,0.0375,0.0159,0.0226,238.0,0.1442,-0.6258,0.0522,0.0007,-0.1012,1981.0,0.0557,0.6181,285.0,0.0156,0.0764,1968.0,-0.0409,-0.0557,650081.0,-0.0213,0.0504,2932,0.0259,-0.0141,2.098,0.16,1.3998,0.0
202009,53041,"lewis, wa",330000.0,-0.0569,0.0571,233,0.0495,-0.1322,39.0,-0.0488,-0.1875,168,0.2,0.2353,6,-0.25,,0.0123,-0.0027,0.0123,50.0,0.1364,-0.4898,0.0882,-0.0058,-0.1006,151.0,-0.0321,0.3188,198.0,0.0141,0.1348,1709.0,-0.0453,-0.0343,410932.0,-0.0108,0.1302,384,0.0199,0.0013,0.6481,-0.0546,0.2216,0.0
202009,53019,"ferry, wa",280500.0,-0.1369,-0.1575,32,0.2115,-0.3368,52.0,0.0619,-0.6098,8,-0.3333,1.0,2,,,0.0357,0.0357,0.0357,6.0,-0.25,0.5,0.1179,-0.0177,0.049,14.0,-0.2895,1.0769,153.0,-0.0372,0.0357,1890.0,-0.045,-0.0502,337740.0,-0.1122,-0.1511,45,-0.0111,-0.1759,0.4286,-0.3022,0.2917,1.0
202009,53023,"garfield, wa",224425.0,0.0894,0.6008,5,1.5,-0.5,39.0,0.2266,-0.5213,2,,-0.5,0,,,0.0,0.0,0.0,0.0,,,0.0,0.0,0.0,4.0,-0.2,1.0,78.0,-0.1345,0.1115,1850.0,-0.3121,-0.0292,213957.0,-0.0303,0.3007,9,0.2143,-0.3462,0.8,-1.7,0.6,1.0
202009,53015,"cowlitz, wa",364450.0,0.0268,0.1544,214,-0.0183,-0.2995,38.0,0.1953,-0.1207,156,-0.0714,-0.1875,44,-0.0833,4.5,0.0746,-0.0093,0.0608,66.0,-0.175,-0.1951,0.1072,-0.0187,-0.0347,248.0,0.0761,2.0368,200.0,0.0299,0.1659,1833.0,-0.0453,-0.0072,418005.0,0.0405,0.0422,431,0.0177,0.1153,1.1565,0.1015,0.8898,0.0
202009,53059,"skamania, wa",711750.0,0.0323,0.4766,16,-0.2,-0.6404,56.0,0.2065,-0.0263,10,-0.5,-0.1667,2,-0.5,,0.0323,-0.0283,0.0323,6.0,-0.625,-0.25,0.1253,-0.1033,-0.0189,28.0,0.0769,,276.0,0.0209,0.3195,2430.0,-0.009,-0.0226,855538.0,0.0339,0.4718,45,-0.0532,0.0,1.75,0.45,,0.0
202009,53035,"kitsap, wa",475879.0,-0.0353,-0.015,410,-0.0133,-0.2891,32.0,0.0323,-0.3118,502,0.3351,0.1729,36,1.25,-0.1429,0.0199,0.0089,-0.0075,106.0,0.325,-0.4239,0.0671,0.0099,-0.0531,676.0,0.0571,0.2842,242.0,-0.018,0.0778,2057.0,-0.0005,-0.0545,683330.0,-0.0231,0.0163,1085,0.026,-0.0159,1.6496,0.1098,0.7364,0.0
202009,53043,"lincoln, wa",349973.0,-0.0667,0.228,35,0.0,-0.1566,68.0,0.3252,-0.025,12,-0.25,0.0,0,,,0.0,0.0,0.0,10.0,0.25,0.25,0.1424,0.0449,0.0298,31.0,0.0517,0.6486,135.0,-0.0628,-0.0893,2193.0,-0.0191,0.0293,394359.0,-0.0534,0.1329,64,0.0242,0.0763,0.8714,0.0429,0.4256,0.0
202009,53005,"benton, wa",411500.0,-0.02,0.1447,373,-0.0312,-0.3297,38.0,-0.1071,-0.026,334,0.006,-0.107,52,1.1667,2.25,0.0504,0.029,0.0375,108.0,-0.069,-0.5221,0.1043,-0.0035,-0.0779,356.0,-0.0207,0.1486,192.0,0.0144,0.1293,2317.0,0.0059,0.0408,463612.0,0.0224,0.1677,729,-0.0188,-0.1582,0.9531,0.0102,0.3969,0.0
202009,53027,"grays harbor, wa",262500.0,0.0,0.0763,233,-0.0737,-0.4091,45.0,0.25,-0.2241,162,-0.0795,-0.0357,4,-0.5,0.0,0.008,-0.005,0.0024,44.0,0.1,-0.5769,0.0713,0.0066,-0.074,206.0,0.0648,0.3258,171.0,0.0164,0.0412,1517.0,-0.0007,-0.001,322154.0,0.047,0.1308,441,-0.0034,-0.1962,0.8839,0.1149,0.49,0.0
202009,53013,"columbia, wa",252175.0,0.0531,0.1044,17,-0.175,-0.4762,56.0,0.115,-0.3242,8,-0.3333,-0.3333,0,,,0.0,0.0,0.0,4.0,0.0,-0.6667,0.1061,0.0085,-0.1008,16.0,-0.0313,0.1071,131.0,-0.0136,0.0099,1745.0,-0.1189,-0.041,264488.0,-0.0241,0.0049,32,-0.0857,-0.3043,0.9394,0.1394,0.4949,0.0
202009,53069,"wahkiakum, wa",449500.0,0.0831,0.4192,15,0.0357,-0.5397,48.0,0.1176,-0.4663,10,1.5,1.5,0,,,0.0,0.0,0.0,0.0,,-1.0,0.0,0.0,-0.1976,9.0,-0.15,0.3077,201.0,0.1639,0.1119,2178.0,-0.0055,0.2028,560425.0,0.0914,0.5056,23,0.0,-0.3699,0.5862,-0.1281,0.3799,1.0
202009,53077,"yakima, wa",375000.0,-0.026,0.1846,184,0.1018,-0.4713,28.0,-0.2792,-0.4219,202,0.2024,0.0412,4,0.0,0.0,0.0061,0.0001,0.001,62.0,0.1923,-0.4918,0.0952,0.0065,-0.0618,273.0,0.0187,0.1423,178.0,0.0277,0.1285,2052.0,-0.0302,0.0587,416813.0,0.0091,0.145,458,0.0445,-0.2153,1.4837,-0.1211,0.7969,0.0
202009,53053,"pierce, wa",474963.0,-0.0001,0.1134,1273,-0.0378,-0.2777,32.0,0.1034,-0.2099,1608,0.2145,0.209,114,-0.0172,1.0357,0.025,-0.0021,0.0126,380.0,0.1728,-0.4044,0.0793,0.0092,-0.062,1896.0,0.0008,0.3316,239.0,0.0137,0.1473,2050.0,-0.0144,-0.0451,578426.0,-0.0041,0.1202,3176,-0.0158,-0.0028,1.489,0.0574,0.6813,0.0
202009,53073,"whatcom, wa",460425.0,-0.0178,0.0269,565,-0.0887,-0.327,44.0,-0.0333,-0.1714,408,0.2289,-0.0811,12,0.5,2.0,0.0094,0.0034,0.0069,102.0,0.02,-0.5565,0.0747,0.0003,-0.0725,373.0,-0.0546,0.328,264.0,0.0067,0.0991,1764.0,-0.0395,-0.0702,581272.0,-0.0115,0.0401,931,-0.0746,-0.168,0.6593,0.0238,0.3252,0.0
202009,53011,"clark, wa",462192.0,-0.0092,0.019,942,-0.141,-0.4762,51.0,0.2439,-0.0286,826,-0.136,-0.0614,586,-0.0548,5.3696,0.1576,-0.0026,0.1243,502.0,-0.1162,-0.3179,0.135,-0.0128,-0.1309,1896.0,0.0658,19.8352,226.0,0.015,0.0948,2151.0,-0.011,-0.0478,581742.0,0.0226,0.0791,2836,-0.0151,0.5015,2.0138,0.3906,1.9632,0.0
202009,53047,"okanogan, wa",324500.0,-0.0984,-0.0453,152,0.0168,-0.3456,50.0,-0.0147,-0.4711,60,0.1538,1.1429,4,,,0.0156,0.0156,0.0156,24.0,0.5,-0.1429,0.0832,0.028,-0.0111,66.0,0.0077,0.7467,190.0,-0.1192,-0.0392,1635.0,-0.0363,-0.0728,497060.0,-0.0348,0.1079,216,0.0141,-0.197,0.4323,-0.0039,0.2704,1.0
202009,53009,"clallam, wa",421450.0,-0.0084,-0.0113,187,-0.1203,-0.3905,46.0,-0.1274,-0.3097,108,-0.2895,-0.1148,2,,,0.0039,0.0039,0.0039,34.0,-0.4333,-0.5405,0.0673,-0.0398,-0.0602,220.0,0.0784,0.4103,224.0,-0.0066,0.0774,1952.0,-0.0252,-0.0216,606266.0,0.137,0.2482,399,-0.0351,-0.1299,1.1796,0.2174,0.6698,0.0
202009,53007,"chelan, wa",487450.0,-0.0386,0.068,221,0.0184,-0.4662,37.0,-0.1395,-0.4127,140,-0.0278,-0.3694,0,-1.0,-1.0,0.0,-0.009,-0.0796,62.0,0.4091,-0.2439,0.1291,0.0326,0.0125,80.0,0.0192,0.1866,259.0,0.0212,0.0787,2106.0,-0.0199,0.0874,615687.0,-0.0378,0.0664,299,0.0119,-0.3794,0.3597,0.0003,0.1979,0.0
202009,53029,"island, wa",567238.0,-0.0262,0.1696,173,-0.0495,-0.5286,36.0,0.0515,-0.3318,206,0.6613,0.0619,2,,,0.0037,0.0037,0.0037,22.0,-0.2143,-0.8036,0.0403,-0.0149,-0.1181,156.0,-0.1568,0.0648,282.0,0.0052,0.1472,1960.0,-0.0047,-0.0004,779383.0,0.045,0.2167,330,-0.1022,-0.3583,0.9017,-0.1147,0.5026,0.0
202009,53025,"grant, wa",279000.0,0.0354,-0.0456,211,-0.0231,-0.2112,47.0,0.175,-0.248,142,0.1094,0.5435,0,,-1.0,0.0,0.0,-0.0079,42.0,0.1667,-0.3226,0.073,0.0064,-0.0517,210.0,0.0769,0.5328,169.0,0.0313,0.1005,1620.0,0.0144,-0.1265,330960.0,0.0604,-0.0802,425,0.0291,0.0507,0.9953,0.0925,0.4831,0.0
202009,53045,"mason, wa",363750.0,0.0111,0.1084,129,-0.1224,-0.499,39.0,0.2302,-0.2402,124,0.0,-0.1014,4,0.0,,0.0111,0.0012,0.0111,36.0,0.5,-0.5,0.0806,0.0187,-0.053,161.0,-0.0123,0.1259,220.0,-0.0052,0.1466,1660.0,0.056,-0.0511,455886.0,0.025,0.1138,290,-0.0661,-0.2781,1.2481,0.1392,0.6927,0.0
202009,53037,"kittitas, wa",539749.0,-0.0005,0.3305,118,-0.082,-0.3767,46.0,0.2105,-0.2923,92,0.2778,-0.0213,2,,,0.0074,0.0074,0.0074,24.0,0.2,-0.4545,0.0667,0.0089,-0.05,150.0,0.15,0.5737,244.0,0.0338,0.0356,2182.0,-0.0081,0.1756,1006703.0,0.0623,0.3468,267,0.043,-0.0565,1.2723,0.2567,0.7684,0.0
202009,53001,"adams, wa",237021.0,0.0173,0.3584,59,0.18,0.2967,54.0,0.6212,-0.3955,12,-0.6667,0.0,0,,,0.0,0.0,0.0,4.0,0.0,-0.5,0.0417,0.005,-0.0596,26.0,0.7,0.186,164.0,0.0264,0.5118,1416.0,0.0032,-0.2012,233656.0,0.036,0.0852,84,0.2846,0.2463,0.4322,0.1322,-0.0403,0.0
202009,53051,"pend oreille, wa",400700.0,0.002,0.1154,48,-0.0204,-0.5576,55.0,-0.072,-0.2065,24,-0.25,-0.1429,0,,,0.0,0.0,0.0,8.0,0.0,-0.4286,0.0696,-0.0081,-0.0112,52.0,0.1977,0.3205,215.0,0.0707,0.1578,2395.0,-0.0022,0.1721,565142.0,0.0085,0.2832,96,0.0611,-0.3436,1.0729,0.1954,0.7135,0.0
202009,53003,"asotin, wa",264650.0,-0.0712,-0.0813,30,-0.0484,-0.3516,45.0,-0.2009,0.1049,36,0.125,0.5,0,,,0.0,0.0,0.0,6.0,-0.25,-0.25,0.0452,-0.0198,-0.0644,62.0,0.0603,14.375,136.0,-0.0369,0.1908,2187.0,-0.0477,-0.0975,348910.0,-0.1228,0.0142,92,0.011,0.8776,2.0847,0.2138,1.9968,0.0
202009,53075,"whitman, wa",290750.0,-0.0043,0.059,79,0.0822,-0.3389,58.0,-0.2,-0.0645,50,0.0417,0.0,4,,,0.0249,0.0249,0.0249,22.0,-0.2143,-0.3889,0.123,-0.0799,-0.0497,45.0,-0.0111,0.1266,142.0,0.0514,0.0634,1930.0,-0.1324,-0.113,323080.0,-0.0443,0.091,124,0.069,-0.2177,0.5633,-0.0531,0.2327,0.0
202009,53049,"pacific, wa",284500.0,0.0164,0.0682,121,-0.1573,-0.2912,60.0,0.195,-0.219,52,-0.2778,0.1304,4,-0.5,,0.0138,-0.0123,0.0138,24.0,-0.1429,-0.25,0.0892,-0.007,-0.0428,102.0,0.3247,2.7091,190.0,0.0277,0.0802,1584.0,0.0411,0.0092,370244.0,0.0525,0.0812,221,0.0091,0.1247,0.8465,0.308,0.6847,0.0
202009,53067,"thurston, wa",417500.0,0.0309,0.0456,390,-0.0453,-0.3359,28.0,0.12,-0.3253,520,0.4773,0.2871,16,0.0,1.0,0.0108,-0.0011,0.0055,108.0,0.5882,-0.4066,0.0638,0.0191,-0.0604,573.0,-0.049,0.199,218.0,0.0187,0.1,2015.0,0.0045,-0.0341,541091.0,0.0254,0.0942,966,-0.0431,-0.0909,1.4698,-0.0057,0.6557,0.0
202009,53017,"douglas, wa",397000.0,0.022,-0.0037,67,-0.0822,-0.4199,38.0,0.0417,-0.1667,64,0.3333,-0.0588,2,,-0.5,0.0108,0.0108,-0.0061,18.0,-0.1,-0.4375,0.1108,0.0123,-0.0245,56.0,-0.082,0.0467,212.0,0.0238,0.0817,1983.0,-0.0178,-0.0889,470191.0,-0.0299,-0.1103,119,-0.0985,-0.2938,0.8358,0.0002,0.3726,0.0
202009,53063,"spokane, wa",392975.0,0.0079,0.1279,691,-0.0268,-0.4378,42.0,0.0987,0.1597,930,0.0379,0.089,70,-0.3966,-0.2857,0.0215,-0.0155,-0.007,272.0,0.1333,-0.4688,0.0837,0.0088,-0.0653,1632.0,0.0293,0.2045,165.0,-0.0092,0.1419,2377.0,0.0127,-0.0152,473018.0,-0.004,0.1187,2319,0.0052,-0.1017,2.3611,0.1287,1.259,0.0
202008,53049,"pacific, wa",279900.0,-0.0114,0.0437,143,0.0958,-0.1538,50.0,0.0582,-0.3056,72,0.0909,0.2,8,1.0,,0.0261,0.0118,0.0261,28.0,0.5556,0.0,0.0962,0.0316,-0.0102,77.0,-0.061,1.2647,185.0,-0.0231,0.0351,1522.0,0.0056,-0.0199,351777.0,0.0515,0.0174,219,0.033,0.0788,0.5385,-0.0899,0.3373,0.0
202008,53063,"spokane, wa",389900.0,-0.0128,0.1257,710,-0.0451,-0.426,38.0,0.0411,0.0556,896,-0.0386,-0.0857,116,0.16,-0.0645,0.037,0.0067,0.0029,240.0,-0.1176,-0.5349,0.0749,-0.0064,-0.067,1585.0,0.0009,0.1154,167.0,0.0058,0.1705,2347.0,-0.0127,-0.0344,474916.0,0.0242,0.1432,2307,-0.0022,-0.1314,2.2324,0.1026,1.0836,0.0
202008,53047,"okanogan, wa",359900.0,-0.0491,0.0588,149,0.0171,-0.3632,51.0,-0.2688,-0.3377,52,0.0,0.4444,0,,-1.0,0.0,0.0,-0.0131,16.0,-0.1111,-0.5,0.0552,-0.0129,-0.0497,65.0,0.0236,0.8571,216.0,0.0072,0.0964,1697.0,-0.0661,-0.0472,514989.0,0.0061,0.1581,213,0.0143,-0.2082,0.4362,0.0028,0.2867,0.0
202008,53053,"pierce, wa",475000.0,-0.0103,0.1082,1323,0.0072,-0.2277,29.0,-0.0333,-0.2368,1324,-0.0447,-0.2562,116,-0.2564,1.2308,0.0271,-0.0066,0.0167,324.0,0.0,-0.5371,0.07,-0.0031,-0.0707,1894.0,0.0798,0.2703,236.0,0.0088,0.1351,2080.0,-0.0098,-0.0421,580830.0,-0.0021,0.113,3227,0.0525,0.0075,1.4316,0.0962,0.5612,0.0
202008,53011,"clark, wa",466500.0,-0.02,0.0327,1096,-0.0162,-0.4088,41.0,-0.1183,-0.1277,956,0.0,-0.0285,620,0.1191,9.3333,0.1602,0.0143,0.1397,568.0,0.127,-0.2565,0.1478,0.0139,-0.1129,1779.0,0.0483,18.129,223.0,-0.0025,0.083,2175.0,-0.0099,-0.0367,568896.0,-0.0111,0.0621,2879,0.0275,0.4794,1.6232,0.0998,1.573,0.0
202008,53023,"garfield, wa",206000.0,0.3742,0.3156,2,-0.6,-0.8182,32.0,-0.6425,-0.4754,0,-1.0,-1.0,0,,,0.0,0.0,0.0,0.0,,-1.0,0.0,0.0,-0.25,5.0,1.5,1.5,90.0,0.1239,0.2192,2689.0,0.4449,0.3654,220633.0,0.2165,0.2401,7,0.0,-0.4167,2.5,2.1,2.3182,1.0
202008,53007,"chelan, wa",507000.0,0.009,0.1217,217,-0.0626,-0.4771,43.0,0.0,-0.2321,144,-0.027,-0.2653,4,1.0,-0.8333,0.009,0.0047,-0.0264,44.0,-0.1538,-0.5417,0.0965,-0.0156,-0.0453,78.0,-0.0545,0.1818,254.0,-0.01,0.0612,2149.0,0.0491,0.083,639850.0,0.0545,0.0994,295,-0.0665,-0.3867,0.3594,0.0031,0.2004,0.0
202008,53009,"clallam, wa",425000.0,-0.0251,-0.0068,212,0.0316,-0.3094,53.0,-0.0047,-0.1167,152,0.2258,0.1515,0,-1.0,,0.0,-0.0121,0.0,60.0,0.2,-0.2857,0.1071,0.01,-0.0299,204.0,0.1365,0.1792,226.0,0.0123,0.069,2002.0,-0.0151,-0.0006,533210.0,-0.0056,0.0924,413,0.0897,-0.1342,0.9623,0.0888,0.3987,0.0
202008,53015,"cowlitz, wa",354945.0,0.0163,0.0963,218,0.1038,-0.2757,32.0,-0.1634,-0.2195,168,0.037,-0.2632,48,0.0909,5.0,0.0839,0.0065,0.0709,80.0,0.3793,-0.2308,0.1259,0.0239,-0.043,230.0,-0.0086,1.6744,194.0,0.0035,0.121,1920.0,0.0418,0.0137,401751.0,0.0009,-0.0214,423,0.0575,0.0902,1.055,-0.1196,0.7693,0.0
202008,53051,"pend oreille, wa",399900.0,-0.049,0.1365,49,-0.1009,-0.5702,59.0,0.0085,-0.1194,32,0.6,0.1429,0,,,0.0,0.0,0.0,8.0,0.3333,-0.6667,0.0777,0.0319,-0.0557,43.0,-0.0549,0.1316,201.0,-0.014,0.122,2400.0,0.0069,0.2026,560384.0,0.0015,0.36,90,-0.0863,-0.4,0.8776,0.0427,0.5442,0.0
202008,53059,"skamania, wa",689450.0,-0.0087,0.3579,20,0.0,-0.5122,46.0,-0.3566,-0.0417,20,0.25,0.25,4,,,0.0606,0.0606,0.0606,16.0,0.6,1.0,0.2286,0.0915,0.093,26.0,-0.1475,,270.0,0.156,0.2617,2452.0,-0.1585,-0.0696,827511.0,0.0733,0.3007,47,-0.0693,0.1463,1.3,-0.225,,0.0
202008,53041,"lewis, wa",349900.0,0.0425,0.1063,222,-0.0306,-0.1294,41.0,-0.0353,-0.1087,140,0.0769,-0.2222,8,1.0,1.0,0.0149,0.0071,0.0076,44.0,-0.0833,-0.4762,0.094,-0.0022,-0.0601,156.0,0.0331,0.4054,195.0,0.0211,0.128,1790.0,-0.0125,0.0073,415402.0,0.0392,0.1316,376,-0.0027,0.0301,0.7027,0.0433,0.2674,0.0
202008,53039,"klickitat, wa",442000.0,-0.115,-0.069,50,-0.2126,-0.4681,67.0,0.1404,0.0469,16,-0.3846,-0.6667,8,0.3333,,0.0584,0.015,0.0584,16.0,-0.3333,-0.2,0.1379,-0.037,-0.0081,51.0,0.0625,16.0,209.0,-0.065,-0.0513,2168.0,-0.0143,0.0212,611440.0,-0.066,0.0412,97,-0.1261,0.0,1.02,0.2641,0.9881,0.0
202008,53005,"benton, wa",419900.0,-0.0154,0.1294,385,-0.0644,-0.2406,42.0,0.0633,0.2727,332,0.0506,-0.1531,24,0.0909,1.0,0.0214,0.0009,0.0117,116.0,-0.0169,-0.5167,0.1078,0.0012,-0.0888,363.0,0.0645,0.1238,189.0,0.0072,0.11,2303.0,-0.0095,0.0231,453454.0,-0.0159,0.1047,743,-0.0107,-0.1037,0.9429,0.1142,0.3058,0.0
202008,53033,"king, wa",714950.0,-0.0206,0.0218,3641,0.0632,-0.2388,30.0,0.0,-0.25,3296,-0.0266,-0.0689,108,0.0588,0.6875,0.01,-0.0006,0.0041,1084.0,0.0711,-0.4147,0.0999,0.0027,-0.0683,3767.0,0.0946,0.3931,437.0,0.0156,0.1387,1800.0,-0.0501,-0.1088,1059696.0,-0.0343,0.0199,7393,0.0799,-0.0104,1.0346,0.0296,0.4693,0.0
202008,53035,"kitsap, wa",493307.0,-0.0104,0.0125,415,-0.0371,-0.277,31.0,-0.0313,-0.2791,376,-0.0157,-0.2985,16,-0.5,-0.4286,0.011,-0.0119,-0.0059,80.0,-0.3103,-0.6226,0.0572,-0.0251,-0.0709,639.0,0.0821,0.1725,246.0,0.0305,0.1013,2058.0,-0.0235,-0.0627,699499.0,0.0113,0.0232,1057,0.0378,-0.0554,1.5398,0.1697,0.5903,0.0
202008,53001,"adams, wa",233000.0,0.0356,0.3019,50,0.3514,0.1905,33.0,0.4043,-0.5976,36,0.125,3.5,0,,,0.0,0.0,0.0,4.0,,0.0,0.0367,0.0367,-0.0166,15.0,0.25,-0.4444,160.0,0.1733,0.5061,1411.0,-0.0625,-0.2134,225527.0,-0.0133,0.0233,65,0.3542,-0.0299,0.3,-0.0243,-0.3429,1.0
202008,53029,"island, wa",582500.0,0.0711,0.2012,182,-0.1354,-0.5027,34.0,-0.1111,-0.3061,124,-0.2706,-0.5571,0,,-1.0,0.0,0.0,-0.0049,28.0,-0.3333,-0.7667,0.0552,-0.0248,-0.0927,185.0,0.1821,0.1012,280.0,-0.007,0.1359,1970.0,0.0181,0.0003,745795.0,0.0551,0.1443,367,0.0041,-0.3127,1.0165,0.273,0.5575,0.0
202008,53061,"snohomish, wa",565990.0,-0.0113,0.0408,968,-0.0212,-0.4242,29.0,-0.0492,-0.2162,1212,0.0271,-0.0561,88,-0.3623,0.6923,0.0216,-0.0145,0.0094,208.0,-0.168,-0.7062,0.0516,-0.0138,-0.1144,1876.0,0.0961,0.4375,281.0,0.0141,0.0649,2052.0,-0.0377,-0.0269,664251.0,0.0189,0.0615,2858,0.0536,-0.0419,1.938,0.2075,1.1617,0.0
202008,53037,"kittitas, wa",539999.0,0.0667,0.3054,128,0.024,-0.3368,38.0,0.0066,-0.3448,72,-0.1429,-0.3333,0,-1.0,,0.0,-0.0053,0.0,20.0,-0.2308,-0.5833,0.0578,-0.0179,-0.0634,130.0,0.0484,0.2745,236.0,-0.034,0.0152,2200.0,0.0606,0.1679,947672.0,0.0093,0.2725,256,0.0364,-0.1293,1.0156,0.0236,0.4871,0.0
202008,53027,"grays harbor, wa",262500.0,-0.0094,0.0629,251,-0.0252,-0.3514,36.0,0.0,-0.2653,176,0.1733,-0.1373,8,3.0,1.0,0.0129,0.0095,0.0076,40.0,-0.0909,-0.6,0.0647,-0.0113,-0.0695,193.0,0.1221,0.2532,169.0,-0.011,0.0021,1518.0,0.0252,0.0121,307697.0,0.0207,0.0586,442,0.0412,-0.183,0.7689,0.101,0.371,0.0
202008,53021,"franklin, wa",389500.0,0.0903,0.2383,86,-0.0227,-0.3065,29.0,-0.3176,-0.2162,116,0.16,0.3182,8,-0.2,1.0,0.0229,-0.0073,0.0095,24.0,0.0909,-0.3333,0.0688,0.001,-0.052,144.0,0.205,0.6744,187.0,0.0131,0.1416,2016.0,0.0015,0.0009,392522.0,0.0284,0.0784,232,0.1262,0.1048,1.6744,0.3165,0.9809,0.0
202008,53045,"mason, wa",359750.0,-0.0692,0.0827,147,-0.1145,-0.4213,32.0,-0.1127,-0.37,124,-0.0159,-0.3261,4,-0.3333,0.0,0.01,-0.0031,0.0032,24.0,-0.5385,-0.76,0.0619,-0.0538,-0.1071,163.0,0.0415,0.0584,221.0,0.0373,0.1445,1572.0,-0.0967,-0.1101,444776.0,-0.0015,0.0875,310,-0.0388,-0.2402,1.1088,0.1661,0.5025,0.0
202008,53055,"san juan, wa",915250.0,-0.0263,0.1671,180,-0.0576,-0.2437,65.0,-0.2158,-0.3281,48,0.2,0.5,0,,,0.0,0.0,0.0,16.0,0.0,-0.6364,0.0672,0.0075,-0.0819,35.0,0.25,0.2069,450.0,0.0068,0.1061,2172.0,-0.0099,0.1396,1420606.0,0.033,0.1504,214,-0.0206,-0.2015,0.1944,0.0478,0.0726,0.0
202008,53057,"skagit, wa",499000.0,0.0305,0.1741,262,-0.0206,-0.3835,36.0,-0.027,-0.2653,220,0.0,-0.3125,12,0.5,2.0,0.0157,0.0045,0.0114,56.0,-0.0667,-0.6,0.0786,-0.0076,-0.0722,240.0,0.0884,0.3115,262.0,0.028,0.1516,1950.0,-0.0042,0.0258,657859.0,0.0194,0.0685,501,0.0351,-0.176,0.916,0.0917,0.4854,0.0
202008,53003,"asotin, wa",284950.0,-0.029,-0.1549,31,-0.1268,-0.2791,56.0,0.2948,0.2727,32,0.6,1.0,0,,,0.0,0.0,0.0,8.0,-0.4286,-0.3333,0.065,-0.0787,-0.1196,58.0,0.234,8.6667,141.0,0.0094,0.1894,2297.0,0.0157,-0.0314,397748.0,0.0034,0.0475,91,0.0769,0.8571,1.871,0.547,1.7314,1.0
202008,53067,"thurston, wa",405000.0,0.013,0.0134,408,-0.032,-0.2753,25.0,0.0417,-0.3421,352,-0.2727,-0.3577,16,0.0,1.0,0.0119,0.0007,0.0068,68.0,-0.15,-0.6531,0.0447,-0.0111,-0.075,602.0,0.074,0.1423,214.0,0.0116,0.076,2006.0,0.0041,-0.044,527675.0,0.0353,0.0624,1009,0.0343,-0.0743,1.4755,0.1457,0.5394,0.0
202008,53071,"walla walla, wa",449990.0,0.0405,0.1754,94,-0.06,-0.4629,45.0,0.2162,-0.0426,72,0.0588,0.0,0,,,0.0,0.0,0.0,36.0,0.5,-0.5,0.1304,0.0474,-0.0595,111.0,0.0278,-0.1591,180.0,0.0392,0.072,2442.0,-0.0202,0.0041,543315.0,0.062,0.2274,200,-0.0361,-0.3464,1.1809,0.1009,0.4266,0.0
202008,53031,"jefferson, wa",475000.0,-0.0635,-0.0439,116,-0.0373,-0.1831,47.0,-0.06,-0.1897,52,-0.2571,-0.48,0,,,0.0,0.0,0.0,20.0,-0.2308,-0.5455,0.0866,-0.011,-0.0621,84.0,0.2632,0.5849,285.0,0.0295,0.0708,1782.0,-0.0637,-0.0964,617091.0,-0.0252,0.0198,199,0.0728,0.0153,0.7241,0.1723,0.3509,0.0
202008,53075,"whitman, wa",292000.0,-0.0944,0.0181,73,-0.0701,-0.4016,73.0,0.2033,0.3182,48,0.2632,-0.2941,0,,,0.0,0.0,0.0,28.0,-0.1765,-0.2222,0.2029,-0.0177,0.0484,45.0,-0.0426,0.0227,135.0,-0.005,-0.0147,2224.0,-0.0533,0.0345,338062.0,-0.0189,0.1084,116,-0.0757,-0.297,0.6164,0.0177,0.2558,0.0
202008,53065,"stevens, wa",354500.0,-0.0483,0.1859,140,0.0409,-0.4118,64.0,0.0492,-0.0448,92,0.3143,0.5333,4,-0.3333,,0.0111,-0.0088,0.0111,32.0,0.0667,-0.6,0.092,-0.008,-0.1127,127.0,-0.0193,0.27,163.0,-0.0107,0.0892,2036.0,-0.0001,-0.0232,402259.0,-0.0356,0.0802,264,0.0096,-0.2166,0.9071,-0.0557,0.487,0.0
202008,53019,"ferry, wa",325000.0,0.0837,-0.0257,26,-0.0714,-0.5,49.0,-0.0806,-0.5337,12,1.0,2.0,0,,,0.0,0.0,0.0,8.0,1.0,0.0,0.1356,0.0546,0.0023,19.0,0.2667,3.75,159.0,0.0956,0.033,1979.0,-0.1662,0.0638,380419.0,-0.1039,-0.0275,45,0.0588,-0.1964,0.7308,0.1951,0.6538,1.0
202008,53069,"wahkiakum, wa",415000.0,0.0851,0.2852,14,-0.1515,-0.6111,43.0,0.0,-0.4551,4,-0.6,-0.5,0,,,0.0,0.0,0.0,0.0,-1.0,-1.0,0.0,-0.1822,-0.0851,10.0,1.0,2.3333,173.0,0.0418,-0.0447,2190.0,-0.0408,0.2002,513493.0,-0.0233,0.3355,23,0.0455,-0.4103,0.7143,0.4113,0.631,0.0
202008,53043,"lincoln, wa",375000.0,-0.0124,0.3455,35,-0.0909,-0.0541,52.0,-0.0965,-0.3312,16,-0.2727,1.0,0,,,0.0,0.0,0.0,8.0,-0.3333,1.0,0.0976,-0.0483,0.0379,29.0,0.0545,0.2609,145.0,0.0004,-0.0415,2236.0,-0.0683,0.0895,416626.0,-0.0345,0.238,62,-0.0746,0.0508,0.8286,0.1143,0.2069,1.0
202008,53025,"grant, wa",269450.0,-0.0243,-0.0898,216,0.0141,-0.122,40.0,-0.1351,-0.403,128,-0.1233,0.0,0,-1.0,-1.0,0.0,-0.0218,-0.0078,36.0,0.0,-0.5,0.0665,-0.0014,-0.0683,195.0,0.0773,0.2662,163.0,0.0028,0.0577,1597.0,-0.0387,-0.1389,312117.0,-0.0338,-0.1587,413,0.0603,0.0325,0.9028,0.053,0.2768,0.0
202008,53077,"yakima, wa",385000.0,-0.0029,0.2085,167,-0.137,-0.4955,39.0,-0.0667,-0.23,168,0.05,-0.0455,4,-0.5,0.0,0.006,-0.0069,0.0007,52.0,-0.037,-0.5185,0.0887,0.0014,-0.0553,268.0,-0.0019,0.0894,173.0,-0.014,0.1048,2116.0,0.0291,0.066,413073.0,-0.0197,0.1085,438,-0.056,-0.2369,1.6048,0.2172,0.8616,0.0
202008,53017,"douglas, wa",388450.0,-0.0233,-0.0259,73,-0.2396,-0.3917,36.0,-0.1111,-0.2,48,-0.3333,-0.25,0,,,0.0,0.0,0.0,20.0,-0.1667,-0.375,0.0985,-0.0047,-0.0376,61.0,0.1619,0.1961,207.0,-0.026,0.0556,2019.0,0.0074,-0.0866,484696.0,0.0186,-0.0949,132,-0.102,-0.2281,0.8356,0.2887,0.4106,0.0
202008,53013,"columbia, wa",239450.0,0.0032,0.0579,20,0.1429,-0.4286,50.0,-0.0291,-0.2647,12,1.0,0.5,0,,,0.0,0.0,0.0,4.0,0.0,-0.6667,0.0976,-0.0075,-0.1167,16.0,-0.1351,0.1429,133.0,-0.1888,0.0266,1980.0,0.1347,0.074,271032.0,-0.0536,0.0397,35,-0.0141,-0.2708,0.8,-0.2571,0.4,0.0
202008,53073,"whatcom, wa",468750.0,0.0082,0.0474,620,-0.0876,-0.2061,45.0,-0.0164,-0.0625,332,-0.1981,-0.3083,8,-0.3333,1.0,0.006,-0.0021,0.0035,100.0,-0.359,-0.5192,0.0743,-0.0374,-0.0594,394.0,0.2179,0.3401,262.0,0.0083,0.0888,1837.0,-0.0062,-0.035,588022.0,-0.0117,0.0525,1006,-0.0094,-0.0642,0.6355,0.1594,0.259,0.0
202007,53069,"wahkiakum, wa",382450.0,-0.1053,0.1715,17,0.5,-0.56,43.0,-0.5503,-0.3359,10,4.0,0.0,0,,,0.0,0.0,0.0,6.0,2.0,-0.5,0.1822,0.1155,-0.0554,5.0,0.25,1.0,166.0,-0.0642,-0.0787,2283.0,-0.0823,0.2798,525732.0,-0.1054,0.3522,22,0.3333,-0.443,0.303,-0.0606,0.2364,0.0
202007,53019,"ferry, wa",299900.0,0.0015,-0.096,28,0.0,-0.4563,53.0,0.1722,-0.3215,6,-0.4,0.0,0,,,0.0,0.0,0.0,4.0,,-0.3333,0.081,0.081,-0.0139,15.0,0.3043,1.3077,145.0,0.1116,-0.0815,2374.0,0.0217,0.3495,424540.0,-0.0081,0.1007,43,0.0625,-0.2609,0.5357,0.125,0.4095,0.0
202007,53009,"clallam, wa",435925.0,-0.0294,0.0161,206,-0.0144,-0.3229,53.0,-0.0975,-0.0658,124,0.0333,-0.1268,6,2.0,,0.0121,0.0083,0.0121,50.0,0.0417,-0.375,0.0972,0.0021,-0.0301,180.0,0.0113,0.0,223.0,-0.0016,0.0573,2033.0,-0.004,0.0108,536194.0,0.0071,0.0956,379,0.008,-0.2121,0.8735,0.0222,0.282,0.0
202007,53027,"grays harbor, wa",265000.0,0.0045,0.0729,258,0.0321,-0.3087,36.0,-0.395,-0.1818,150,0.0714,-0.4094,2,-0.8,-0.6667,0.0034,-0.015,-0.004,44.0,0.0476,-0.5417,0.0761,-0.0015,-0.0462,172.0,0.1505,0.1701,170.0,-0.0478,-0.0011,1481.0,0.017,-0.0047,301461.0,0.032,0.0295,425,0.0639,-0.1805,0.668,0.0688,0.2733,0.0
202007,53051,"pend oreille, wa",420500.0,-0.0192,0.2246,55,-0.0992,-0.5401,59.0,0.2581,0.013,20,-0.3333,-0.2857,0,,,0.0,0.0,0.0,6.0,0.0,-0.8421,0.0457,-0.0071,-0.1562,46.0,0.0706,0.1667,203.0,0.0331,0.1663,2384.0,0.0212,0.177,559525.0,-0.019,0.3705,99,-0.0248,-0.3746,0.8349,0.1324,0.5057,0.0
202007,53077,"yakima, wa",386125.0,0.0726,0.184,194,-0.1323,-0.43,41.0,-0.073,-0.0678,160,-0.0361,-0.2233,8,-0.3333,3.0,0.013,-0.0054,0.0105,54.0,-0.2703,-0.4375,0.0873,-0.0299,-0.0372,269.0,0.0634,0.1072,175.0,0.0713,0.1166,2056.0,-0.0264,0.0197,421393.0,0.053,0.1141,464,-0.0117,-0.1951,1.3876,0.2553,0.6733,0.0
202007,53029,"island, wa",543850.0,0.0295,0.1158,211,-0.0366,-0.3899,38.0,-0.0893,-0.1685,170,0.0759,-0.5058,0,-1.0,-1.0,0.0,-0.0073,-0.0023,42.0,0.05,-0.6719,0.08,0.0076,-0.0622,157.0,0.0646,-0.0928,282.0,0.0296,0.1353,1935.0,0.0324,-0.0268,706818.0,0.0472,0.0746,366,0.0027,-0.2951,0.7435,0.0707,0.2435,0.0
202007,53067,"thurston, wa",399800.0,-0.0158,-0.0053,422,0.0024,-0.2357,24.0,-0.25,-0.2836,484,0.1101,-0.3046,16,-0.2,1.0,0.0112,-0.0036,0.0067,80.0,-0.2453,-0.6078,0.0558,-0.0174,-0.0574,561.0,0.0009,-0.0053,212.0,-0.0078,0.0841,1997.0,-0.0115,-0.0735,509681.0,-0.0087,0.021,976,-0.0091,-0.1204,1.3298,-0.002,0.308,0.0
202007,53003,"asotin, wa",293475.0,0.0975,-0.0757,36,0.1639,-0.2283,43.0,-0.3908,-0.1307,20,-0.0909,-0.3333,0,,,0.0,0.0,0.0,14.0,1.3333,2.5,0.1437,0.0866,0.0943,47.0,-0.1132,5.2667,140.0,0.0439,0.1536,2261.0,0.0992,0.0096,396400.0,0.0213,0.0309,85,0.0181,0.6095,1.3239,-0.4138,1.1609,0.0
202007,53053,"pierce, wa",479948.0,0.0266,0.091,1314,-0.0212,-0.1961,30.0,-0.1429,-0.1304,1386,0.0645,-0.3517,156,0.4717,1.7857,0.0338,0.0096,0.0236,324.0,0.1825,-0.5803,0.0731,0.0096,-0.0672,1754.0,0.0397,0.1532,234.0,0.0083,0.1332,2101.0,0.0014,-0.0643,582047.0,0.028,0.0911,3066,0.0151,-0.0301,1.3354,0.0783,0.4045,0.0
202007,53013,"columbia, wa",238675.0,0.1183,0.098,18,-0.1463,-0.507,52.0,-0.3087,0.051,6,0.0,-0.625,0,,,0.0,0.0,0.0,4.0,-0.3333,-0.5,0.1051,-0.0305,-0.0378,19.0,-0.0513,0.4231,164.0,0.1918,0.277,1745.0,-0.0446,-0.0493,286387.0,0.1255,0.1385,36,-0.1125,-0.268,1.0571,0.1059,0.6909,0.0
202007,53017,"douglas, wa",397725.0,-0.0032,-0.0508,96,-0.0588,-0.1542,41.0,-0.1,-0.1563,72,0.125,0.0286,0,,,0.0,0.0,0.0,24.0,-0.2,-0.4286,0.1033,-0.0359,-0.0738,53.0,0.0825,-0.0455,213.0,0.0395,0.0776,2004.0,-0.018,-0.1004,475863.0,-0.0515,-0.1243,147,-0.0297,-0.1429,0.5469,0.0714,0.0623,0.0
202007,53059,"skamania, wa",695500.0,0.2862,0.2567,20,-0.2593,-0.4805,72.0,-0.261,0.4089,16,0.1429,0.1429,0,,,0.0,0.0,0.0,10.0,-0.1667,0.6667,0.1371,-0.0423,0.0162,31.0,0.3261,60.0,234.0,0.0637,0.0933,2914.0,0.1983,0.0654,771011.0,0.1809,0.1389,51,0.0202,0.3117,1.525,0.6731,1.512,0.0
202007,53065,"stevens, wa",372475.0,0.0958,0.2162,135,-0.0881,-0.4499,61.0,0.1142,0.0563,70,-0.0278,-0.0278,6,,,0.0199,0.0199,0.0199,30.0,-0.1667,-0.5,0.0999,-0.0056,-0.0386,130.0,0.146,0.1826,165.0,-0.0023,0.0963,2036.0,0.009,-0.0366,417104.0,0.068,0.0935,262,0.0,-0.2634,0.9628,0.1967,0.515,0.0
202007,53025,"grant, wa",276150.0,-0.0146,-0.0778,213,-0.0184,-0.0799,46.0,-0.0657,-0.3509,146,0.5208,-0.0641,12,2.0,2.0,0.0218,0.0136,0.0145,36.0,0.2857,-0.28,0.068,0.0158,-0.0247,181.0,0.0197,0.0806,163.0,-0.0065,0.0425,1661.0,0.0035,-0.0999,323037.0,0.0069,-0.1434,390,-0.0064,-0.0238,0.8498,0.0318,0.1262,0.0
202007,53015,"cowlitz, wa",349255.0,0.0223,0.0604,198,-0.0528,-0.3021,38.0,-0.0556,-0.0065,162,0.1096,-0.3077,44,0.2941,10.0,0.0774,0.0126,0.0708,58.0,-0.1944,-0.4821,0.102,-0.0322,-0.0741,232.0,0.16,1.8466,193.0,0.0048,0.1244,1843.0,0.0316,-0.0466,401401.0,0.0293,-0.0461,400,0.0512,0.0974,1.1747,0.2155,0.8867,0.0
202007,53039,"klickitat, wa",499450.0,0.0476,0.0427,64,0.0496,-0.3022,59.0,-0.37,-0.0447,26,-0.1875,-0.35,6,0.5,,0.0434,0.0127,0.0434,24.0,-0.3333,-0.0769,0.1749,-0.0843,-0.0318,48.0,0.1034,18.2,224.0,0.0373,0.0156,2200.0,0.0638,-0.0289,654658.0,0.0809,0.129,111,0.0622,0.2,0.7559,0.0369,0.7284,0.0
202007,53061,"snohomish, wa",572470.0,-0.0079,0.0466,989,-0.0536,-0.365,31.0,-0.0758,-0.1701,1180,0.065,-0.2787,138,0.1695,1.875,0.0361,0.0055,0.0253,250.0,-0.031,-0.6459,0.0653,-0.001,-0.0761,1712.0,-0.002,0.2753,277.0,0.0052,0.0535,2133.0,-0.0139,0.0152,651917.0,-0.016,0.035,2713,-0.0163,-0.0637,1.7305,0.0894,0.8689,0.0
202007,53057,"skagit, wa",484250.0,0.0482,0.1462,268,-0.0598,-0.3608,37.0,-0.1778,-0.1494,220,0.3253,-0.418,8,-0.3333,3.0,0.0112,-0.0067,0.0093,60.0,-0.25,-0.6104,0.0862,-0.0373,-0.0689,221.0,0.0401,0.2318,255.0,0.0175,0.1182,1958.0,-0.0006,0.0253,645364.0,0.0337,0.039,484,-0.0291,-0.19,0.8243,0.0791,0.3966,0.0
202007,53049,"pacific, wa",283124.0,0.0091,0.0876,131,0.044,-0.2278,47.0,-0.2921,-0.3051,66,0.32,-0.0571,4,-0.3333,,0.0143,-0.0079,0.0143,18.0,-0.25,-0.4375,0.0647,-0.0291,-0.054,82.0,0.038,1.1867,189.0,0.0112,0.0663,1513.0,-0.062,-0.0213,334551.0,-0.026,-0.0159,212,0.0291,0.0291,0.6284,-0.0036,0.4065,0.0
202007,53043,"lincoln, wa",379700.0,0.0772,0.4209,39,-0.0833,0.0132,57.0,-0.046,-0.2597,22,0.5714,0.8333,0,-1.0,-1.0,0.0,-0.0244,-0.026,12.0,1.0,1.0,0.1459,0.0724,0.0615,28.0,0.1702,0.1957,144.0,-0.01,0.063,2400.0,0.1167,0.2072,431503.0,0.0618,0.3325,67,0.0229,0.1261,0.7143,0.1548,0.109,1.0
202007,53011,"clark, wa",476000.0,0.0021,0.0486,1114,-0.045,-0.4123,47.0,-0.0106,0.069,956,0.1435,-0.1132,554,0.1688,5.7561,0.146,0.0142,0.1182,504.0,0.012,-0.3898,0.1339,-0.0059,-0.1277,1697.0,0.0744,16.1414,223.0,0.0111,0.095,2197.0,-0.0037,-0.0324,575259.0,0.0096,0.0792,2802,0.0223,0.4077,1.5233,0.1693,1.4711,0.0
202007,53041,"lewis, wa",335625.0,0.0049,0.0521,229,0.0409,-0.0214,43.0,-0.2857,0.0828,130,0.0484,-0.2935,4,-0.6667,1.0,0.0079,-0.0167,0.0043,48.0,-0.1724,-0.3846,0.0962,-0.0254,-0.055,151.0,0.0903,0.3543,191.0,0.0268,0.0977,1813.0,0.0065,0.0173,399721.0,-0.0053,0.0959,377,0.0516,0.0865,0.6594,0.0298,0.1829,0.0
202007,53007,"chelan, wa",502500.0,-0.0035,0.1168,232,-0.0904,-0.4241,43.0,0.075,-0.1569,148,0.0278,-0.2745,2,-0.5,0.0,0.0044,-0.0036,0.0013,52.0,0.04,-0.5185,0.1121,0.0059,-0.0376,83.0,-0.0678,0.4732,257.0,-0.0196,0.0669,2049.0,0.0847,0.0045,606780.0,-0.0034,0.0312,316,-0.076,-0.3078,0.3564,0.0086,0.2171,0.0
202007,53055,"san juan, wa",940000.0,0.033,0.2051,191,-0.0474,-0.1924,82.0,-0.2015,0.0858,40,0.0526,-0.4872,0,,,0.0,0.0,0.0,16.0,0.3333,-0.6364,0.0597,0.0137,-0.0803,28.0,0.1667,-0.1111,447.0,-0.0194,0.1083,2193.0,0.0407,0.1462,1375179.0,-0.0017,0.1464,219,-0.0246,-0.1877,0.1466,0.0269,0.0134,0.0
202007,53045,"mason, wa",386500.0,0.0264,0.1469,166,-0.046,-0.3169,36.0,-0.1288,-0.2526,126,-0.1923,-0.4112,6,2.0,2.0,0.0131,0.0092,0.0099,52.0,0.0833,-0.4091,0.1156,0.0182,-0.0268,157.0,-0.0712,-0.0515,213.0,-0.0054,0.1168,1740.0,0.0228,-0.0253,445455.0,0.002,0.0864,323,-0.0543,-0.2172,0.9428,-0.0256,0.2638,0.0
202007,53023,"garfield, wa",149900.0,-0.1984,-0.1051,5,0.1111,-0.4444,90.0,-0.1937,0.9563,2,,-0.5,0,,,0.0,0.0,0.0,0.0,-1.0,-1.0,0.0,-0.1667,-0.1,2.0,-0.3333,0.0,80.0,-0.0725,0.03,1861.0,-0.0963,-0.075,181360.0,-0.0183,-0.032,7,-0.0667,-0.3636,0.4,-0.2667,0.1778,1.0
202007,53071,"walla walla, wa",432493.0,0.0111,0.1021,100,0.0101,-0.422,37.0,-0.2128,-0.2292,68,0.0968,-0.2093,0,-1.0,,0.0,-0.0069,0.0,24.0,-0.3333,-0.625,0.0831,-0.0386,-0.079,108.0,-0.1394,-0.1818,173.0,0.0008,0.0113,2492.0,0.0419,-0.0051,511614.0,0.1302,0.1178,208,-0.0879,-0.3186,1.08,-0.1877,0.317,0.0
202007,53035,"kitsap, wa",498500.0,0.0271,0.0201,431,-0.0103,-0.2317,32.0,-0.0857,-0.2099,382,-0.0402,-0.4281,32,1.0,0.6,0.0229,0.0114,0.0119,116.0,0.1837,-0.4727,0.0824,0.016,-0.0359,591.0,0.0351,0.0601,239.0,-0.0107,0.0762,2108.0,0.0241,-0.0626,691655.0,0.0471,-0.0004,1019,0.0185,-0.0845,1.3701,0.0601,0.3772,0.0
202007,53005,"benton, wa",426450.0,0.0096,0.1306,412,0.0538,-0.1025,40.0,-0.0482,0.3167,316,-0.0595,-0.1897,22,-0.0833,1.75,0.0206,-0.0014,0.0141,118.0,0.1132,-0.4158,0.1066,0.011,-0.0619,341.0,-0.0696,0.0476,188.0,0.0093,0.1108,2325.0,-0.0073,0.0254,460781.0,0.0258,0.1087,751,-0.0105,-0.0409,0.8287,-0.1099,0.1188,0.0
202007,53075,"whitman, wa",322450.0,0.0668,0.0546,79,0.0064,-0.3262,60.0,0.2888,0.2552,38,-0.2083,-0.3667,0,-1.0,,0.0,-0.0236,0.0,34.0,0.8889,-0.1053,0.2206,0.1056,0.0647,47.0,0.0682,0.1059,136.0,0.0938,-0.051,2349.0,0.0659,0.0781,344576.0,0.0373,0.0716,126,0.0287,-0.2082,0.5987,0.0346,0.2339,0.0
202007,53047,"okanogan, wa",378500.0,0.1646,0.1317,147,-0.1382,-0.3819,70.0,0.0109,0.1772,52,0.04,-0.2778,0,,-1.0,0.0,0.0,-0.0054,18.0,0.2857,-0.5,0.0681,0.016,-0.0386,64.0,0.3804,0.8955,214.0,0.0314,0.1003,1817.0,0.0685,0.0699,511882.0,0.0952,0.1641,210,-0.0345,-0.2279,0.4334,0.1629,0.2921,0.0
202007,53063,"spokane, wa",394948.0,0.0134,0.1288,744,-0.0529,-0.3812,37.0,-0.0135,0.058,932,-0.0528,-0.1386,100,-0.0385,1.0833,0.0304,-0.0018,0.0166,272.0,0.0462,-0.5018,0.0813,0.0031,-0.0601,1584.0,0.0397,0.0578,166.0,-0.0057,0.1709,2377.0,0.0052,-0.0257,463712.0,0.0096,0.126,2312,0.0028,-0.1418,2.1298,0.1897,0.8838,0.0
202007,53031,"jefferson, wa",507200.0,0.0265,0.0104,121,-0.0321,-0.0802,50.0,-0.0291,-0.0909,70,-0.0789,-0.3396,0,,,0.0,0.0,0.0,26.0,0.4444,-0.2778,0.0976,0.026,-0.0323,67.0,0.1667,0.1982,277.0,0.0495,0.0129,1903.0,0.0074,-0.0236,633011.0,0.0512,0.0197,186,0.022,-0.0054,0.5519,0.094,0.1282,0.0
202007,53001,"adams, wa",225000.0,0.1188,0.2784,37,0.3962,-0.0263,24.0,-0.0408,-0.6479,32,0.7778,1.6667,0,-1.0,,0.0,-0.0328,0.0,0.0,,-1.0,0.0,0.0,-0.0846,12.0,0.0435,-0.5714,136.0,0.2102,0.2759,1505.0,-0.0147,-0.1516,228578.0,0.0016,0.0425,48,0.2973,-0.2558,0.3243,-0.1096,-0.4125,1.0
202007,53073,"whatcom, wa",464950.0,0.023,0.0367,680,-0.0109,-0.0595,46.0,-0.1757,0.0398,414,0.0895,-0.2527,12,0.2,5.0,0.0082,0.0007,0.0069,156.0,0.4444,-0.1429,0.1117,0.031,-0.0016,324.0,0.1595,0.0555,260.0,0.0063,0.0758,1848.0,0.0183,-0.0359,595001.0,0.0377,0.0515,1016,0.0562,-0.0126,0.4761,0.07,0.0519,0.0
202007,53033,"king, wa",729987.0,0.0,0.019,3425,0.0337,-0.2529,30.0,0.0,-0.2105,3386,0.018,-0.2205,102,0.0625,0.8214,0.0106,0.0007,0.006,1012.0,0.15,-0.4144,0.0972,0.0065,-0.0383,3442.0,0.0891,0.2226,431.0,0.0282,0.1119,1895.0,-0.0186,-0.0774,1097294.0,0.0039,0.0465,6846,0.063,-0.0754,1.005,0.0511,0.3909,0.0
202007,53037,"kittitas, wa",506235.0,0.1012,0.2214,125,-0.0458,-0.3622,38.0,0.0486,-0.267,84,-0.125,-0.3115,2,,,0.0053,0.0053,0.0053,26.0,-0.2353,-0.5357,0.0757,-0.0263,-0.0534,124.0,0.0736,0.1754,244.0,0.0537,0.0555,2074.0,0.0706,0.1074,938933.0,0.1533,0.2534,247,-0.002,-0.1753,0.992,0.1103,0.4537,0.0
202007,53021,"franklin, wa",357225.0,0.0037,0.1492,88,-0.033,-0.2903,43.0,-0.2609,0.3077,100,0.0417,0.087,10,-0.1667,1.5,0.0302,-0.0123,0.0171,22.0,0.2222,-0.45,0.0678,0.0022,-0.059,120.0,0.0302,0.3132,185.0,0.01,0.1502,2013.0,-0.0057,0.0185,381676.0,0.0064,0.0678,206,-0.0072,-0.0441,1.358,0.0832,0.6241,0.0
202006,53029,"island, wa",528249.0,0.0062,0.1135,219,-0.0541,-0.3516,42.0,-0.125,-0.0118,158,-0.0125,-0.5,4,0.0,,0.0073,-0.0008,0.0073,40.0,-0.0909,-0.6296,0.0724,-0.0144,-0.0562,147.0,0.2564,-0.0982,274.0,0.0279,0.1282,1874.0,-0.0455,-0.0498,674974.0,0.0037,0.0854,365,0.0414,-0.2725,0.6728,0.1663,0.1891,0.0
202006,53057,"skagit, wa",462000.0,-0.0043,0.0524,285,-0.0733,-0.2834,45.0,-0.0426,0.0714,166,-0.0978,-0.544,12,0.0,,0.018,0.001,0.018,80.0,0.1765,-0.3103,0.1235,0.0193,0.0068,212.0,0.1522,0.0872,251.0,0.0285,0.0685,1960.0,0.0185,0.019,624350.0,-0.004,-0.022,499,-0.005,-0.1493,0.7452,0.1458,0.254,0.0
202006,53065,"stevens, wa",339900.0,-0.0132,0.0458,148,-0.0034,-0.3559,55.0,-0.056,0.1649,72,-0.0526,-0.28,0,,-1.0,0.0,0.0,-0.0086,36.0,0.5,-0.25,0.1055,0.0312,0.0029,113.0,0.2021,-0.0504,165.0,0.0439,0.095,2018.0,-0.03,-0.0608,390543.0,0.0195,-0.0378,262,0.0896,-0.2331,0.7661,0.131,0.2465,0.0
202006,53023,"garfield, wa",187000.0,-0.144,0.0278,5,0.125,-0.4375,111.0,-0.0976,1.6429,0,,-1.0,0,,,0.0,0.0,0.0,2.0,,,0.1667,0.1667,0.1667,3.0,-0.4,0.5,86.0,0.085,0.0185,2059.0,-0.1285,0.0235,184750.0,-0.1117,-0.0906,8,-0.1667,-0.25,0.6667,-0.5833,0.4167,1.0
202006,53007,"chelan, wa",504250.0,0.0292,0.1206,255,-0.0468,-0.314,40.0,-0.2982,-0.1111,144,-0.1818,-0.234,4,,,0.008,0.008,0.008,50.0,0.3889,-0.375,0.1062,0.0195,-0.0238,89.0,0.5259,0.6698,262.0,-0.0245,0.0685,1889.0,0.0399,-0.0529,608880.0,0.0067,0.016,342,0.0491,-0.1915,0.3477,0.1305,0.2049,0.0
202006,53045,"mason, wa",376550.0,0.0789,0.1445,174,-0.0695,-0.278,41.0,-0.0298,0.1479,156,0.3,-0.2041,2,-0.5,,0.0038,-0.0049,0.0038,48.0,0.5,-0.4,0.0974,0.0346,-0.0394,169.0,0.2481,-0.048,215.0,0.0529,0.1483,1702.0,0.0,-0.0321,444571.0,0.0334,0.1197,341,0.046,-0.1919,0.9684,0.2465,0.234,0.0
202006,53031,"jefferson, wa",494100.0,0.0008,0.0168,125,0.0289,-0.1043,52.0,-0.0721,0.1319,76,0.4615,-0.2963,0,,,0.0,0.0,0.0,18.0,0.5,-0.1,0.0716,0.0125,-0.0084,57.0,0.1875,0.0556,264.0,0.0039,0.0119,1889.0,-0.0109,0.0065,602156.0,-0.0099,-0.0136,182,0.0804,-0.0447,0.4578,0.0611,0.0693,0.0
202006,53069,"wahkiakum, wa",427475.0,0.085,0.3073,11,-0.2143,-0.6765,95.0,0.1524,0.9286,2,-0.5,-0.8333,0,,,0.0,0.0,0.0,2.0,,-0.75,0.0667,0.0667,-0.0872,4.0,-0.5,0.0,177.0,0.0513,-0.0385,2488.0,0.1117,0.2636,587704.0,0.2153,0.4695,17,-0.25,-0.5541,0.3636,-0.2078,0.246,1.0
202006,53039,"klickitat, wa",476750.0,-0.0451,0.0058,61,-0.0547,-0.3352,93.0,0.1036,1.1686,32,0.6,0.0,4,,,0.0308,0.0308,0.0308,36.0,0.8,0.125,0.2593,0.0926,0.0593,44.0,0.1757,42.5,216.0,-0.0121,-0.0305,2068.0,0.0051,-0.0662,605687.0,-0.0098,0.0903,105,0.045,0.1359,0.719,0.1409,0.708,1.0
202006,53071,"walla walla, wa",427748.0,0.0446,0.111,99,-0.1161,-0.3851,47.0,-0.0693,0.033,62,-0.0313,-0.2619,2,,,0.0069,0.0069,0.0069,36.0,-0.1,-0.4375,0.1217,-0.0202,-0.0409,126.0,0.1514,0.0913,173.0,-0.0119,0.0044,2392.0,0.0445,-0.005,452695.0,0.0457,0.0436,228,0.0294,-0.1697,1.2677,0.2945,0.5534,0.0
202006,53015,"cowlitz, wa",341625.0,0.0278,0.0374,209,0.053,-0.2162,41.0,-0.1735,0.0125,146,0.1061,-0.3364,34,-0.15,7.5,0.0648,-0.0119,0.0576,72.0,0.0,-0.2174,0.1341,-0.0146,-0.0391,200.0,0.2048,1.7778,193.0,-0.0004,0.0861,1787.0,0.0025,-0.0538,389967.0,-0.1766,-0.0919,381,0.081,0.1392,0.9592,0.1208,0.6886,0.0
202006,53063,"spokane, wa",389739.0,-0.0006,0.109,785,-0.0013,-0.2502,37.0,-0.0976,0.1563,984,0.1659,-0.1399,104,0.7333,0.625,0.0322,0.0124,0.0155,260.0,0.3542,-0.4248,0.0782,0.0132,-0.0409,1523.0,0.1761,-0.0262,167.0,0.0066,0.1579,2365.0,0.0053,-0.0479,459317.0,-0.012,0.095,2306,0.0916,-0.1264,1.9401,0.2925,0.4463,0.0
202006,53033,"king, wa",729975.0,0.0069,0.0069,3313,0.0504,-0.295,30.0,-0.1429,-0.0625,3326,0.2355,-0.2615,96,0.7143,0.2632,0.0099,0.0034,0.0038,880.0,0.0185,-0.5359,0.0907,-0.0157,-0.0632,3160.0,0.2737,0.0135,419.0,0.0163,0.0708,1931.0,-0.0247,-0.059,1092984.0,0.021,0.0421,6441,0.1456,-0.1675,0.9538,0.1672,0.2903,0.0
202006,53051,"pend oreille, wa",428725.0,0.1746,0.2253,61,0.0431,-0.5041,47.0,-0.225,0.0109,30,-0.0625,-0.25,0,,,0.0,0.0,0.0,6.0,,-0.7857,0.0528,0.0528,-0.0793,43.0,0.371,0.1184,197.0,0.0033,0.1088,2334.0,0.1341,0.1788,570369.0,0.0584,0.3927,101,0.1222,-0.3608,0.7025,0.168,0.391,0.0
202006,53027,"grays harbor, wa",263800.0,0.0185,0.0811,250,-0.062,-0.253,60.0,-0.0985,0.1667,140,0.2963,-0.4262,10,1.5,,0.0184,0.0094,0.0184,42.0,-0.0455,-0.4474,0.0776,-0.0077,-0.0258,150.0,0.3716,0.0993,179.0,-0.0246,0.0427,1456.0,0.0111,-0.0075,292119.0,0.0354,0.0139,399,0.0472,-0.1511,0.5992,0.1894,0.192,0.0
202006,53075,"whitman, wa",302250.0,-0.0008,0.0246,78,-0.1702,-0.3036,47.0,-0.0922,0.2635,48,0.0,-0.2941,4,,,0.0236,0.0236,0.0236,18.0,-0.5,-0.55,0.115,-0.0765,-0.0575,44.0,0.0732,-0.12,124.0,-0.121,-0.1256,2204.0,-0.0256,0.0064,332182.0,-0.0226,0.0366,122,-0.0758,-0.2469,0.5641,0.1279,0.1177,0.0
202006,53005,"benton, wa",422400.0,-0.0154,0.1418,391,0.0143,-0.0746,42.0,-0.1863,0.2206,336,0.1507,-0.0562,24,0.0,1.0,0.022,-0.0036,0.0114,106.0,0.2619,-0.4362,0.0956,0.0125,-0.0778,367.0,0.0562,0.0324,186.0,0.0125,0.0979,2342.0,-0.017,0.0547,449197.0,0.0005,0.0987,759,0.044,-0.0039,0.9385,0.0372,0.0973,0.0
202006,53017,"douglas, wa",399000.0,0.0101,-0.0203,102,-0.0893,-0.0811,45.0,-0.1176,0.0465,64,-0.1111,-0.1579,0,,,0.0,0.0,0.0,30.0,0.0714,0.0714,0.1392,0.0077,0.0205,49.0,0.3108,-0.049,205.0,-0.009,0.0304,2041.0,0.0329,-0.0309,501711.0,-0.0232,-0.0991,152,0.0168,-0.059,0.4755,0.1451,0.016,0.0
202006,53025,"grant, wa",280250.0,0.0013,-0.0163,217,-0.0647,-0.1423,50.0,-0.1885,-0.0833,96,-0.1429,-0.3143,4,0.0,0.0,0.0083,-0.0002,0.001,28.0,0.1667,-0.5625,0.0522,0.001,-0.0521,178.0,0.5848,0.0823,164.0,0.0141,0.0669,1655.0,-0.003,-0.0713,320830.0,0.0197,-0.1016,392,0.1297,-0.0667,0.818,0.3352,0.1698,0.0
202006,53049,"pacific, wa",280575.0,0.0021,0.1114,125,-0.0157,-0.2857,67.0,-0.1656,0.2361,50,0.0417,-0.375,6,,,0.0222,0.0222,0.0222,24.0,0.2,0.0,0.0938,0.0267,0.0113,79.0,0.881,1.0256,187.0,0.0168,0.0692,1613.0,-0.0043,0.0668,343471.0,0.0017,0.0113,206,0.0842,-0.0329,0.632,0.3013,0.4091,0.0
202006,53061,"snohomish, wa",577000.0,0.0036,0.0491,1045,-0.0628,-0.3301,33.0,0.0645,0.0,1108,-0.0107,-0.4043,118,0.8438,1.95,0.0306,0.0139,0.0224,258.0,-0.1623,-0.6335,0.0663,-0.0152,-0.0805,1715.0,0.1479,0.2741,276.0,0.0085,0.0367,2163.0,-0.0144,0.0293,662539.0,0.0138,0.0401,2758,0.0437,-0.0504,1.6411,0.3012,0.7783,0.0
202006,53011,"clark, wa",474998.0,0.013,0.0353,1167,-0.0749,-0.3633,47.0,-0.0962,0.175,836,0.0296,-0.2428,474,0.539,4.3864,0.1317,0.0413,0.1029,498.0,-0.004,-0.2845,0.1398,-0.0082,-0.0881,1580.0,0.2437,17.1552,221.0,0.0071,0.0779,2205.0,0.0157,-0.0261,569764.0,0.0013,0.0718,2741,0.0657,0.4283,1.3541,0.3469,1.3066,0.0
202006,53067,"thurston, wa",406225.0,-0.009,0.0158,421,-0.0465,-0.2096,32.0,-0.1111,0.0323,436,0.1596,-0.3736,20,0.0,0.6667,0.0148,-0.0008,0.0078,106.0,0.2045,-0.4239,0.0732,0.0019,-0.0243,560.0,0.1618,-0.0698,214.0,-0.0085,0.118,2021.0,0.0158,-0.0646,514133.0,0.0043,0.0312,985,0.0748,-0.117,1.3317,0.2388,0.2002,0.0
202006,53059,"skamania, wa",540725.0,0.1312,0.0817,27,-0.0357,-0.2059,97.0,0.5117,0.9948,14,0.1667,0.1667,0,,,0.0,0.0,0.0,12.0,0.5,0.0,0.1793,0.0255,-0.076,23.0,-0.0417,22.0,220.0,0.0442,0.0606,2432.0,-0.0442,-0.1036,652912.0,0.1928,-0.0477,50,-0.01,0.4143,0.8519,-0.0053,0.8224,0.0
202006,53047,"okanogan, wa",325000.0,0.0002,-0.044,170,0.0,-0.2308,69.0,-0.0282,0.4681,50,-0.0385,-0.4318,0,,,0.0,0.0,0.0,14.0,-0.3,-0.5625,0.0521,-0.036,-0.0412,46.0,0.3939,0.0952,208.0,0.0985,0.0798,1700.0,-0.0401,0.0107,467385.0,0.0241,0.0685,218,0.0714,-0.173,0.2706,0.0765,0.0805,0.0
202006,53073,"whatcom, wa",454500.0,0.0332,0.01,687,0.0409,0.0118,56.0,0.0278,0.3875,380,0.25,-0.3949,10,1.5,1.5,0.0075,0.0043,0.005,108.0,0.0,-0.3077,0.0807,-0.0092,-0.0171,279.0,0.2511,-0.0606,259.0,0.005,0.0625,1815.0,0.0046,-0.0548,573392.0,0.0456,0.0014,962,0.0695,-0.0108,0.4061,0.0682,-0.0313,0.0
202006,53037,"kittitas, wa",459725.0,0.0819,0.0818,131,0.1197,-0.3177,36.0,-0.2174,-0.0526,96,0.0909,-0.2727,0,,,0.0,0.0,0.0,34.0,0.7,-0.3929,0.102,0.0277,-0.0438,116.0,0.2031,0.0313,232.0,0.01,0.0105,1938.0,-0.0195,-0.0056,814120.0,0.0031,0.0765,248,0.1842,-0.1859,0.8817,0.0612,0.2983,0.0
202006,53055,"san juan, wa",910000.0,0.1461,0.1592,201,0.0282,-0.1395,103.0,0.0729,0.7913,38,0.1875,-0.2692,0,,,0.0,0.0,0.0,12.0,-0.25,-0.4,0.046,-0.018,-0.0216,24.0,0.3333,0.0,455.0,0.0627,0.1545,2108.0,0.0344,0.1219,1377554.0,0.0592,0.1526,224,0.0467,-0.1284,0.1197,0.0274,0.0167,0.0
202006,53021,"franklin, wa",355900.0,0.0169,0.1342,91,0.0111,-0.2288,58.0,-0.1606,0.1979,96,0.1429,-0.1429,12,0.5,2.0,0.0425,0.0142,0.0276,18.0,-0.1,-0.3571,0.0655,-0.0051,-0.0217,116.0,0.2609,0.2609,183.0,0.0086,0.1426,2025.0,-0.0158,0.0345,379234.0,0.0268,0.058,208,0.1216,-0.0072,1.2747,0.2525,0.4951,0.0
202006,53003,"asotin, wa",267400.0,0.0429,-0.0841,31,-0.1974,-0.39,71.0,0.0677,1.0882,22,0.1,-0.3889,0,,,0.0,0.0,0.0,6.0,0.5,-0.25,0.0572,0.0205,-0.0237,53.0,0.0192,3.4167,134.0,0.0169,0.0244,2057.0,0.1092,-0.0219,388139.0,-0.0071,0.0699,83,-0.0674,0.4068,1.7377,0.3693,1.4977,1.0
202006,53053,"pierce, wa",467500.0,0.0275,0.0406,1342,-0.0197,-0.128,35.0,-0.0278,0.1667,1302,0.0743,-0.4188,106,0.5588,0.8929,0.0242,0.0077,0.014,274.0,-0.1438,-0.5823,0.0636,-0.016,-0.0561,1687.0,0.1723,0.0766,232.0,0.0048,0.1206,2098.0,0.0242,-0.063,566206.0,0.0129,0.0641,3021,0.0632,-0.0297,1.2571,0.2059,0.2389,0.0
202006,53077,"yakima, wa",360000.0,0.0435,0.0746,223,-0.0219,-0.3555,45.0,-0.1275,0.1125,166,0.1857,-0.3083,12,2.0,0.5,0.0184,0.0113,0.0088,74.0,0.6818,-0.3148,0.1172,0.0389,-0.0225,253.0,0.1075,0.0264,164.0,-0.013,0.0399,2112.0,0.0233,0.0292,400171.0,0.0256,0.0599,470,0.0433,-0.2029,1.1323,0.1323,0.4213,0.0
202006,53009,"clallam, wa",449125.0,0.0568,0.0469,209,-0.0071,-0.271,59.0,-0.0781,0.1132,120,0.2,-0.2105,2,,,0.0038,0.0038,0.0038,48.0,0.3333,-0.4,0.095,0.0141,-0.0363,178.0,0.3867,0.026,223.0,0.0147,0.0796,2041.0,0.0202,0.0267,532420.0,0.0406,0.0973,376,0.1157,-0.1772,0.8513,0.2418,0.2464,0.0
202006,53043,"lincoln, wa",352500.0,-0.007,0.3068,42,0.05,-0.0233,60.0,0.0482,-0.1871,14,-0.4167,0.1667,2,,,0.0244,0.0244,0.0244,6.0,-0.5,-0.25,0.0734,-0.0503,-0.046,24.0,0.3056,0.3824,146.0,0.0103,0.0625,2149.0,0.0505,0.0877,406405.0,0.0365,0.2456,66,0.0738,0.1102,0.5595,0.1095,0.1642,0.0
202006,53001,"adams, wa",201108.0,-0.0044,0.1525,27,0.2045,-0.2838,25.0,-0.6397,-0.5625,18,0.5,0.125,2,,,0.0328,0.0328,0.0328,0.0,,-1.0,0.0,0.0,-0.044,12.0,0.15,-0.54,113.0,0.1155,0.1043,1528.0,-0.0908,-0.1533,228222.0,-0.002,0.0682,37,0.2333,-0.3934,0.434,-0.0206,-0.2417,0.0
202006,53019,"ferry, wa",299450.0,-0.232,-0.0309,28,0.037,-0.4815,45.0,-0.4578,-0.1176,10,1.5,0.25,0,,,0.0,0.0,0.0,0.0,,-1.0,0.0,0.0,-0.0548,12.0,0.2778,0.15,130.0,-0.0046,-0.101,2323.0,0.2201,0.2201,427989.0,-0.0528,0.1664,40,0.1429,-0.375,0.4107,0.0774,0.2255,0.0
202006,53013,"columbia, wa",213425.0,0.1236,0.2629,21,-0.1087,-0.2115,75.0,0.2213,0.5851,6,-0.625,0.5,0,,,0.0,0.0,0.0,6.0,0.5,0.5,0.1356,0.0505,0.033,20.0,0.95,0.3929,137.0,0.0404,0.0855,1827.0,-0.0865,-0.0549,254442.0,-0.0021,0.0233,40,0.1765,0.0,0.9512,0.5164,0.4128,0.0
202006,53041,"lewis, wa",334000.0,0.0138,0.0689,220,-0.0476,0.0185,60.0,0.0818,0.4875,124,0.2917,-0.3922,12,2.0,,0.0246,0.0163,0.0246,58.0,0.3182,-0.2368,0.1216,0.0301,-0.0163,139.0,0.1446,0.2149,186.0,-0.0115,0.0867,1801.0,0.0115,0.0107,401862.0,0.0118,0.1336,359,0.0243,0.0831,0.6295,0.1057,0.1018,0.0
202006,53035,"kitsap, wa",485347.0,-0.0095,0.0007,436,-0.0235,-0.1965,35.0,-0.186,-0.0278,398,-0.005,-0.3411,16,-0.2,-0.2,0.0115,-0.0055,0.0,98.0,-0.0577,-0.4024,0.0663,-0.0093,-0.0277,571.0,0.1319,-0.0396,241.0,0.0235,0.104,2058.0,0.0,-0.0958,660520.0,0.0523,-0.0423,1000,0.0471,-0.1236,1.31,0.1799,0.214,0.0
202005,53021,"franklin, wa",350000.0,0.0296,0.0831,90,-0.0674,-0.2829,69.0,-0.0352,0.4891,84,0.2353,-0.2075,8,3.0,0.0,0.0283,0.0203,0.003,20.0,1.0,0.0,0.0707,0.0317,0.0074,92.0,0.0166,0.0888,181.0,-0.0183,0.0942,2057.0,0.0085,0.0091,369328.0,0.0291,0.0133,185,-0.0133,-0.1315,1.0222,0.0844,0.3489,0.0
202005,53019,"ferry, wa",389900.0,0.1997,0.1997,27,-0.1,-0.46,83.0,-0.3724,1.2133,4,0.0,-0.8333,0,,,0.0,0.0,0.0,0.0,,-1.0,0.0,0.0,-0.02,9.0,0.5,-0.4194,131.0,-0.1359,0.0046,1904.0,0.0149,-0.0475,451868.0,0.0171,0.2517,35,-0.0141,-0.4531,0.3333,0.1333,0.0233,1.0
202005,53023,"garfield, wa",218450.0,0.1682,0.2606,4,-0.4286,-0.4667,123.0,0.7083,1.2991,0,-1.0,-1.0,0,,,0.0,0.0,0.0,0.0,-1.0,,0.0,-0.1053,0.0,5.0,1.0,4.0,80.0,0.0124,-0.0613,2363.0,0.0972,0.1745,207971.0,0.0265,-0.0003,9,-0.0526,0.0588,1.25,0.8929,1.1167,1.0
202005,53053,"pierce, wa",454995.0,-0.0075,0.0059,1369,0.1099,-0.0172,36.0,0.2414,0.5158,1212,0.3289,-0.4807,68,-0.2273,0.4783,0.0165,-0.0081,0.0079,320.0,0.1348,-0.4631,0.0796,-0.0016,-0.028,1439.0,0.1014,-0.0137,231.0,0.01,0.1097,2048.0,-0.0233,-0.0879,558999.0,-0.0049,0.0477,2841,0.1209,-0.0049,1.0511,-0.008,0.0038,0.0
202005,53049,"pacific, wa",280000.0,-0.0651,0.0887,127,0.0539,-0.2303,80.0,-0.0698,0.5238,48,1.1818,-0.52,0,,-1.0,0.0,0.0,-0.0116,20.0,2.3333,-0.1667,0.067,0.0368,-0.0114,42.0,0.05,0.377,184.0,-0.0085,0.0585,1620.0,-0.0317,0.0723,342903.0,-0.061,0.0052,190,0.1912,-0.0181,0.3307,-0.0012,0.1459,0.0
202005,53055,"san juan, wa",794000.0,0.0308,0.0252,195,0.0183,-0.0692,96.0,-0.3131,0.7534,32,0.3333,-0.6596,0,,-1.0,0.0,0.0,-0.0054,16.0,0.1429,0.6,0.064,0.0132,0.0348,18.0,0.0,-0.2,429.0,0.0412,0.1027,2038.0,-0.0054,0.0813,1300512.0,-0.0126,0.0578,214,0.0215,-0.0736,0.0923,-0.0017,-0.0151,0.0
202005,53005,"benton, wa",429000.0,0.0383,0.1786,385,-0.0387,-0.061,51.0,0.2911,0.3247,292,0.0977,-0.2843,24,2.0,-0.1429,0.0256,0.0171,0.0004,84.0,0.05,-0.2759,0.0831,0.0011,-0.0215,347.0,0.1433,0.0677,184.0,0.0097,0.0822,2383.0,0.0289,0.0954,448978.0,0.0275,0.1288,727,0.0254,-0.0109,0.9013,0.1435,0.1086,0.0
202005,53033,"king, wa",725000.0,0.0,-0.0163,3154,0.1986,-0.2636,35.0,0.129,0.2281,2692,0.5295,-0.4253,56,0.0769,-0.3171,0.0066,0.0002,0.0,864.0,0.6426,-0.4801,0.1064,0.028,-0.0306,2481.0,0.1176,-0.1655,412.0,0.009,0.0467,1980.0,-0.0161,-0.0439,1070494.0,0.0013,-0.01,5622,0.1611,-0.2308,0.7866,-0.057,0.0925,0.0
202005,53047,"okanogan, wa",324950.0,0.1015,0.0001,170,0.0303,-0.0608,71.0,-0.1768,0.1181,52,1.3636,-0.5738,0,,,0.0,0.0,0.0,20.0,1.0,0.1111,0.0881,0.043,0.0377,33.0,-0.0294,-0.12,189.0,0.0796,0.0353,1771.0,0.0504,0.024,456380.0,0.0505,0.1674,203,0.0305,-0.0709,0.1941,-0.0119,-0.0131,0.0
202005,53001,"adams, wa",202000.0,0.0125,0.1856,22,0.0476,-0.2667,68.0,-0.0872,-0.1807,12,1.0,0.0,0,,,0.0,0.0,0.0,0.0,-1.0,-1.0,0.0,-0.0476,-0.0345,10.0,-0.2593,-0.5238,101.0,-0.1396,-0.0044,1680.0,-0.1362,-0.0711,228673.0,-0.0413,0.0437,30,-0.1176,-0.4118,0.4545,-0.1883,-0.2455,0.0
202005,53015,"cowlitz, wa",332400.0,0.0835,0.0096,198,0.0,-0.1628,49.0,0.095,0.4101,132,0.0476,-0.4454,40,0.1765,19.0,0.0768,0.0034,0.0734,72.0,0.7143,-0.2174,0.1488,0.056,-0.0187,166.0,0.0375,1.4962,193.0,0.0029,0.13,1782.0,0.0221,-0.0745,473591.0,0.0015,0.0881,352,0.0292,0.1636,0.8384,0.0303,0.5572,0.0
202005,53043,"lincoln, wa",355000.0,-0.0501,0.42,40,0.2903,-0.0476,57.0,0.3988,0.0,24,2.0,1.0,0,,,0.0,0.0,0.0,12.0,5.0,1.0,0.1237,0.0873,0.0418,18.0,0.0909,0.2414,144.0,-0.0138,-0.042,2046.0,-0.1241,0.107,392105.0,-0.0558,0.3535,61,0.2708,0.1193,0.45,-0.0823,0.1048,1.0
202005,53029,"island, wa",525000.0,0.0511,0.1292,231,-0.0233,-0.2724,48.0,0.1361,0.1163,160,0.3333,-0.4937,4,,1.0,0.0081,0.0081,0.0057,44.0,0.6923,-0.6508,0.0868,0.03,-0.0733,117.0,0.1196,-0.1875,267.0,0.0281,0.1171,1963.0,0.0136,0.0143,672461.0,0.0552,0.0728,350,0.0189,-0.2481,0.5065,0.0646,0.053,0.0
202005,53057,"skagit, wa",464000.0,-0.0472,0.0088,307,0.0753,-0.1315,47.0,0.093,0.1325,184,0.3143,-0.5132,12,5.0,5.0,0.0169,0.0137,0.0148,68.0,0.7895,-0.3462,0.1041,0.0352,-0.0005,184.0,0.1646,0.0194,244.0,0.018,0.0157,1924.0,-0.0397,-0.031,626838.0,-0.0342,-0.0419,501,0.1297,-0.0529,0.5993,0.0459,0.0887,0.0
202005,53041,"lewis, wa",329450.0,0.0129,0.0673,231,-0.0128,0.1907,55.0,0.1055,0.2865,96,0.3333,-0.5556,4,1.0,1.0,0.0083,0.0036,0.0048,44.0,-0.3333,-0.12,0.0915,-0.04,-0.0028,121.0,0.2222,0.1152,188.0,0.0042,0.1203,1781.0,0.0201,-0.0361,397159.0,0.0325,0.1202,350,0.0574,0.1494,0.5238,0.1007,-0.0355,0.0
202005,53039,"klickitat, wa",499250.0,0.0691,0.0379,64,0.0,-0.2,85.0,-0.0663,1.6825,20,0.0,-0.6667,0,-1.0,,0.0,-0.0196,0.0,20.0,0.6667,0.4286,0.1667,0.0506,0.0765,37.0,0.48,,219.0,-0.0406,-0.0514,2057.0,0.0311,-0.1139,611693.0,0.0193,0.0128,100,0.1429,0.25,0.5781,0.1875,0.5781,1.0
202005,53007,"chelan, wa",489950.0,0.0315,0.0985,267,0.1056,-0.1721,57.0,0.1633,0.3256,176,0.6604,-0.0833,0,,,0.0,0.0,0.0,36.0,0.0588,-0.4194,0.0867,0.0073,-0.0214,58.0,0.381,0.1048,268.0,0.0577,0.0774,1816.0,-0.0237,-0.0807,604818.0,0.0309,0.0016,326,0.1499,-0.1272,0.2172,0.0433,0.0544,0.0
202005,53017,"douglas, wa",395000.0,-0.0264,-0.0623,112,0.0769,0.1089,51.0,0.1209,0.6585,72,0.2,-0.1,0,,-1.0,0.0,0.0,-0.0085,28.0,0.4,0.4,0.1315,0.0314,0.0506,37.0,0.2131,-0.2043,207.0,-0.028,0.036,1976.0,0.0128,-0.0491,513604.0,0.0075,-0.0396,149,0.0916,0.0068,0.3304,0.0371,-0.13,0.0
202005,53077,"yakima, wa",345000.0,0.0185,0.0622,228,-0.0637,-0.2597,51.0,0.0625,0.3077,140,-0.0541,-0.3458,4,-0.3333,-0.7143,0.0071,-0.0027,-0.0113,44.0,0.1,-0.5217,0.0783,0.0093,-0.0393,228.0,0.0704,-0.0843,166.0,0.0058,0.0593,2064.0,-0.0129,0.0385,390166.0,0.0145,0.0552,450,-0.0011,-0.1892,1.0,0.1253,0.1916,0.0
202005,53063,"spokane, wa",389990.0,0.0066,0.0915,786,0.0195,-0.1424,41.0,0.0649,0.3226,844,0.3312,-0.2243,60,0.4286,-0.2857,0.0198,0.0031,-0.0046,192.0,0.2632,-0.4286,0.0649,0.0068,-0.0321,1295.0,0.1486,-0.0919,165.0,0.0081,0.1267,2353.0,-0.0007,-0.0345,464872.0,0.0083,0.081,2112,0.1049,-0.1015,1.6476,0.1852,0.0917,0.0
202005,53069,"wahkiakum, wa",394000.0,0.2361,0.166,14,-0.2432,-0.5,82.0,-0.1368,0.9524,4,0.0,-0.8,0,,,0.0,0.0,0.0,0.0,-1.0,,0.0,-0.169,0.0,8.0,0.1429,1.0,169.0,-0.0479,-0.0932,2238.0,0.0514,0.1366,483594.0,0.0964,0.196,22,-0.102,-0.3529,0.5714,0.1931,0.4286,1.0
202005,53013,"columbia, wa",189950.0,-0.0244,0.0854,23,0.0455,0.0222,61.0,0.0655,-0.5041,16,3.0,1.0,0,,,0.0,0.0,0.0,4.0,0.0,0.0,0.0851,-0.014,0.0084,10.0,0.4286,-0.1667,132.0,0.0491,0.2168,2000.0,0.027,-0.0852,254965.0,0.0707,0.0299,34,0.193,-0.0286,0.4348,0.1166,-0.0986,1.0
202005,53075,"whitman, wa",302500.0,-0.0832,-0.0178,94,-0.0259,-0.0457,52.0,0.2262,0.2875,48,0.1429,-0.3333,0,,,0.0,0.0,0.0,36.0,2.6,0.0,0.1915,0.1319,0.0288,41.0,0.2615,-0.2545,141.0,0.0013,0.0276,2262.0,-0.0432,0.015,339878.0,-0.048,0.0517,132,0.0193,-0.1373,0.4362,0.0994,-0.1222,0.0
202005,53067,"thurston, wa",409900.0,0.0325,0.0165,441,0.034,-0.0945,36.0,0.1077,0.3211,376,0.3147,-0.4933,20,0.25,-0.0909,0.0156,0.0013,0.005,88.0,0.0,-0.5165,0.0713,-0.0005,-0.0279,482.0,0.1545,-0.1711,215.0,-0.0009,0.1215,1989.0,0.0324,-0.0838,511917.0,0.0308,0.0194,916,0.0924,-0.1451,1.093,0.1141,-0.1011,0.0
202005,53051,"pend oreille, wa",365000.0,0.132,0.0937,58,0.2609,-0.3626,60.0,-0.0909,0.5,32,0.3333,-0.4839,0,,,0.0,0.0,0.0,0.0,-1.0,-1.0,0.0,-0.0202,-0.0992,31.0,-0.1268,0.1273,196.0,0.0685,0.0325,2058.0,0.0234,0.137,538886.0,0.0502,0.2442,90,0.118,-0.2373,0.5345,-0.2373,0.2323,0.0
202005,53009,"clallam, wa",425000.0,0.0539,0.0066,210,-0.0433,-0.209,64.0,0.4463,0.3264,100,0.1905,-0.359,0,,-1.0,0.0,0.0,-0.0033,36.0,1.5714,-0.3571,0.0809,0.0442,-0.0216,128.0,0.1689,-0.205,220.0,-0.0008,0.0396,2001.0,0.023,0.0145,511641.0,0.0432,0.0689,337,0.0197,-0.2024,0.6095,0.1107,0.0031,0.0
202005,53011,"clark, wa",468900.0,0.0182,0.0374,1261,0.0165,-0.2426,52.0,0.1954,0.4054,812,0.3624,-0.2951,308,0.2419,3.0526,0.0904,0.0088,0.0599,500.0,0.0823,-0.1582,0.148,-0.0049,-0.0582,1270.0,0.0686,17.9552,219.0,0.0058,0.0683,2171.0,0.0008,-0.0319,568997.0,0.0003,0.0694,2572,0.0622,0.4876,1.0071,0.0491,0.9669,0.0
202005,53065,"stevens, wa",344450.0,0.1397,0.0892,148,-0.0067,-0.3393,58.0,0.0043,0.6812,76,0.4074,-0.4412,0,,,0.0,0.0,0.0,24.0,0.0909,-0.4783,0.0743,-0.006,-0.0214,94.0,0.3623,-0.0553,159.0,0.0541,0.0651,2080.0,0.0205,-0.0223,383057.0,0.005,-0.0584,240,0.1034,-0.2512,0.6351,0.172,0.1909,0.0
202005,53031,"jefferson, wa",493700.0,0.0307,0.0527,121,0.0254,0.0568,56.0,0.0472,0.3537,52,0.2381,-0.4902,0,,-1.0,0.0,0.0,-0.0059,12.0,-0.3333,-0.4545,0.0591,-0.0327,-0.0168,48.0,0.3714,-0.1795,263.0,0.0233,0.0871,1910.0,-0.023,0.0355,608157.0,0.0952,0.1191,168,0.1126,-0.0289,0.3967,0.1001,-0.1142,0.0
202005,53073,"whatcom, wa",439900.0,0.001,-0.0107,660,0.0619,0.0793,54.0,0.3171,0.3758,304,0.1095,-0.5657,4,0.0,0.0,0.0032,-0.0003,0.0011,108.0,0.08,-0.3494,0.0899,0.0097,-0.0118,223.0,0.0068,-0.2389,257.0,0.006,0.0571,1807.0,0.0155,-0.0341,548392.0,-0.0012,-0.0393,899,0.0645,-0.0022,0.3379,-0.0185,-0.1413,0.0
202005,53027,"grays harbor, wa",259000.0,0.0121,0.0322,266,-0.031,-0.0922,66.0,0.0909,0.2166,108,0.5,-0.5091,4,1.0,-0.3333,0.0091,0.0059,0.0,44.0,0.1579,-0.3714,0.0853,0.004,-0.0178,109.0,0.0481,-0.1985,183.0,0.0373,0.0668,1440.0,0.0168,-0.0389,282140.0,0.0089,-0.0583,381,0.004,-0.116,0.4098,0.0309,-0.0544,0.0
202005,53025,"grant, wa",279900.0,-0.0246,-0.0191,232,0.045,-0.0938,61.0,0.1455,0.5844,112,1.0,-0.3412,4,-0.3333,,0.0085,-0.0037,0.0085,24.0,0.0,-0.6,0.0512,-0.0117,-0.0422,112.0,0.1728,-0.2656,162.0,0.0163,0.0615,1660.0,-0.0017,-0.0685,314644.0,-0.0168,-0.1265,347,0.0644,-0.1547,0.4828,0.0526,-0.1129,0.0
202005,53061,"snohomish, wa",574925.0,0.0104,0.0454,1115,0.0937,-0.2156,31.0,0.0508,0.1376,1120,0.4545,-0.3672,64,0.8824,0.6,0.0168,0.0059,0.0081,308.0,0.3391,-0.452,0.0816,0.0068,-0.0394,1494.0,0.1727,0.1366,273.0,0.0014,0.0267,2194.0,0.012,0.0436,653499.0,0.0076,0.0153,2642,0.1567,-0.0333,1.3399,0.0903,0.4152,0.0
202005,53045,"mason, wa",349000.0,0.0465,0.06,187,-0.0106,-0.09,42.0,0.0909,0.2632,120,0.875,-0.4872,4,1.0,,0.0087,0.0053,0.0087,32.0,-0.0588,-0.5556,0.0627,-0.009,-0.0573,135.0,0.6071,-0.0559,204.0,0.0128,0.0824,1702.0,0.0128,-0.0319,430189.0,0.0584,0.0532,326,0.1769,-0.0646,0.7219,0.2775,0.0261,0.0
202005,53071,"walla walla, wa",409500.0,0.031,0.0778,112,0.0616,-0.2934,51.0,-0.1217,0.2949,64,0.0667,-0.3191,0,-1.0,-1.0,0.0,-0.0072,-0.0059,40.0,2.3333,-0.2,0.1418,0.0917,0.0021,109.0,0.172,0.0634,175.0,0.0684,0.037,2290.0,-0.0106,-0.0329,432908.0,-0.0014,-0.0031,221,0.1218,-0.1565,0.9732,0.0917,0.3265,0.0
202005,53059,"skamania, wa",478000.0,-0.001,-0.0486,28,-0.1515,-0.0968,64.0,0.4222,0.5901,12,5.0,-0.4,0,-1.0,,0.0,-0.0313,0.0,8.0,-0.3333,0.0,0.1538,-0.0824,0.0324,24.0,0.4118,15.0,211.0,-0.0385,-0.0135,2544.0,0.1014,0.0111,547384.0,-0.0052,-0.1592,50,-0.0099,0.4925,0.8571,0.342,0.8088,0.0
202005,53035,"kitsap, wa",490000.0,0.0031,0.0371,446,-0.0078,-0.1272,43.0,0.2836,0.5636,400,0.4085,-0.4083,20,1.5,0.0,0.0169,0.0101,0.0072,104.0,0.3333,-0.35,0.0756,0.0093,-0.0149,504.0,0.1667,-0.0606,236.0,-0.0089,0.1206,2058.0,0.0,-0.0922,627712.0,0.0194,-0.0341,955,0.0846,-0.0944,1.13,0.169,0.0801,0.0
202005,53003,"asotin, wa",256400.0,0.0799,-0.1756,38,-0.1163,-0.2165,67.0,0.2258,0.5114,20,-0.3333,-0.5455,0,,,0.0,0.0,0.0,4.0,-0.75,-0.3333,0.0367,-0.1007,-0.0056,52.0,7.0,0.4247,132.0,0.0128,0.0096,1855.0,0.0877,-0.1182,390903.0,0.3255,0.0869,89,0.78,0.0723,1.3684,1.2173,0.6158,1.0
202005,53037,"kittitas, wa",424925.0,-0.0232,-0.0515,117,0.0218,-0.2909,46.0,0.4488,0.4375,88,0.4194,-0.551,0,-1.0,-1.0,0.0,-0.0058,-0.0041,20.0,-0.3333,-0.6552,0.0743,-0.0353,-0.0455,96.0,0.4118,-0.0634,229.0,-0.0151,-0.0056,1976.0,0.0684,-0.0505,811599.0,0.0171,0.0246,209,0.1359,-0.2187,0.8205,0.2266,0.1993,0.0
202004,53067,"thurston, wa",397000.0,0.0461,-0.0548,427,0.0518,-0.0533,33.0,0.2381,0.0744,286,-0.3616,-0.5185,16,-0.3846,-0.6667,0.0144,-0.0064,-0.0168,88.0,0.2222,-0.3333,0.0718,0.0163,-0.0112,418.0,-0.0188,-0.213,216.0,0.0031,0.1389,1927.0,0.0186,-0.1479,496620.0,0.0172,-0.0346,839,0.0133,-0.1418,0.9789,-0.0704,-0.1987,0.0
202004,53077,"yakima, wa",338750.0,0.0114,0.0266,244,-0.0102,-0.1718,48.0,0.0726,0.0267,148,-0.119,-0.2816,6,-0.25,-0.4,0.0098,-0.0024,-0.0043,40.0,-0.2308,-0.3939,0.069,-0.0102,-0.0237,213.0,-0.0448,0.029,165.0,0.0091,0.0611,2091.0,0.0189,0.0291,384581.0,-0.0252,0.0132,451,-0.0301,-0.1017,0.8747,-0.0318,0.1707,0.0
202004,53049,"pacific, wa",299500.0,0.0249,0.1584,121,-0.0549,-0.2276,86.0,0.0818,0.207,22,-0.5217,-0.6563,0,-1.0,,0.0,-0.009,0.0,6.0,-0.7,-0.625,0.0302,-0.0636,-0.0389,40.0,0.0811,0.3793,186.0,0.0196,0.0772,1673.0,0.0359,0.1048,365179.0,0.0544,0.0564,160,-0.0478,-0.1378,0.332,0.0418,0.1461,0.0
202004,53055,"san juan, wa",770250.0,-0.0103,-0.0323,192,0.0132,0.1166,140.0,-0.1224,0.259,24,-0.4286,-0.5714,0,,-1.0,0.0,0.0,-0.0081,14.0,-0.3,0.75,0.0508,-0.0323,0.0215,18.0,-0.0769,-0.1429,412.0,0.0088,0.0243,2049.0,-0.0117,0.0322,1317153.0,0.0022,-0.01,210,0.0121,0.0827,0.094,-0.0092,-0.0285,0.0
202004,53071,"walla walla, wa",397175.0,-0.0566,0.0795,106,0.0096,-0.2243,58.0,-0.0945,-0.2333,60,-0.0909,-0.2308,2,,,0.0072,0.0072,0.0072,12.0,-0.5385,-0.7143,0.0501,-0.0577,-0.0956,93.0,0.0276,0.069,164.0,-0.0501,0.0175,2315.0,-0.0239,-0.0127,433531.0,-0.03,0.0617,197,0.0103,-0.1244,0.8815,0.0155,0.2418,0.0
202004,53005,"benton, wa",413160.0,0.0266,0.1029,401,0.0376,0.0191,40.0,0.254,-0.1124,266,-0.1739,-0.125,8,-0.7333,-0.5556,0.0086,-0.021,-0.0099,80.0,-0.2157,-0.1304,0.082,-0.0114,-0.0122,304.0,0.005,0.082,182.0,-0.0007,0.0825,2316.0,0.0078,0.0531,436952.0,0.0097,0.089,709,0.0268,0.0662,0.7578,-0.0246,0.0441,0.0
202004,53023,"garfield, wa",187000.0,0.1,0.1695,7,0.0,-0.3333,72.0,0.5158,0.6364,8,,0.3333,0,,,0.0,0.0,0.0,2.0,0.0,0.0,0.1053,-0.0281,-0.0376,3.0,-0.375,0.25,79.0,0.0,0.0107,2154.0,-0.0255,-0.0577,202603.0,0.1159,0.1583,10,-0.1364,-0.0952,0.3571,-0.2143,0.1667,0.0
202004,53061,"snohomish, wa",569000.0,0.0139,0.029,1020,0.1931,-0.1096,30.0,0.3111,0.3111,770,-0.3583,-0.5518,34,-0.7069,-0.5526,0.0109,-0.0238,-0.0072,230.0,0.5541,-0.3314,0.0747,0.0307,-0.0083,1274.0,-0.0791,0.0366,273.0,0.0118,0.0305,2168.0,0.0005,-0.0024,648591.0,-0.0079,-0.0095,2284,0.0194,-0.0379,1.2496,-0.3694,0.1763,0.0
202004,53037,"kittitas, wa",435000.0,0.0176,0.006,115,0.1393,-0.2211,32.0,0.0583,-0.1962,62,-0.2439,-0.5231,2,,,0.0058,0.0058,0.0058,30.0,0.0714,0.0714,0.1097,-0.0112,0.033,68.0,0.0625,-0.0685,233.0,-0.0033,-0.0065,1850.0,-0.0253,-0.0929,797957.0,-0.0739,0.0303,184,0.1185,-0.1712,0.5939,-0.0429,0.0973,0.0
202004,53047,"okanogan, wa",295000.0,0.0,-0.083,165,0.0577,0.0154,86.0,-0.4335,-0.2087,22,-0.5926,-0.6452,0,,,0.0,0.0,0.0,10.0,0.25,-0.1667,0.0451,0.0121,-0.0017,34.0,-0.2609,0.3878,175.0,-0.0119,0.0411,1686.0,0.0227,-0.01,434444.0,0.0125,0.1498,197,-0.0199,0.0479,0.2061,-0.0888,0.0553,0.0
202004,53073,"whatcom, wa",439450.0,-0.0125,0.0336,622,0.0856,0.1059,41.0,0.0123,-0.0353,274,-0.2473,-0.469,4,-0.5,,0.0035,-0.0039,0.0035,100.0,0.2195,-0.0566,0.0802,0.0092,-0.0011,222.0,0.0137,-0.1989,256.0,0.0272,0.075,1779.0,-0.0289,-0.017,549065.0,-0.0099,-0.0192,845,0.053,0.0096,0.3564,-0.0253,-0.1356,0.0
202004,53053,"pierce, wa",458450.0,-0.014,0.0188,1234,0.1296,0.0588,29.0,0.2083,0.2609,912,-0.2669,-0.524,88,0.4194,-0.3529,0.0246,0.0072,-0.0059,282.0,0.5326,-0.1076,0.0812,0.0295,0.0096,1307.0,-0.0195,-0.0648,229.0,0.0147,0.1074,2097.0,-0.0169,-0.0779,561771.0,0.0092,0.0424,2535,0.0467,-0.0092,1.0592,-0.1611,-0.14,0.0
202004,53057,"skagit, wa",487000.0,0.0526,0.0241,286,0.0555,-0.1282,43.0,0.1316,0.1026,140,-0.1463,-0.5455,2,-0.5,-0.75,0.0033,-0.0035,-0.0064,38.0,-0.1739,-0.587,0.069,-0.0039,-0.046,158.0,-0.0336,-0.0678,240.0,0.0111,0.0096,2004.0,0.0297,-0.0062,649009.0,0.034,0.0276,444,0.029,-0.1067,0.5534,-0.051,0.0359,0.0
202004,53019,"ferry, wa",325000.0,-0.1665,0.721,30,-0.0625,-0.2,132.0,0.0709,-0.0654,4,-0.3333,-0.8,0,,,0.0,0.0,0.0,0.0,,-1.0,0.0,0.0,-0.058,6.0,-0.0769,-0.5385,152.0,-0.0078,0.2063,1876.0,0.0135,0.2018,444268.0,0.0036,0.4014,36,-0.0658,-0.29,0.2,-0.0031,-0.1467,1.0
202004,53041,"lewis, wa",325250.0,0.0408,0.054,234,0.0152,0.2581,50.0,0.0934,-0.1976,72,-0.4706,-0.5,2,0.0,0.0,0.0047,0.0006,-0.0001,66.0,0.65,0.32,0.1315,0.0466,0.0112,99.0,-0.0571,0.0313,187.0,0.0105,0.1151,1746.0,-0.0063,-0.0477,384676.0,0.0147,0.0868,331,-0.009,0.1655,0.4231,-0.0325,-0.0931,0.0
202004,53035,"kitsap, wa",488475.0,0.0303,0.0256,450,0.1294,0.0576,34.0,0.4565,0.1074,284,-0.3516,-0.5506,8,-0.8261,-0.75,0.0069,-0.0302,-0.0138,78.0,0.2581,-0.3036,0.0664,0.0156,-0.0061,432.0,0.0524,-0.1065,238.0,0.0102,0.1023,2058.0,-0.0207,-0.0901,615789.0,0.0038,-0.0236,881,0.0911,-0.0308,0.9611,-0.0703,-0.1766,0.0
202004,53017,"douglas, wa",405700.0,0.033,0.096,104,0.1366,0.1886,46.0,0.046,0.82,60,0.0345,-0.25,0,,,0.0,0.0,0.0,20.0,0.25,0.6667,0.1001,0.0126,0.0427,31.0,-0.1029,-0.2375,212.0,-0.0019,0.0501,1951.0,-0.0061,-0.0128,509788.0,-0.0146,0.0315,137,0.0791,0.0833,0.2933,-0.0783,-0.1639,0.0
202004,53059,"skamania, wa",478500.0,0.001,-0.026,33,0.0,-0.0149,45.0,-0.4752,0.0778,2,-0.9231,-0.9167,2,,-0.5,0.0313,0.0313,-0.0354,12.0,0.0,0.0,0.2363,0.0761,0.0346,17.0,-0.1282,7.5,219.0,-0.0179,0.0505,2310.0,0.0646,-0.0366,550237.0,0.0301,-0.2016,51,-0.0648,0.4028,0.5152,-0.0758,0.4555,1.0
202004,53051,"pend oreille, wa",322450.0,0.0752,0.1073,46,0.1646,-0.303,66.0,-0.0769,0.1234,24,0.3333,-0.3333,0,,,0.0,0.0,0.0,2.0,-0.6667,-0.8,0.0202,-0.0415,-0.06,36.0,0.0597,1.0882,184.0,0.0713,-0.0573,2011.0,-0.088,0.1816,513106.0,0.0302,0.1516,81,0.1181,-0.0242,0.7717,-0.0764,0.5142,0.0
202004,53013,"columbia, wa",194700.0,0.0847,-0.0458,22,0.2571,-0.2,57.0,-0.5806,-0.5402,4,0.0,-0.3333,0,,,0.0,0.0,0.0,4.0,1.0,1.0,0.0991,0.0324,0.045,7.0,-0.2222,-0.2632,126.0,0.2134,0.3829,1947.0,0.0104,-0.1205,238132.0,0.154,-0.0179,29,0.0962,-0.2192,0.3182,-0.1961,-0.0273,0.0
202004,53031,"jefferson, wa",479000.0,0.0005,0.0124,118,0.0396,0.108,53.0,-0.094,-0.0047,42,-0.3824,-0.5,0,,,0.0,0.0,0.0,18.0,-0.1,0.0,0.0918,0.0054,0.0169,35.0,-0.2308,-0.3694,257.0,0.059,0.0798,1955.0,0.0,0.0871,555282.0,0.0002,0.0281,151,-0.0473,-0.065,0.2966,-0.1043,-0.2245,0.0
202004,53029,"island, wa",499500.0,0.001,0.1125,237,0.0488,-0.1956,42.0,0.0696,-0.0231,120,-0.2208,-0.5385,0,-1.0,-1.0,0.0,-0.0079,-0.0059,26.0,0.0,-0.5938,0.0568,0.0041,-0.0455,105.0,-0.0586,-0.1573,259.0,0.0129,0.107,1937.0,0.0219,0.039,637268.0,-0.02,0.0434,344,0.0208,-0.1743,0.4419,-0.0504,0.0201,0.0
202004,53025,"grant, wa",286973.0,0.0258,0.0253,222,-0.0711,0.0398,53.0,0.1452,0.2312,56,-0.5333,-0.72,6,2.0,,0.0122,0.0073,0.0122,24.0,-0.1429,-0.4783,0.0629,0.0007,-0.025,96.0,-0.0255,-0.2846,159.0,-0.0057,0.0878,1663.0,0.0047,-0.0787,320032.0,0.0063,-0.1148,326,-0.0369,-0.0605,0.4302,0.0201,-0.1951,1.0
202004,53075,"whitman, wa",329949.0,0.0525,0.0443,97,0.0782,0.0546,42.0,-0.0718,-0.0059,42,-0.2759,-0.3226,0,,-1.0,0.0,0.0,-0.0187,10.0,-0.5,-0.6667,0.0596,-0.055,-0.0742,33.0,0.0484,-0.4715,141.0,0.037,0.0076,2364.0,0.0125,0.0129,356998.0,0.0175,0.084,130,0.0747,-0.148,0.3368,-0.0096,-0.3353,0.0
202004,53045,"mason, wa",333500.0,0.0114,0.0134,189,0.0739,0.1284,39.0,0.1,0.0,64,-0.4921,-0.6145,2,,-0.5,0.0034,0.0034,-0.0057,34.0,-0.0556,0.0625,0.0717,-0.0204,-0.0015,84.0,-0.1429,-0.3846,201.0,0.01,0.0526,1680.0,0.0142,-0.0484,406435.0,0.0018,-0.0588,277,0.0091,-0.0948,0.4444,-0.1124,-0.3705,0.0
202004,53007,"chelan, wa",474975.0,-0.0216,0.1182,242,-0.0321,-0.1056,49.0,-0.0884,-0.2659,106,-0.197,-0.3765,0,-1.0,,0.0,-0.0046,0.0,34.0,0.2143,-0.1053,0.0794,0.0127,-0.0012,42.0,0.037,-0.0968,254.0,-0.0249,0.0675,1860.0,0.0305,-0.0693,586714.0,-0.0092,0.0318,284,-0.0274,-0.1014,0.1739,0.0116,0.0017,0.0
202004,53001,"adams, wa",199500.0,0.0503,0.1558,21,-0.1429,-0.2632,75.0,0.0,-0.2531,6,-0.25,-0.625,0,,,0.0,0.0,0.0,2.0,-0.5,,0.0476,-0.0371,0.0476,14.0,-0.129,-0.2895,117.0,0.1248,0.0721,1945.0,-0.1147,0.1016,238527.0,0.0097,0.0415,34,-0.1392,-0.2688,0.6429,0.0102,-0.0238,0.0
202004,53021,"franklin, wa",339945.0,0.0065,0.0478,97,-0.1187,-0.2341,71.0,0.1933,0.2137,68,-0.1053,-0.3061,2,-0.8333,-0.75,0.008,-0.0327,-0.0169,10.0,-0.6667,-0.5,0.039,-0.0605,-0.0217,91.0,-0.095,-0.0372,184.0,-0.0106,0.1348,2040.0,0.0306,-0.0123,358880.0,0.0047,-0.0125,188,-0.1114,-0.1611,0.9378,0.0246,0.1918,0.0
202004,53043,"lincoln, wa",373725.0,0.0103,0.4269,31,-0.0606,-0.2346,41.0,-0.1237,-0.185,8,-0.6923,-0.6667,0,,,0.0,0.0,0.0,2.0,-0.5,-0.5,0.0364,-0.0351,-0.0326,17.0,0.0,0.5714,146.0,-0.0061,-0.0418,2336.0,0.1798,0.1632,415260.0,0.1139,0.3564,48,-0.0204,-0.0303,0.5323,0.0323,0.273,0.0
202004,53015,"cowlitz, wa",306775.0,0.003,-0.0541,198,-0.0435,-0.1101,45.0,0.0056,0.1623,126,-0.0308,-0.3226,34,-0.15,3.25,0.0733,-0.0095,0.0565,42.0,-0.1923,-0.25,0.0927,-0.0163,-0.0259,160.0,-0.0883,1.6891,192.0,0.0049,0.1295,1744.0,0.0451,-0.0659,472869.0,0.0254,0.1269,342,-0.0339,0.2193,0.8081,-0.0397,0.5407,0.0
202004,53069,"wahkiakum, wa",318750.0,-0.1019,-0.0243,19,-0.1395,-0.1957,95.0,0.0468,0.7273,4,0.0,-0.6667,0,,,0.0,0.0,0.0,6.0,0.5,0.5,0.169,0.0311,0.0577,7.0,0.1667,0.2727,177.0,0.0666,0.0084,2129.0,-0.0501,0.0822,441078.0,-0.0112,0.0991,25,-0.0392,-0.1404,0.3784,0.0993,0.1392,0.0
202004,53039,"klickitat, wa",467000.0,-0.1238,0.0264,64,0.2075,0.0323,91.0,-0.0882,0.3923,20,0.1111,-0.6,2,0.0,,0.0196,0.0004,0.0196,12.0,0.0,2.0,0.1161,0.0092,0.0778,25.0,-0.3151,,228.0,-0.0845,-0.0171,1995.0,-0.0403,-0.1144,600114.0,-0.1266,0.0073,88,-0.0113,0.4113,0.3906,-0.2981,,0.0
202004,53027,"grays harbor, wa",255913.0,0.0249,0.0421,275,-0.0018,-0.0663,61.0,0.0901,0.3297,72,-0.4194,-0.5955,2,-0.6667,-0.6667,0.0032,-0.0084,-0.0068,38.0,-0.1739,0.0,0.0812,-0.0054,0.012,104.0,-0.1843,-0.0415,177.0,0.0268,0.0664,1416.0,0.0005,-0.0623,279665.0,0.0312,-0.0179,380,-0.0489,-0.0595,0.3789,-0.0848,0.0098,0.0
202004,53003,"asotin, wa",237425.0,-0.0566,-0.1392,43,-0.0652,-0.5743,54.0,-0.0356,0.1071,30,0.3636,-0.3182,0,,,0.0,0.0,0.0,16.0,1.0,0.3333,0.1374,0.041,0.0565,7.0,1.1667,-0.8289,130.0,0.0152,-0.0575,1705.0,-0.1343,-0.1239,294917.0,-0.0126,-0.1147,50,0.0417,-0.5283,0.1512,0.0859,-0.2251,1.0
202004,53065,"stevens, wa",302225.0,0.0324,0.0104,149,0.1825,-0.1902,58.0,-0.2222,-0.0086,54,-0.1,-0.4906,0,,,0.0,0.0,0.0,22.0,0.5714,0.2222,0.0803,0.0249,0.03,69.0,0.104,-0.035,150.0,0.0009,0.0873,2038.0,-0.0062,-0.0873,381143.0,0.0047,-0.0884,218,0.16,-0.1369,0.4631,-0.0329,0.0745,0.0
202004,53011,"clark, wa",460519.0,-0.012,0.013,1241,0.1344,-0.2094,44.0,0.0116,0.1299,596,-0.383,-0.4592,248,-0.253,2.875,0.0816,-0.0173,0.0582,462.0,0.1493,0.1106,0.1529,0.0302,0.0009,1189.0,-0.0718,16.4779,218.0,0.0013,0.07,2169.0,-0.0202,-0.0333,568800.0,-0.0257,0.0756,2422,0.013,0.4783,0.9581,-0.2129,0.9147,0.0
202004,53063,"spokane, wa",387450.0,-0.0008,0.107,771,0.1638,-0.0428,39.0,0.0405,0.3509,634,-0.2713,-0.3531,42,-0.4878,-0.4324,0.0166,-0.0143,-0.0082,152.0,0.1875,-0.2475,0.0581,0.01,-0.0097,1128.0,-0.0272,-0.0682,164.0,0.0006,0.1008,2354.0,0.0057,-0.0036,461063.0,0.006,0.0655,1912,0.0529,-0.05,1.4624,-0.287,-0.0398,0.0
202004,53033,"king, wa",724995.0,-0.0285,-0.0298,2632,0.1258,-0.2748,31.0,0.3478,0.1698,1760,-0.4195,-0.5843,52,-0.5273,-0.2121,0.0063,-0.0073,0.0003,526.0,0.2176,-0.545,0.0785,0.0216,-0.0316,2220.0,-0.1382,-0.1951,408.0,-0.0179,0.0252,2013.0,-0.0042,-0.0377,1069127.0,-0.0465,-0.0299,4842,-0.0115,-0.2409,0.8436,-0.2584,0.0835,0.0
202004,53009,"clallam, wa",403250.0,-0.014,-0.0223,220,0.1058,-0.0835,44.0,0.0994,-0.2892,84,-0.3538,-0.3636,0,-1.0,,0.0,-0.004,0.0,14.0,-0.5333,-0.7407,0.0367,-0.0288,-0.0735,110.0,-0.1889,-0.2289,220.0,-0.0036,0.0576,1956.0,0.0003,-0.0038,490474.0,-0.0031,0.0292,331,-0.0045,-0.128,0.4989,-0.1812,-0.094,0.0
202003,53051,"pend oreille, wa",299900.0,-0.0476,0.0878,40,-0.1413,-0.2685,72.0,-0.2099,-0.0592,18,0.5,-0.1,0,,,0.0,0.0,0.0,6.0,,0.5,0.0617,0.0617,0.0201,34.0,0.675,0.9706,171.0,-0.084,-0.0847,2205.0,-0.0365,0.2955,498051.0,-0.014,0.0443,72,0.0746,0.0286,0.8481,0.4133,0.5333,0.0
202003,53073,"whatcom, wa",445000.0,-0.0067,0.0454,573,0.0967,0.0884,41.0,-0.5345,-0.25,364,0.5424,-0.099,8,1.0,0.0,0.0074,0.0028,0.0003,82.0,0.2059,-0.1087,0.071,-0.0028,-0.0107,219.0,0.2853,0.1148,249.0,0.0101,0.0599,1832.0,0.0063,-0.0173,554564.0,-0.0033,-0.0167,802,0.1691,0.1108,0.3817,0.056,0.009,0.0
202003,53043,"lincoln, wa",369900.0,0.1209,0.361,33,0.2692,-0.0294,47.0,-0.6339,-0.3357,26,2.25,0.0833,0,,-1.0,0.0,0.0,-0.0563,4.0,,0.0,0.0714,0.0714,0.0151,17.0,0.0313,0.1786,147.0,-0.0732,0.1596,1980.0,0.0025,-0.0912,372805.0,0.093,0.2519,49,0.225,0.0426,0.5,-0.1154,0.0882,0.0
202003,53057,"skagit, wa",462675.0,0.0397,-0.0346,271,0.0566,-0.0983,38.0,-0.2475,-0.4242,164,0.0789,-0.3167,4,-0.8571,-0.6667,0.0068,-0.0438,-0.0114,46.0,0.15,-0.2813,0.0728,-0.0031,-0.0243,164.0,0.2111,0.3739,237.0,-0.0002,0.0141,1946.0,0.0203,-0.0611,627639.0,0.0322,-0.0289,431,0.108,0.0286,0.6044,0.0771,0.2078,0.0
202003,53031,"jefferson, wa",478750.0,0.0464,0.0014,114,0.0509,0.081,59.0,-0.3237,-0.2303,68,0.7,0.0625,0,,-1.0,0.0,0.0,-0.0191,20.0,-0.2857,-0.1667,0.0863,-0.0489,-0.0285,46.0,-0.0521,0.1375,242.0,-0.0163,-0.0056,1955.0,0.0876,0.0972,555194.0,0.0372,-0.0217,159,0.0096,0.0931,0.4009,-0.0436,0.0199,0.0
202003,53033,"king, wa",746250.0,0.0294,0.0149,2338,0.1723,-0.2999,23.0,-0.2333,-0.2813,3032,0.3092,-0.0867,110,0.0577,-0.2361,0.0136,-0.0032,-0.0032,432.0,0.4795,-0.5846,0.0568,0.0112,-0.065,2576.0,0.2049,0.3702,416.0,0.0,0.0545,2021.0,0.0332,-0.0193,1121210.0,-0.0193,0.0225,4899,0.1887,-0.0605,1.102,0.0298,0.539,0.0
202003,53035,"kitsap, wa",474125.0,0.04,0.014,398,0.1916,0.0392,23.0,-0.3784,-0.54,438,0.5208,0.095,46,0.15,0.2778,0.037,-0.0064,0.0065,62.0,0.1923,-0.38,0.0508,-0.0056,-0.0341,411.0,0.0889,0.0392,236.0,0.0312,0.118,2102.0,0.0113,-0.0472,613437.0,-0.0085,0.0403,807,0.1679,0.0373,1.0314,-0.0973,0.0001,0.0
202003,53053,"pierce, wa",464950.0,0.011,0.0533,1092,0.0737,-0.08,24.0,-0.2258,-0.25,1244,0.2851,-0.1313,62,-0.4464,-0.663,0.0174,-0.0151,-0.0318,184.0,0.0698,-0.4458,0.0516,0.0002,-0.0371,1333.0,0.2442,0.1866,225.0,0.0264,0.1055,2133.0,-0.014,-0.0476,556632.0,-0.0114,0.0655,2422,0.1581,0.0483,1.2202,0.1671,0.2742,0.0
202003,53037,"kittitas, wa",427488.0,0.0822,-0.0205,101,0.2722,-0.1762,30.0,-0.52,-0.5385,82,0.7083,-0.1087,0,,-1.0,0.0,0.0,-0.0149,28.0,2.5,0.0,0.1209,0.0744,0.0165,64.0,0.561,0.1852,234.0,-0.0606,0.004,1898.0,0.0489,-0.0827,861677.0,-0.1061,0.0626,165,0.3266,-0.0653,0.6368,0.1178,0.1942,0.0
202003,53069,"wahkiakum, wa",354900.0,-0.0992,0.0462,22,0.075,0.0238,91.0,-0.2109,-0.1103,4,0.0,-0.5,0,,,0.0,0.0,0.0,4.0,0.0,-0.5,0.1379,0.0046,-0.0843,6.0,-0.3333,-0.1429,166.0,-0.0719,-0.0393,2241.0,0.0773,-0.031,446068.0,-0.0787,0.0368,26,-0.0556,-0.0893,0.2791,-0.1709,-0.0543,0.0
202003,53019,"ferry, wa",389900.0,0.4856,1.0732,32,0.1429,-0.1579,124.0,-0.1794,-0.1599,6,0.5,-0.5,0,,,0.0,0.0,0.0,0.0,,,0.0,0.0,0.0,7.0,0.3,-0.35,153.0,0.1009,0.1405,1851.0,0.0844,0.2759,442667.0,0.2444,0.3875,38,0.1875,-0.1915,0.2031,0.0246,-0.06,1.0
202003,53011,"clark, wa",466105.0,-0.0083,0.0297,1094,0.0658,-0.2601,43.0,-0.411,0.0,966,0.3644,0.1611,332,0.1528,3.3684,0.0989,0.0027,0.067,402.0,0.0255,0.2563,0.1226,-0.0102,-0.0119,1281.0,0.0861,17.2929,218.0,0.0036,0.0678,2214.0,-0.0188,-0.0063,583789.0,-0.007,0.0879,2391,0.0817,0.5452,1.171,0.0219,1.1236,0.0
202003,53071,"walla walla, wa",421000.0,0.0935,0.1681,105,-0.0413,-0.2259,64.0,-0.2063,-0.3385,66,0.2692,0.5,0,,,0.0,0.0,0.0,26.0,0.0833,-0.0714,0.1078,0.0065,0.0013,91.0,0.1313,0.0647,173.0,0.0472,0.0776,2371.0,-0.0005,0.0451,446948.0,0.0352,0.1043,195,0.0317,-0.1096,0.866,0.1321,0.2364,0.0
202003,53015,"cowlitz, wa",305850.0,-0.0021,-0.0454,207,-0.0461,-0.0591,45.0,-0.3819,-0.2328,130,0.1207,-0.1667,40,0.6667,4.0,0.0829,0.0292,0.0644,52.0,0.0833,0.0,0.1091,0.0091,-0.011,176.0,0.0446,2.0259,191.0,0.0547,0.1241,1668.0,0.0074,-0.105,461138.0,0.0193,0.1052,354,-0.0167,0.278,0.8478,0.0736,0.5842,0.0
202003,53023,"garfield, wa",170000.0,0.0,0.0265,7,0.0,-0.4615,48.0,0.9,-0.4063,0,-1.0,-1.0,0,,,0.0,0.0,0.0,2.0,-0.5,,0.1333,-0.1524,0.1333,4.0,0.3333,,79.0,0.1208,0.0444,2210.0,0.0,0.0111,181556.0,-0.023,0.0189,11,0.2222,-0.1538,0.5714,0.1429,,1.0
202003,53065,"stevens, wa",292750.0,0.0885,0.0262,126,0.0769,-0.227,74.0,-0.3988,-0.3311,60,0.5,0.0,0,,-1.0,0.0,0.0,-0.0144,14.0,0.75,-0.3,0.0554,0.0173,-0.0165,63.0,0.1792,0.0776,150.0,-0.0196,0.1175,2051.0,0.0559,-0.0853,379370.0,0.0068,-0.0706,188,0.1161,-0.1399,0.496,0.043,0.1402,0.0
202003,53041,"lewis, wa",312500.0,-0.017,-0.0053,231,0.0336,0.1355,46.0,-0.3406,-0.3681,136,0.2143,-0.0286,2,,-0.5,0.0041,0.0041,-0.0054,40.0,0.0,-0.0909,0.0849,-0.0185,-0.0194,105.0,0.1798,0.3462,185.0,0.0386,0.1064,1757.0,-0.0143,-0.0512,379105.0,0.001,0.0548,334,0.0951,0.1886,0.4555,0.0564,0.0713,0.0
202003,53055,"san juan, wa",778250.0,0.0377,-0.0211,189,0.0739,0.2115,159.0,-0.0977,0.0341,42,0.5,0.1667,0,,,0.0,0.0,0.0,20.0,0.6667,4.0,0.0831,0.0262,0.0639,20.0,-0.025,0.0833,408.0,-0.0075,-0.0084,2073.0,0.0276,0.0497,1314214.0,0.0031,-0.0153,207,0.0615,0.1965,0.1032,-0.0105,-0.0122,0.0
202003,53061,"snohomish, wa",561213.0,0.0204,0.0413,855,0.0776,-0.2431,23.0,-0.3182,-0.3382,1200,0.2821,-0.0854,116,-0.1944,-0.0645,0.0346,-0.0145,-0.0028,148.0,0.4231,-0.5934,0.044,0.0071,-0.0658,1384.0,0.1916,0.583,270.0,0.0087,0.0279,2167.0,-0.0078,0.0183,653763.0,0.0046,0.0375,2241,0.1478,0.1186,1.6191,0.155,0.8449,0.0
202003,53063,"spokane, wa",387750.0,0.035,0.1263,663,0.0566,-0.0773,37.0,-0.1395,0.0,870,0.2219,0.2017,82,0.7083,-0.3971,0.0309,0.0104,-0.0238,128.0,0.2308,-0.5294,0.0481,0.0019,-0.0615,1159.0,0.1695,0.1123,164.0,0.0153,0.1141,2341.0,0.0185,-0.0183,458324.0,0.0217,0.0652,1816,0.129,0.0327,1.7494,0.1689,0.2982,0.0
202003,53067,"thurston, wa",379499.0,-0.0255,-0.058,406,0.1455,-0.0888,26.0,-0.125,-0.3598,448,0.3659,-0.125,26,0.625,-0.5357,0.0208,0.006,-0.0204,72.0,0.2857,-0.4194,0.0555,0.0022,-0.0358,426.0,0.1626,0.0638,215.0,0.0271,0.1458,1891.0,-0.0439,-0.1456,488225.0,-0.0141,-0.0028,828,0.1336,-0.0219,1.0493,0.0154,0.1504,0.0
202003,53027,"grays harbor, wa",249700.0,0.0155,0.0563,275,-0.0179,-0.0283,56.0,-0.3471,-0.25,124,0.1071,-0.1143,6,-0.25,-0.5,0.0116,-0.0042,-0.0114,46.0,-0.0417,-0.1154,0.0867,-0.014,-0.0131,128.0,0.1384,0.2879,172.0,0.0355,0.1037,1416.0,-0.0265,-0.0631,271197.0,0.0213,-0.0069,399,0.0153,0.0472,0.4636,0.0636,0.1138,0.0
202003,53009,"clallam, wa",408988.0,-0.0169,0.024,199,0.0967,-0.1018,40.0,-0.5151,-0.5625,130,0.5476,0.2037,2,,,0.004,0.004,0.004,30.0,0.5,-0.3182,0.0655,0.0058,-0.031,135.0,0.3366,0.1947,221.0,0.0604,0.059,1955.0,-0.0424,-0.0091,491981.0,0.0035,0.0604,332,0.1731,0.003,0.6801,0.1221,0.1688,0.0
202003,53077,"yakima, wa",334925.0,0.1286,0.0467,246,-0.0391,-0.1575,45.0,-0.2149,-0.1864,168,0.1053,-0.0233,8,0.0,-0.3333,0.0123,-0.0009,-0.0065,52.0,-0.0714,-0.1875,0.0792,-0.0136,-0.0238,223.0,0.2253,0.232,163.0,0.0404,0.0404,2052.0,0.0468,0.0214,394527.0,0.0843,0.0464,465,0.0581,-0.0032,0.9065,0.1956,0.2866,0.0
202003,53045,"mason, wa",329750.0,0.0992,0.0464,176,0.1579,0.0732,35.0,-0.4262,-0.4697,126,0.4318,0.1667,0,-1.0,,0.0,-0.0122,0.0,36.0,1.25,-0.1,0.0922,0.0409,-0.0104,98.0,0.2727,-0.1765,199.0,0.0526,0.1115,1657.0,-0.0057,-0.0689,405688.0,0.0737,0.0036,275,0.1832,-0.0266,0.5568,0.0502,-0.1688,0.0
202003,53025,"grant, wa",279750.0,-0.0007,0.0597,239,0.1435,0.1773,47.0,-0.3542,-0.363,120,0.3043,0.0,2,-0.5,,0.0049,-0.005,0.0049,28.0,0.1667,-0.3636,0.0621,0.0027,-0.0392,98.0,0.0769,-0.1171,160.0,0.0524,0.1147,1655.0,-0.0499,-0.0787,318013.0,0.0039,-0.0832,339,0.1172,0.078,0.41,-0.0254,-0.1368,0.0
202003,53075,"whitman, wa",313500.0,0.1,0.0733,90,0.0529,-0.0579,45.0,0.2569,0.0774,58,0.45,0.3182,0,-1.0,-1.0,0.0,-0.0244,-0.023,20.0,-0.1667,-0.1667,0.1147,-0.0317,-0.0179,31.0,-0.0606,-0.0882,136.0,-0.0185,-0.01,2335.0,0.0246,0.1016,350875.0,0.0686,0.1272,121,0.0664,-0.0731,0.3464,-0.0419,-0.0115,0.0
202003,53013,"columbia, wa",179500.0,-0.0022,-0.1758,18,-0.125,-0.3519,137.0,-0.1306,0.1189,4,-0.5,0.0,0,,,0.0,0.0,0.0,2.0,-0.5,-0.75,0.0667,-0.0713,-0.1439,9.0,1.25,0.5,104.0,-0.0458,0.0513,1927.0,0.1629,-0.1123,206361.0,-0.0518,-0.182,26,0.04,-0.2353,0.5143,0.3143,0.2921,1.0
202003,53059,"skamania, wa",478000.0,0.0482,0.0245,33,0.5,0.0313,86.0,-0.3601,0.0854,26,2.25,0.3,0,,-1.0,0.0,0.0,-0.0755,12.0,2.0,2.0,0.1601,0.0601,0.0832,20.0,0.0833,,223.0,-0.0125,0.1696,2170.0,0.0735,-0.1443,534134.0,-0.0184,-0.1592,54,0.35,0.6364,0.5909,-0.2273,,0.0
202003,53021,"franklin, wa",337752.0,0.0626,0.0851,110,-0.095,-0.3671,60.0,-0.0985,0.0625,76,-0.1739,-0.1739,12,-0.4,2.0,0.0407,-0.0228,0.028,30.0,0.5,0.25,0.0994,0.028,0.023,100.0,0.1765,1.0,186.0,0.0181,0.1744,1979.0,0.025,-0.0338,357214.0,0.0268,0.0308,211,0.0193,-0.0495,0.9132,0.2108,0.6242,0.0
202003,53003,"asotin, wa",251675.0,-0.0392,-0.0576,46,-0.0612,-0.4458,56.0,0.0613,-0.0779,22,-0.0833,-0.45,0,,,0.0,0.0,0.0,8.0,-0.3333,1.0,0.0963,-0.0972,0.0627,3.0,2.0,,128.0,0.0286,-0.0625,1970.0,-0.0435,-0.061,298675.0,-0.0079,-0.0912,48,-0.0204,-0.4286,0.0652,0.0448,,0.0
202003,53017,"douglas, wa",392725.0,-0.0179,0.0722,92,0.1731,0.1024,44.0,-0.2869,-0.3203,58,0.1154,0.1154,0,,,0.0,0.0,0.0,16.0,3.0,1.0,0.0875,0.0579,0.0299,34.0,0.0968,0.0303,213.0,0.0011,0.0781,1963.0,-0.0106,-0.0062,517345.0,-0.0702,0.0637,127,0.1295,0.1096,0.3716,-0.0259,-0.026,0.0
202003,53005,"benton, wa",402450.0,0.0064,0.1468,386,0.0239,-0.2154,32.0,-0.3942,-0.4375,322,0.5481,0.4907,30,0.5,-0.0625,0.0295,0.0058,-0.0075,102.0,0.2143,0.7,0.0933,-0.0033,0.0239,302.0,0.2377,0.9359,182.0,0.0096,0.1036,2298.0,-0.0028,0.0717,432748.0,0.0244,0.1431,691,0.0857,0.0656,0.7824,0.1352,0.4653,0.0
202003,53007,"chelan, wa",485475.0,0.001,0.1467,250,0.1341,-0.096,54.0,-0.5366,-0.422,132,0.5714,0.0645,2,,-0.5,0.0046,0.0046,-0.0044,28.0,0.0,-0.125,0.0667,-0.0159,-0.0035,41.0,0.0658,-0.0795,260.0,0.0015,0.0834,1805.0,0.0,-0.0421,592190.0,0.0095,0.0534,292,0.1387,-0.0862,0.1623,-0.0104,0.0029,0.0
202003,53039,"klickitat, wa",533000.0,0.1365,0.1901,53,-0.0702,-0.0185,99.0,-0.2782,-0.0637,18,1.25,-0.3571,2,,,0.0192,0.0192,0.0192,12.0,0.0,2.0,0.1069,-0.0022,0.0587,37.0,0.2586,,249.0,0.0219,0.1653,2079.0,0.0207,-0.0763,687100.0,0.0528,0.181,89,0.0291,0.6091,0.6887,0.1799,,0.0
202003,53001,"adams, wa",189950.0,-0.0479,0.219,25,-0.1552,-0.1552,75.0,-0.3318,-0.1437,8,0.0,0.0,0,,,0.0,0.0,0.0,4.0,,-0.5,0.0847,0.0847,-0.0608,16.0,0.0333,-0.1389,104.0,0.1474,-0.0082,2197.0,0.1768,0.253,236238.0,0.0766,0.0466,40,-0.1413,-0.1596,0.6327,0.1154,0.012,0.0
202003,53029,"island, wa",499000.0,0.0247,0.1419,226,0.0894,-0.1888,40.0,-0.5353,-0.3828,154,0.2833,-0.2451,4,,-0.5,0.0079,0.0079,-0.0058,26.0,0.0833,-0.6389,0.0527,-0.0063,-0.0708,111.0,0.1684,0.11,256.0,0.0302,0.0917,1895.0,-0.0007,0.0402,650301.0,0.0212,0.0919,337,0.1106,-0.1121,0.4922,0.0333,0.1325,0.0
202003,53047,"okanogan, wa",295000.0,0.0896,-0.0752,156,0.013,0.0196,152.0,-0.024,0.0083,54,0.6875,0.125,0,-1.0,,0.0,-0.0182,0.0,8.0,0.0,0.0,0.033,-0.008,-0.0038,46.0,0.84,1.875,177.0,0.0755,0.1115,1649.0,0.0176,-0.0508,429079.0,0.0183,0.1094,201,0.0984,0.1893,0.2949,0.1325,0.1903,0.0
202003,53049,"pacific, wa",292225.0,0.0254,0.1275,128,0.0625,-0.1827,80.0,-0.2129,-0.2206,46,0.9167,0.0455,2,-0.5,,0.009,-0.0133,0.009,20.0,0.0,0.0,0.0938,-0.0179,0.0037,37.0,0.1563,0.6087,182.0,0.0499,0.0612,1615.0,0.0103,0.0557,346337.0,0.0261,-0.017,168,0.0948,-0.059,0.2902,0.0235,0.1428,0.0
202002,53059,"skamania, wa",456000.0,-0.037,0.0328,22,-0.3125,-0.2667,134.0,0.1502,0.2701,8,1.0,-0.3333,0,,,0.0,0.0,0.0,4.0,-0.5,1.0,0.1,-0.0693,0.0565,18.0,0.2414,,226.0,0.0243,0.2732,2021.0,0.0017,-0.2173,544126.0,0.0022,0.0627,40,-0.1398,0.3333,0.8182,0.3651,0.8182,0.0
202002,53011,"clark, wa",470000.0,0.0186,0.0444,1026,-0.1047,-0.2873,73.0,-0.0641,0.3645,708,0.2465,0.0473,288,-0.0886,2.7895,0.0962,-0.0197,0.0609,392.0,-0.0577,0.2405,0.1328,-0.0194,-0.0051,1179.0,0.1424,16.4667,217.0,0.0174,0.0667,2257.0,0.0016,0.0132,587897.0,0.0245,0.0901,2210,0.0159,0.4699,1.1491,0.2486,1.1022,0.0
202002,53073,"whatcom, wa",448000.0,0.0075,0.048,522,-0.0378,0.0398,87.0,-0.0492,0.3594,236,0.5526,-0.2761,4,0.0,-0.6667,0.0045,-0.0004,-0.0092,68.0,-0.0556,-0.4237,0.0738,-0.0074,-0.0477,170.0,-0.0173,0.2879,247.0,0.007,0.0547,1821.0,-0.0078,-0.0421,556400.0,-0.0271,-0.0218,686,-0.0412,0.0829,0.3257,0.0068,0.0627,0.0
202002,53009,"clallam, wa",416000.0,-0.0211,0.0805,181,-0.0718,-0.134,83.0,-0.17,-0.235,84,0.6154,0.3125,0,,,0.0,0.0,0.0,20.0,-0.4444,-0.2857,0.0597,-0.0444,-0.0133,101.0,0.1285,0.0151,208.0,-0.017,0.0056,2042.0,-0.0034,0.04,490254.0,-0.0243,0.0808,283,0.0035,-0.0675,0.558,0.099,0.0819,0.0
202002,53065,"stevens, wa",268950.0,-0.0121,-0.0166,117,-0.0895,-0.2822,124.0,0.1596,-0.05,40,0.3333,0.8182,0,,-1.0,0.0,0.0,-0.0088,8.0,0.0,-0.6667,0.0381,0.001,-0.0688,53.0,0.0816,0.1158,153.0,0.0271,0.148,1943.0,-0.0115,-0.1186,376803.0,0.0344,-0.0539,168,-0.0508,-0.1981,0.453,0.0717,0.1616,1.0
202002,53041,"lewis, wa",317900.0,0.0176,0.0092,223,-0.0022,0.1178,69.0,-0.2159,-0.1834,112,0.3333,-0.082,0,-1.0,-1.0,0.0,-0.0116,-0.0047,40.0,0.0526,-0.3548,0.1034,0.0034,-0.0768,89.0,0.1634,0.2361,179.0,0.0237,0.0719,1782.0,-0.0067,-0.0519,378725.0,-0.0215,0.019,305,0.0133,0.1071,0.3991,0.0568,0.0382,0.0
202002,53071,"walla walla, wa",385000.0,-0.0308,0.1409,109,0.0046,-0.227,80.0,-0.0361,-0.1351,52,0.625,0.5294,0,,,0.0,0.0,0.0,24.0,0.0909,-0.0769,0.1013,0.0054,0.002,80.0,-0.0533,-0.0184,165.0,-0.0385,0.0468,2373.0,-0.0111,0.0984,431745.0,-0.044,0.099,189,-0.0207,-0.1506,0.7339,-0.0449,0.1559,0.0
202002,53075,"whitman, wa",285000.0,0.11,0.0233,85,0.1806,-0.1787,36.0,-0.5135,-0.1325,40,0.0526,-0.1304,4,,1.0,0.0244,0.0244,0.0145,24.0,1.0,0.7143,0.1463,0.0701,0.0644,33.0,0.1786,1.75,139.0,0.0898,0.0355,2279.0,0.0978,0.1557,328344.0,0.1571,0.1079,113,0.1414,-0.0424,0.3882,-0.0007,0.2723,0.0
202002,53003,"asotin, wa",261950.0,0.0039,-0.0641,49,0.0769,-0.2462,53.0,-0.1486,-0.2933,24,0.2,0.0909,0,,,0.0,0.0,0.0,12.0,2.0,0.5,0.1935,0.124,0.1,1.0,-0.6,0.0,125.0,-0.0183,-0.0443,2059.0,-0.0808,-0.0652,301056.0,-0.0003,-0.0761,49,0.0316,-0.2519,0.0204,-0.0345,0.005,0.0
202002,53045,"mason, wa",300000.0,-0.0361,-0.0196,152,-0.0646,-0.1289,61.0,-0.1894,-0.2278,88,0.4194,0.0,4,1.0,0.0,0.0122,0.0051,0.0019,16.0,0.3333,-0.6364,0.0513,0.0129,-0.0673,77.0,0.2126,-0.2488,189.0,0.0003,0.106,1666.0,-0.0233,-0.0665,377848.0,-0.0217,-0.0122,232,0.022,-0.1609,0.5066,0.1158,-0.0808,0.0
202002,53017,"douglas, wa",399900.0,0.0029,0.1081,78,-0.0659,-0.0824,61.0,-0.1408,-0.3146,52,0.625,0.625,0,-1.0,,0.0,-0.0122,0.0,4.0,-0.7778,-0.8182,0.0296,-0.1049,-0.1108,31.0,0.0877,0.24,213.0,0.0032,0.1192,1984.0,0.028,-0.001,556430.0,-0.0012,0.1995,112,0.0045,0.0228,0.3974,0.0561,0.1033,0.0
202002,53063,"spokane, wa",374640.0,0.0712,0.1019,627,-0.0725,-0.0833,43.0,-0.3175,-0.0115,712,0.4711,0.3333,48,0.4118,-0.7474,0.0206,0.0037,-0.0689,104.0,-0.0545,-0.6556,0.0462,-0.0084,-0.0954,991.0,0.1477,0.069,162.0,0.0429,0.1114,2299.0,0.0211,-0.0325,448585.0,0.051,0.0543,1608,0.0448,0.0028,1.5805,0.3032,0.2253,0.0
202002,53051,"pend oreille, wa",314900.0,0.0161,0.1883,46,-0.1402,-0.0891,91.0,-0.3052,0.0112,12,1.0,0.0,0,,-1.0,0.0,0.0,-0.0206,0.0,-1.0,-1.0,0.0,-0.0456,-0.1042,20.0,0.0256,0.25,187.0,0.0311,0.07,2289.0,0.0217,0.3446,505116.0,0.0176,0.065,67,-0.0822,0.0308,0.4348,0.0703,0.118,0.0
202002,53019,"ferry, wa",262450.0,-0.2335,0.4997,28,0.037,-0.2821,151.0,-0.3,0.0965,4,0.0,1.0,0,,,0.0,0.0,0.0,0.0,,,0.0,0.0,0.0,5.0,0.0,-0.375,139.0,-0.091,0.0251,1707.0,-0.0832,0.2478,355735.0,-0.021,0.1734,32,0.0323,-0.3043,0.1786,-0.0066,-0.0266,1.0
202002,53025,"grant, wa",279950.0,0.0251,0.1193,209,0.0476,0.0347,72.0,-0.1676,-0.1841,92,0.2105,-0.0417,4,1.0,-0.6,0.0099,0.0049,-0.0144,24.0,0.0,-0.2941,0.0594,-0.0076,-0.031,91.0,0.0581,0.04,152.0,-0.006,0.0852,1742.0,-0.029,-0.0261,316774.0,-0.0238,-0.0459,303,0.0669,0.0377,0.4354,0.0043,0.0022,0.0
202002,53029,"island, wa",486950.0,0.0203,0.154,207,-0.1039,-0.2404,85.0,0.0119,0.0828,120,0.7143,-0.2405,0,-1.0,-1.0,0.0,-0.0101,-0.0159,24.0,-0.5,-0.625,0.059,-0.0643,-0.0621,95.0,0.1656,0.4286,249.0,0.0128,0.0695,1897.0,0.0093,0.0492,636821.0,0.0094,0.1041,303,-0.0242,-0.0955,0.4589,0.1061,0.2149,0.0
202002,53047,"okanogan, wa",270750.0,-0.0099,-0.1526,154,-0.0405,0.0405,156.0,0.1005,-0.0957,32,1.0,0.3333,4,,,0.0182,0.0182,0.0182,8.0,1.0,-0.2,0.041,0.0209,-0.0138,25.0,-0.0909,1.381,165.0,-0.0065,0.0356,1620.0,-0.0557,-0.0907,421378.0,-0.0249,0.0331,183,-0.0419,0.1546,0.1623,-0.009,0.0914,1.0
202002,53027,"grays harbor, wa",245900.0,0.0039,0.0662,280,-0.0508,0.0219,85.0,-0.1099,-0.1457,112,0.4737,-0.1515,8,1.0,-0.2,0.0158,0.0072,-0.0052,48.0,0.2632,-0.2727,0.1006,0.0206,-0.0303,112.0,0.1256,0.3254,166.0,0.0373,0.1066,1454.0,-0.0075,-0.0355,265533.0,-0.0116,0.0014,393,-0.0063,0.0962,0.4,0.0627,0.0916,0.0
202002,53077,"yakima, wa",296750.0,-0.0229,-0.0057,256,-0.0466,-0.1351,57.0,-0.2192,-0.1331,152,0.2667,0.1176,8,0.3333,0.3333,0.0132,0.0025,0.0029,56.0,0.3333,0.12,0.0929,0.012,0.008,182.0,0.1629,0.1131,157.0,-0.0274,0.0094,1961.0,-0.0048,-0.0148,363870.0,0.0002,-0.0084,439,0.0342,-0.0288,0.7109,0.1281,0.1586,0.0
202002,53061,"snohomish, wa",549995.0,0.0092,0.0378,793,-0.1019,-0.2869,33.0,-0.4545,-0.3196,936,0.3448,0.1064,144,0.8,0.0746,0.0492,0.021,-0.0052,104.0,0.0612,-0.7234,0.0369,-0.0034,-0.1076,1161.0,0.3579,0.7986,268.0,0.0204,0.0378,2184.0,-0.0084,0.0309,650744.0,0.0144,0.0627,1952,0.1264,0.1107,1.4641,0.4958,0.8836,0.0
202002,53005,"benton, wa",399900.0,0.0254,0.2129,377,-0.1373,-0.3835,52.0,-0.1186,-0.1875,208,-0.2121,0.0833,20,0.0,-0.0909,0.0237,0.0008,-0.001,84.0,-0.087,0.5,0.0966,-0.0034,0.0304,244.0,0.1537,4.6092,181.0,0.0286,0.1048,2304.0,-0.0001,0.104,422459.0,0.0083,0.1707,636,-0.017,-0.0275,0.6472,0.1632,0.5761,0.0
202002,53015,"cowlitz, wa",306500.0,0.0219,-0.0331,217,-0.1179,-0.0606,72.0,-0.04,-0.0464,116,0.234,-0.2162,24,-0.2,2.0,0.0537,-0.0115,0.0348,48.0,-0.3333,-0.2727,0.1,-0.0606,-0.0558,168.0,0.1789,2.2308,181.0,0.0253,0.0759,1656.0,-0.0491,-0.1106,452425.0,0.0256,0.0939,360,-0.0083,0.2766,0.7742,0.1949,0.5491,0.0
202002,53007,"chelan, wa",485000.0,0.008,0.2038,220,-0.0776,-0.2281,116.0,-0.0333,0.0791,84,0.3125,-0.0233,0,,-1.0,0.0,0.0,-0.0049,28.0,1.0,0.0,0.0826,0.0392,0.0127,38.0,-0.1059,-0.05,260.0,0.0102,0.0746,1805.0,0.0,0.0028,586638.0,0.0135,0.065,256,-0.0824,-0.2123,0.1727,-0.0055,0.0324,0.0
202002,53055,"san juan, wa",750000.0,0.0074,-0.0566,176,0.0292,0.2351,177.0,0.0337,0.0129,28,0.75,0.0769,0,,,0.0,0.0,0.0,12.0,0.0,0.2,0.0569,0.0006,0.002,20.0,0.1765,0.3333,411.0,-0.0058,-0.0013,2017.0,0.0113,0.0197,1310207.0,-0.0124,-0.0165,195,0.0372,0.2381,0.1136,0.0142,0.0084,0.0
202002,53035,"kitsap, wa",455888.0,-0.0012,0.0245,334,-0.0618,-0.1302,37.0,-0.4104,-0.4219,288,0.125,-0.04,40,2.3333,0.25,0.0434,0.031,0.0108,52.0,-0.4091,-0.5517,0.0564,-0.0374,-0.061,377.0,0.2122,0.2201,228.0,0.0152,0.1101,2078.0,0.016,-0.0303,618684.0,0.0284,0.1159,691,0.036,-0.0007,1.1287,0.2551,0.3241,0.0
202002,53057,"skagit, wa",445000.0,-0.0061,-0.0824,256,-0.0248,-0.0758,51.0,-0.4094,-0.4179,152,0.5833,0.1176,28,0.0,2.5,0.0506,-0.0054,0.0356,40.0,0.1765,-0.3103,0.0759,0.0116,-0.0461,135.0,0.2617,0.5976,237.0,0.0206,0.0185,1907.0,-0.0162,-0.103,608057.0,-0.0236,-0.0794,389,0.0556,0.0761,0.5273,0.1197,0.2223,0.0
202002,53023,"garfield, wa",170000.0,0.2593,0.0006,7,0.0769,-0.5172,25.0,-0.5652,-0.7436,4,1.0,,0,,,0.0,0.0,0.0,4.0,,0.0,0.2857,0.2857,0.0095,3.0,2.0,,70.0,-0.0086,-0.0408,2210.0,0.0564,0.0524,185829.0,0.0584,0.027,9,0.2,-0.3793,0.4286,0.2747,,1.0
202002,53021,"franklin, wa",317850.0,0.0186,0.0565,121,-0.1418,-0.4319,66.0,0.0732,0.1786,92,0.1795,0.1795,20,2.3333,1.5,0.0635,0.0446,0.0375,20.0,0.0,-0.375,0.0714,0.0069,-0.0325,85.0,0.2593,10.3333,183.0,0.0166,0.1643,1931.0,0.0581,-0.0411,347903.0,0.002,0.0418,207,-0.0072,-0.0633,0.7025,0.2238,0.6673,0.0
202002,53013,"columbia, wa",179900.0,-0.0497,-0.027,20,0.1429,-0.2453,157.0,0.1377,0.4018,8,0.3333,,0,,,0.0,0.0,0.0,4.0,,0.0,0.1379,0.1379,0.0297,4.0,-0.2727,-0.3333,109.0,-0.1649,0.1441,1657.0,-0.0608,-0.2389,217629.0,-0.1242,-0.14,25,0.0638,-0.2308,0.2,-0.1143,-0.0264,0.0
202002,53031,"jefferson, wa",457500.0,-0.0586,-0.0398,108,-0.0769,-0.0314,87.0,-0.0773,0.1125,40,0.1765,-0.1667,0,,,0.0,0.0,0.0,28.0,1.0,1.3333,0.1353,0.0647,0.0729,48.0,0.0667,0.8113,246.0,0.0025,-0.0062,1798.0,-0.0357,-0.0236,535257.0,0.0164,-0.0868,157,-0.0095,0.146,0.4444,0.0598,0.2068,0.0
202002,53049,"pacific, wa",285000.0,0.0508,0.1017,120,-0.0625,-0.2453,101.0,-0.0797,-0.1217,24,-0.1429,-0.5556,4,,,0.0223,0.0223,0.0223,20.0,-0.0909,-0.2308,0.1117,0.0047,0.0011,32.0,0.0492,1.0645,173.0,-0.0073,0.0152,1599.0,0.0117,0.04,337539.0,-0.0045,-0.0396,153,-0.0377,-0.1232,0.2667,0.0284,0.1692,0.0
202002,53001,"adams, wa",199500.0,0.0305,0.2185,29,-0.1944,-0.1831,112.0,0.0619,0.517,8,0.3333,0.0,0,,,0.0,0.0,0.0,0.0,-1.0,-1.0,0.0,-0.0328,-0.0992,15.0,0.1538,-0.0909,91.0,0.0427,-0.1297,1867.0,0.0848,0.0867,219422.0,0.0142,0.0011,46,-0.0417,-0.1068,0.5172,0.1561,0.0525,0.0
202002,53033,"king, wa",724950.0,0.0439,-0.0028,1994,0.003,-0.3403,30.0,-0.5745,-0.2208,2316,0.841,0.1431,104,1.4762,-0.4639,0.0168,0.0065,-0.0118,292.0,-0.1043,-0.69,0.0456,-0.0186,-0.0985,2138.0,0.4015,0.7375,416.0,0.036,0.0697,1956.0,0.0124,-0.0573,1143303.0,0.0152,0.0352,4121,0.1734,-0.0253,1.0722,0.3049,0.6651,0.0
202002,53043,"lincoln, wa",329999.0,0.1529,0.3018,26,-0.0545,-0.1746,127.0,0.0583,0.233,8,0.3333,-0.2,0,,-1.0,0.0,0.0,-0.0351,0.0,-1.0,-1.0,0.0,-0.0783,-0.0783,16.0,0.2308,-0.0857,159.0,0.1514,0.5328,1975.0,0.1133,-0.1118,341083.0,0.1119,0.2139,40,0.0127,-0.1667,0.6154,0.1427,0.0598,0.0
202002,53037,"kittitas, wa",395000.0,0.0,-0.0787,79,-0.0651,-0.2651,63.0,-0.2938,-0.3298,48,0.7143,-0.0769,0,,-1.0,0.0,0.0,-0.0096,8.0,0.0,-0.6923,0.0465,-0.0065,-0.0802,41.0,0.0513,-0.1087,249.0,0.0004,0.0914,1809.0,0.0496,-0.1463,963929.0,0.0087,0.1718,124,0.004,-0.1842,0.519,0.0574,0.0911,0.0
202002,53067,"thurston, wa",389425.0,-0.0372,-0.0037,354,0.0909,-0.2054,30.0,-0.4118,-0.5122,328,0.7263,-0.123,16,0.6,-0.5789,0.0148,0.0032,-0.0202,56.0,0.0769,-0.5333,0.0533,-0.0079,-0.0491,366.0,0.0655,0.1826,209.0,0.0013,0.1248,1978.0,-0.0191,-0.0869,495222.0,-0.0498,0.0538,730,0.0969,-0.0331,1.0339,-0.0247,0.3392,0.0
202002,53039,"klickitat, wa",469000.0,0.0422,0.0659,57,-0.0732,0.0962,138.0,0.1022,0.2088,8,-0.4286,-0.3333,0,,,0.0,0.0,0.0,12.0,0.0,5.0,0.1091,-0.0025,0.0788,29.0,0.16,8.6667,244.0,0.0751,0.2305,2037.0,-0.0481,-0.0904,652648.0,0.0532,0.1526,86,0.0,0.5636,0.5088,0.1023,0.4511,0.0
202002,53069,"wahkiakum, wa",394000.0,-0.0288,0.159,20,0.1765,0.0526,115.0,-0.1418,-0.1652,4,1.0,-0.6667,0,,,0.0,0.0,0.0,4.0,-0.3333,0.0,0.1333,-0.0714,-0.0046,9.0,-0.1,0.5,179.0,0.0025,0.0757,2080.0,-0.0924,-0.1092,484193.0,-0.094,0.0893,27,0.0385,0.102,0.45,-0.1382,0.1342,0.0
202002,53053,"pierce, wa",459900.0,0.022,0.0524,1017,0.0221,-0.1903,31.0,-0.4701,-0.2346,968,0.5463,-0.1866,112,0.8065,-0.4286,0.0325,0.0075,-0.0287,172.0,0.0488,-0.5222,0.0515,-0.0116,-0.0549,1071.0,0.161,0.1357,220.0,0.0144,0.089,2163.0,0.005,-0.0338,563061.0,0.0276,0.1056,2091,0.0882,-0.0456,1.0531,0.126,0.3023,0.0
202001,53017,"douglas, wa",398750.0,0.0524,0.1331,84,-0.1692,-0.107,71.0,0.1833,-0.2604,32,0.1429,0.0667,2,,,0.0122,0.0122,0.0122,18.0,8.0,-0.1,0.1345,0.1241,-0.0031,29.0,-0.2083,0.1176,212.0,0.0261,0.1237,1930.0,0.0094,0.0013,557093.0,0.0466,0.2762,112,-0.1861,-0.0551,0.3413,-0.0169,0.0686,0.0
202001,53069,"wahkiakum, wa",405675.0,0.027,0.2609,17,-0.0811,-0.1905,134.0,-0.0111,0.0551,2,-0.5,,0,,,0.0,0.0,0.0,6.0,0.5,0.5,0.2048,0.0775,0.0369,10.0,-0.1667,3.0,179.0,0.028,0.0863,2292.0,-0.0321,0.0441,534447.0,0.0709,0.287,26,-0.1333,0.1064,0.5882,-0.0604,0.4692,0.0
202001,53057,"skagit, wa",447750.0,0.0084,0.0189,263,-0.1436,-0.1422,86.0,0.1753,-0.0393,96,0.2973,-0.3143,28,,0.75,0.056,0.056,0.0243,34.0,0.5455,-0.6731,0.0643,0.0202,-0.1341,107.0,-0.1083,0.2515,232.0,-0.0007,0.0155,1939.0,0.0043,-0.0651,622758.0,0.0042,-0.019,369,-0.1309,-0.0515,0.4076,0.0161,0.1282,0.0
202001,53077,"yakima, wa",303700.0,-0.0508,0.0476,269,-0.1211,-0.1197,73.0,0.2479,-0.0395,120,0.2245,-0.0476,6,2.0,0.0,0.0107,0.0073,-0.0004,42.0,-0.1923,-0.2222,0.0809,-0.0085,-0.0123,157.0,-0.1401,0.155,161.0,0.0179,0.0519,1970.0,-0.0338,0.0126,363781.0,0.0018,0.018,425,-0.122,-0.0196,0.5829,-0.0129,0.1386,0.0
202001,53053,"pierce, wa",450000.0,0.0169,0.0716,995,-0.1732,-0.2782,59.0,0.0636,-0.041,626,0.0574,-0.4757,62,0.0333,-0.7182,0.025,0.0041,-0.0387,164.0,-0.1277,-0.7123,0.063,0.0013,-0.1101,923.0,-0.1326,0.0671,216.0,0.0103,0.079,2152.0,-0.002,-0.0251,547926.0,0.029,0.1016,1922,-0.1517,-0.1405,0.9271,0.0435,0.3,0.0
202001,53063,"spokane, wa",349751.0,0.0007,0.025,676,-0.2349,-0.1105,63.0,0.1053,0.1351,484,0.1101,-0.0281,34,0.0625,-0.7763,0.0169,0.0027,-0.0621,110.0,-0.2949,-0.6405,0.0546,-0.0141,-0.091,864.0,-0.0848,0.0753,155.0,0.0146,0.0901,2251.0,-0.0168,-0.0562,426802.0,-0.0009,0.0219,1539,-0.1565,-0.0135,1.2774,0.2095,0.2208,0.0
202001,53067,"thurston, wa",404475.0,0.0188,0.0439,325,-0.1948,-0.3425,51.0,0.0049,-0.2124,190,-0.0404,-0.3987,10,0.6667,-0.7917,0.0116,0.0046,-0.0347,52.0,-0.1034,-0.6905,0.0611,0.002,-0.0978,344.0,-0.0741,0.277,209.0,0.0253,0.1347,2017.0,-0.001,-0.0634,521194.0,0.0441,0.1305,666,-0.1413,-0.1232,1.0586,0.138,0.5135,0.0
202001,53009,"clallam, wa",424975.0,-0.0111,0.0918,195,-0.0625,-0.1522,100.0,0.0526,-0.0074,52,0.2381,-0.2353,0,,,0.0,0.0,0.0,36.0,0.3846,0.0588,0.1041,0.0319,0.0181,90.0,-0.1311,0.0915,212.0,0.0122,0.0614,2049.0,0.0001,0.0377,502459.0,-0.0188,0.141,282,-0.0844,-0.1104,0.459,-0.0362,0.1025,0.0
202001,53035,"kitsap, wa",456444.0,0.0189,0.0974,356,-0.1317,-0.1285,63.0,0.0681,-0.0669,256,0.4545,-0.1467,12,-0.25,-0.85,0.0124,-0.0038,-0.0675,88.0,0.2222,-0.3529,0.0938,0.0216,-0.0462,311.0,-0.1673,0.0874,225.0,0.0044,0.1057,2045.0,0.0013,-0.0254,601625.0,-0.0009,0.1534,667,-0.1487,-0.0389,0.8736,-0.0374,0.1735,0.0
202001,53051,"pend oreille, wa",309900.0,-0.1088,0.103,54,-0.1832,0.0388,130.0,0.0256,-0.0298,6,-0.4,-0.5,0,,-1.0,0.0,0.0,-0.026,4.0,-0.3333,-0.3333,0.0456,-0.0129,-0.0323,20.0,-0.1136,0.2581,182.0,-0.0302,0.0814,2240.0,-0.0132,0.2693,496360.0,0.0112,0.0494,73,-0.1657,0.1231,0.3645,0.0286,0.0635,0.0
202001,53005,"benton, wa",389978.0,0.0512,0.1652,437,-0.0867,-0.3313,59.0,0.0631,-0.1194,264,0.5904,0.4043,20,0.25,0.0,0.0229,0.0041,-0.0005,92.0,0.3939,-0.2333,0.1,0.024,-0.0399,212.0,0.0393,11.8182,176.0,0.0125,0.0817,2304.0,0.0063,0.0887,418986.0,0.0192,0.1629,647,-0.0527,-0.0336,0.484,0.0587,0.4587,0.0
202001,53021,"franklin, wa",312038.0,0.0107,0.0404,141,-0.0724,-0.3883,62.0,0.4138,0.1884,78,0.3448,-0.0488,6,0.0,0.0,0.0189,-0.003,0.0018,20.0,0.0,-0.5,0.0645,-0.0055,-0.063,68.0,0.0547,21.5,180.0,-0.0014,0.1417,1825.0,0.0102,-0.0947,347197.0,0.0071,0.0395,209,-0.0347,-0.1052,0.4787,0.0577,0.4657,0.0
202001,53011,"clark, wa",461425.0,0.0042,0.0255,1146,-0.104,-0.2191,78.0,-0.0311,0.1064,568,0.4947,-0.1446,316,-0.0424,1.8727,0.1159,0.0015,0.067,416.0,-0.1746,0.0612,0.1523,-0.0216,-0.0256,1032.0,-0.0923,14.2889,213.0,0.0044,0.0557,2253.0,-0.0031,-0.0028,573837.0,0.0054,0.0841,2176,-0.0966,0.4154,0.9005,0.0115,0.8545,0.0
202001,53061,"snohomish, wa",544975.0,0.0205,0.0666,883,-0.1634,-0.2472,61.0,0.0708,0.0614,696,0.234,-0.2249,80,1.5,-0.375,0.0282,0.0157,-0.0194,98.0,-0.3951,-0.8244,0.0403,-0.0222,-0.1792,855.0,-0.1176,0.4132,262.0,0.0012,0.031,2203.0,0.0338,0.0604,641503.0,0.0091,0.0838,1733,-0.1412,-0.0275,0.9683,0.0502,0.4525,0.0
202001,53065,"stevens, wa",272250.0,-0.0732,-0.01,129,-0.1629,-0.2678,107.0,0.0493,-0.1235,30,0.6667,-0.1176,0,,-1.0,0.0,0.0,-0.0086,8.0,0.3333,-0.5556,0.0371,0.0107,-0.0399,49.0,-0.1009,0.5077,149.0,0.0155,0.1004,1965.0,-0.015,-0.0928,364265.0,-0.0241,-0.0742,177,-0.1449,-0.149,0.3813,0.0263,0.1961,0.0
202001,53015,"cowlitz, wa",299925.0,-0.008,-0.0751,246,-0.0409,-0.0838,75.0,0.1905,-0.1758,94,0.2051,-0.1897,30,0.875,1.5,0.0652,0.031,0.0374,72.0,0.2,0.0909,0.1606,0.0343,0.0055,143.0,-0.05,2.3529,177.0,0.0005,0.0661,1742.0,-0.0056,-0.0682,441146.0,0.0228,0.0897,363,-0.0728,0.1672,0.5793,-0.0055,0.421,0.0
202001,53075,"whitman, wa",256750.0,0.0143,-0.0672,72,-0.04,-0.1864,74.0,-0.2525,0.0571,38,1.7143,0.0,0,,,0.0,0.0,0.0,12.0,-0.25,0.5,0.0763,-0.0605,0.006,28.0,0.098,4.6,127.0,0.0094,-0.0568,2076.0,0.0194,0.0926,283772.0,0.0269,-0.0019,99,-0.01,0.0588,0.3889,0.0489,0.3324,0.0
202001,53059,"skamania, wa",473500.0,0.0053,0.0021,32,-0.1233,0.1034,117.0,0.0448,-0.1402,4,,-0.6667,0,,,0.0,0.0,0.0,8.0,0.0,,0.1693,0.0237,0.1693,15.0,-0.1471,13.5,220.0,0.0348,0.1403,2018.0,-0.0857,-0.1851,542932.0,0.0026,0.0258,47,-0.1468,0.55,0.4531,-0.0126,0.4186,0.0
202001,53039,"klickitat, wa",450000.0,-0.0312,0.0112,62,-0.016,0.23,125.0,0.0895,0.1578,14,1.3333,-0.2222,0,,,0.0,0.0,0.0,12.0,-0.3333,2.0,0.1116,-0.0826,0.05,25.0,-0.0566,7.3333,227.0,0.0341,0.2061,2140.0,-0.0453,-0.0588,619663.0,-0.0464,0.1081,86,-0.0171,0.6226,0.4065,-0.0175,0.3465,0.0
202001,53043,"lincoln, wa",286225.0,-0.0127,0.146,28,-0.2667,-0.127,120.0,0.1456,0.2869,6,-0.4,0.0,0,,,0.0,0.0,0.0,4.0,,-0.3333,0.0783,0.0783,-0.023,13.0,-0.037,-0.2778,138.0,-0.0613,0.1462,1774.0,0.0296,-0.2089,306756.0,-0.0813,0.0936,40,-0.2178,-0.2178,0.4727,0.1127,-0.0987,0.0
202001,53003,"asotin, wa",260925.0,0.0819,0.0545,46,-0.0521,-0.3106,62.0,0.0873,-0.2545,20,0.4286,-0.0909,0,-1.0,,0.0,-0.0235,0.0,4.0,-0.5,-0.3333,0.0696,-0.0684,-0.0049,3.0,-0.1667,1.5,127.0,-0.021,0.044,2240.0,0.0849,0.0271,301151.0,-0.1096,-0.0826,48,-0.0686,-0.291,0.0549,-0.0076,0.0398,0.0
202001,53055,"san juan, wa",744500.0,-0.0431,-0.0635,171,-0.0757,0.1753,171.0,0.0443,0.0089,16,0.6,-0.2,0,,,0.0,0.0,0.0,12.0,-0.25,-0.3333,0.0563,-0.0185,-0.0405,17.0,-0.15,0.1333,413.0,-0.0199,-0.0064,1995.0,-0.0037,-0.0032,1326712.0,-0.0041,-0.0223,188,-0.0829,0.1713,0.0994,-0.0087,-0.0037,0.0
202001,53071,"walla walla, wa",397250.0,0.0019,0.186,109,-0.1523,-0.3111,83.0,0.0343,0.0343,32,-0.0588,-0.3846,0,,,0.0,0.0,0.0,22.0,0.375,-0.4762,0.0959,0.0316,-0.051,85.0,-0.0815,0.3413,171.0,0.0168,0.1281,2399.0,0.0113,0.1113,451619.0,-0.0035,0.1997,193,-0.1365,-0.1306,0.7788,0.0601,0.3788,0.0
202001,53049,"pacific, wa",271225.0,-0.0294,0.0466,128,-0.0554,-0.1899,110.0,-0.0068,0.0257,28,0.5556,0.4,0,,,0.0,0.0,0.0,22.0,0.5714,0.0,0.107,0.0295,-0.0033,31.0,-0.1867,1.3462,175.0,0.0137,0.0647,1580.0,-0.0395,0.0035,339064.0,-0.0233,-0.0461,159,-0.0756,-0.0729,0.2383,-0.0385,0.156,0.0
202001,53031,"jefferson, wa",486000.0,0.0481,0.0153,117,-0.0965,0.0541,94.0,0.0965,0.0965,34,0.3077,-0.0556,0,,-1.0,0.0,0.0,-0.0334,14.0,0.4,-0.125,0.0705,0.0204,-0.0295,45.0,0.1538,1.3077,246.0,-0.001,0.0144,1864.0,-0.008,-0.0302,526624.0,0.0081,-0.0751,159,-0.0365,0.2008,0.3846,0.0835,0.2089,0.0
202001,53073,"whatcom, wa",444675.0,0.017,0.0716,543,-0.1799,0.0775,92.0,0.1883,0.2708,152,0.027,-0.3667,4,,-0.8,0.005,0.005,-0.0176,72.0,0.3846,-0.4545,0.0812,0.0286,-0.0678,173.0,-0.0521,0.1972,245.0,0.014,0.0452,1835.0,-0.0014,0.0081,571874.0,0.044,0.022,716,-0.1507,0.1067,0.3189,0.043,0.0319,0.0
202001,53025,"grant, wa",273100.0,-0.0581,0.1375,200,-0.0268,0.0284,87.0,0.0298,-0.1013,76,0.9,0.2258,2,,-0.8889,0.005,0.005,-0.0479,24.0,0.5,-0.3333,0.067,0.0202,-0.0388,86.0,-0.0282,-0.0391,153.0,0.0136,0.1401,1794.0,-0.0342,-0.0036,324490.0,-0.1052,0.0199,284,-0.0291,0.0018,0.4311,-0.0006,-0.0303,0.0
202001,53029,"island, wa",477250.0,-0.0078,0.1859,231,-0.1299,-0.2248,84.0,0.1313,0.0839,70,-0.0278,-0.507,4,0.0,-0.6667,0.0101,0.0005,-0.0136,48.0,0.0909,-0.52,0.1232,0.0255,-0.0907,82.0,-0.2275,0.4954,246.0,-0.0064,0.0697,1879.0,0.009,0.0451,630893.0,0.0009,0.0962,311,-0.1619,-0.1216,0.3528,-0.0445,0.1699,0.0
202001,53033,"king, wa",694437.0,0.0064,-0.0008,1988,-0.2077,-0.3387,71.0,0.0763,0.0682,1258,0.3644,-0.3975,42,0.0,-0.7921,0.0103,0.0024,-0.0219,326.0,-0.1283,-0.7409,0.0642,-0.0049,-0.1481,1526.0,-0.189,0.2428,401.0,0.0186,0.0648,1932.0,0.0018,-0.0388,1126228.0,0.0415,0.0606,3512,-0.1975,-0.1692,0.7674,0.0177,0.359,0.0
202001,53037,"kittitas, wa",395000.0,0.0,-0.0207,85,-0.2422,-0.3213,89.0,0.0473,-0.147,28,0.1667,-0.125,0,,-1.0,0.0,0.0,-0.0194,8.0,-0.6,-0.6364,0.053,-0.0455,-0.0525,39.0,-0.3953,0.0833,249.0,0.0828,0.1861,1724.0,-0.0301,-0.1853,955607.0,0.0545,0.2625,124,-0.3023,-0.2159,0.4615,-0.1169,0.1724,0.0
202001,53007,"chelan, wa",481144.0,0.0157,0.1919,239,-0.1915,-0.1719,120.0,0.1765,0.2214,64,-0.0588,-0.3043,0,,-1.0,0.0,0.0,-0.0046,14.0,-0.4615,-0.4615,0.0434,-0.023,-0.0229,43.0,0.1039,0.7708,257.0,0.0399,0.0684,1805.0,0.0066,-0.0429,578801.0,-0.0085,0.0393,279,-0.1647,-0.1043,0.1782,0.0477,0.0949,0.0
202001,53047,"okanogan, wa",273450.0,-0.125,-0.0753,161,-0.1348,-0.0503,142.0,0.0967,-0.1168,16,0.3333,-0.4667,0,,,0.0,0.0,0.0,4.0,0.0,-0.7778,0.0201,0.0011,-0.0606,28.0,-0.2667,0.5714,166.0,-0.0547,-0.0642,1716.0,-0.0342,0.0121,432122.0,-0.0253,0.0701,191,-0.1435,0.0187,0.1713,-0.0308,0.0678,0.0
202001,53041,"lewis, wa",312400.0,0.0415,-0.0275,224,-0.0304,0.1175,88.0,0.1579,-0.0303,84,0.68,-0.2632,4,1.0,0.0,0.0116,0.0064,0.0009,38.0,-0.2692,-0.3448,0.1001,-0.0412,-0.0495,77.0,-0.1307,0.0552,174.0,0.0007,0.0742,1794.0,0.0067,-0.0488,387031.0,0.0655,0.0189,301,-0.0549,0.0965,0.3423,-0.0395,-0.0202,0.0
202001,53001,"adams, wa",193600.0,0.1066,0.1223,36,-0.0649,0.0746,105.0,0.2104,-0.0047,6,-0.4,-0.5,0,-1.0,,0.0,-0.0274,0.0,2.0,-0.6667,-0.5,0.0328,-0.0621,-0.0357,13.0,-0.1875,-0.1875,87.0,0.0259,-0.1776,1721.0,-0.0194,-0.0428,216346.0,0.0076,-0.047,48,-0.0943,-0.0204,0.3611,-0.0545,-0.1165,0.0
202001,53045,"mason, wa",311250.0,0.0405,0.0587,163,-0.1022,-0.1875,75.0,0.0308,-0.071,62,0.4091,-0.38,2,,-0.5,0.0071,0.0071,-0.0036,12.0,-0.5,-0.7857,0.0384,-0.0382,-0.1114,64.0,-0.2659,-0.1477,189.0,0.0158,0.1317,1706.0,0.0135,-0.0428,386223.0,0.0052,0.0325,227,-0.1514,-0.176,0.3908,-0.0871,0.0183,0.0
202001,53023,"garfield, wa",135000.0,-0.0178,-0.1813,7,-0.381,-0.5938,58.0,-0.5693,-0.3372,2,0.0,-0.5,0,,,0.0,0.0,0.0,0.0,,-1.0,0.0,0.0,-0.25,1.0,0.0,,71.0,0.0529,-0.0665,2092.0,0.0887,0.0023,175568.0,0.1025,-0.04,8,-0.3182,-0.5313,0.1538,0.0586,,1.0
202001,53013,"columbia, wa",189300.0,-0.0511,-0.0731,18,-0.0541,-0.3636,138.0,0.0952,0.6047,6,0.5,0.5,0,,,0.0,0.0,0.0,0.0,-1.0,-1.0,0.0,-0.0645,-0.1028,6.0,-0.1538,0.0,130.0,0.0749,0.1719,1764.0,-0.113,-0.1143,248492.0,-0.0355,-0.0598,24,-0.06,-0.2879,0.3143,-0.0371,0.1143,0.0
202001,53027,"grays harbor, wa",244950.0,0.0001,0.0725,295,-0.0723,0.0886,96.0,0.1105,-0.0614,76,-0.0732,-0.2245,4,1.0,-0.6,0.0087,0.0049,-0.0136,38.0,0.3571,-0.2963,0.08,0.0225,-0.0425,100.0,-0.1076,0.3007,160.0,-0.0229,0.0645,1465.0,0.0081,-0.0174,268658.0,0.0063,0.0292,396,-0.077,0.1414,0.3373,-0.0133,0.055,0.0
202001,53019,"ferry, wa",342400.0,-0.1099,0.9296,27,-0.1,-0.2895,215.0,0.0412,0.7515,4,,0.0,0,,,0.0,0.0,0.0,0.0,,-1.0,0.0,0.0,-0.0727,5.0,-0.0909,-0.4737,153.0,-0.015,0.1463,1862.0,-0.0075,0.3396,363353.0,-0.0764,0.1331,31,-0.1014,-0.3333,0.1852,0.0019,-0.0648,1.0
201912,53077,"yakima, wa",319950.0,-0.0079,0.0667,306,-0.077,-0.0881,59.0,0.1038,-0.25,98,-0.2794,-0.0577,2,-0.5,-0.5,0.0034,-0.0021,-0.0045,52.0,-0.381,0.0,0.0894,-0.0263,0.0015,182.0,-0.1333,0.046,159.0,-0.0071,0.0329,2039.0,0.0269,0.02,363134.0,-0.0104,-0.0037,484,-0.1128,-0.0445,0.5957,-0.0387,0.0763,0.0
201912,53023,"garfield, wa",137450.0,-0.1016,-0.1665,11,0.3125,-0.3,134.0,0.043,0.7919,2,,,0,,,0.0,0.0,0.0,0.0,,-1.0,0.0,0.0,-0.2667,1.0,-0.5,,67.0,0.0393,-0.1206,1922.0,0.0303,-0.1222,159251.0,0.0148,-0.1396,11,0.1,-0.2667,0.0952,-0.1548,,1.0
201912,53019,"ferry, wa",384675.0,0.3267,0.7289,30,-0.2105,-0.3182,207.0,0.6996,0.6324,0,-1.0,-1.0,0,,,0.0,0.0,0.0,0.0,,,0.0,0.0,0.0,6.0,1.75,-0.3125,155.0,0.0523,0.114,1876.0,0.0434,0.1488,393420.0,0.0107,0.1156,35,-0.1375,-0.3235,0.1833,0.1307,0.0015,1.0
201912,53051,"pend oreille, wa",347725.0,-0.0404,0.2379,66,-0.1813,-0.1027,127.0,0.373,-0.0155,10,-0.1667,0.25,0,,-1.0,0.0,0.0,-0.0381,6.0,-0.5,0.5,0.0584,-0.0441,0.024,22.0,-0.2414,-0.0833,187.0,-0.0471,0.0423,2270.0,0.081,0.3159,490861.0,0.0115,0.1,88,-0.1822,-0.0789,0.3359,-0.0266,0.0071,0.0
201912,53063,"spokane, wa",349500.0,-0.0014,0.0723,884,-0.1665,-0.0281,57.0,0.3256,-0.05,436,-0.2483,0.1474,32,-0.2727,-0.8667,0.0142,-0.0023,-0.0869,156.0,-0.5063,-0.6518,0.0687,-0.0493,-0.1139,944.0,-0.1352,0.0091,153.0,0.0211,0.1159,2290.0,-0.0224,-0.0282,427171.0,-0.0025,0.064,1825,-0.151,-0.0063,1.0679,0.0387,0.0393,0.0
201912,53003,"asotin, wa",241175.0,0.0157,-0.0254,48,-0.1273,-0.3143,57.0,0.5473,-0.2264,14,-0.3,0.1667,2,,,0.0235,0.0235,0.0235,8.0,0.0,1.0,0.138,0.0046,0.0808,3.0,0.2,2.0,130.0,0.0512,0.0908,2065.0,0.0072,-0.1288,338201.0,0.068,0.0134,51,-0.1053,-0.2714,0.0625,0.017,0.0482,0.0
201912,53009,"clallam, wa",429725.0,0.0017,0.1162,208,-0.1907,-0.2296,95.0,0.2258,0.0326,42,-0.25,-0.25,0,,,0.0,0.0,0.0,26.0,-0.4583,-0.35,0.0722,-0.0347,-0.02,103.0,-0.2695,0.0957,210.0,-0.0026,0.0513,2048.0,0.0053,0.0408,512109.0,0.0284,0.1585,308,-0.2163,-0.1538,0.4952,-0.0534,0.147,0.0
201912,53047,"okanogan, wa",312500.0,-0.0473,0.0813,186,-0.125,-0.0536,129.0,0.1644,-0.1024,12,-0.5,-0.5714,0,,,0.0,0.0,0.0,4.0,-0.8,-0.8333,0.019,-0.0482,-0.0823,38.0,-0.2188,1.2059,175.0,-0.0437,0.0628,1776.0,0.011,0.0548,443326.0,-0.0026,0.1462,223,-0.1489,0.0469,0.2022,-0.0243,0.1154,0.0
201912,53033,"king, wa",690000.0,-0.0129,0.0222,2509,-0.3347,-0.3299,66.0,0.2358,0.0917,922,-0.409,-0.415,42,-0.0455,-0.7857,0.0079,0.0027,-0.0283,374.0,-0.5863,-0.7424,0.0692,-0.0543,-0.1617,1881.0,-0.2136,0.3359,394.0,0.0032,0.0704,1929.0,-0.0211,-0.028,1081314.0,0.0279,0.076,4377,-0.2985,-0.1327,0.7497,0.1154,0.3736,0.0
201912,53035,"kitsap, wa",447975.0,-0.0364,0.0929,410,-0.2379,-0.1667,59.0,0.2368,-0.0962,176,-0.3231,-0.3433,16,0.3333,-0.6364,0.0162,0.0068,-0.0269,72.0,-0.4857,-0.4375,0.0722,-0.0335,-0.053,374.0,-0.1453,0.1745,224.0,-0.0124,0.1085,2043.0,-0.032,-0.0324,602156.0,-0.0506,0.1398,784,-0.2046,-0.0107,0.911,0.0987,0.2646,0.0
201912,53041,"lewis, wa",299950.0,-0.0293,-0.0475,231,-0.1494,-0.0592,76.0,0.2881,-0.1006,50,-0.4318,-0.5,2,,-0.75,0.0052,0.0052,-0.0132,52.0,-0.0714,-0.1875,0.1413,0.0169,-0.0062,88.0,-0.0638,0.0476,174.0,0.0113,0.0844,1782.0,0.0,-0.0511,363234.0,0.014,-0.014,319,-0.1202,-0.0348,0.3818,0.0349,0.0389,0.0
201912,53037,"kittitas, wa",395000.0,-0.0234,-0.01,112,-0.231,-0.2898,85.0,0.006,-0.0815,24,-0.25,-0.4,0,,,0.0,0.0,0.0,20.0,-0.2857,0.0,0.0985,-0.0072,-0.002,65.0,-0.1513,0.3163,230.0,-0.0352,0.1144,1777.0,-0.0711,-0.1562,906236.0,0.1263,0.2803,177,-0.2027,-0.1449,0.5785,0.0543,0.2664,0.0
201912,53021,"franklin, wa",308725.0,-0.0304,0.0056,152,0.0201,-0.3333,44.0,-0.2232,-0.275,58,-0.3696,0.1154,6,0.5,-0.25,0.022,0.0081,-0.0019,20.0,-0.375,-0.1667,0.07,-0.0267,-0.0038,64.0,-0.1579,20.3333,180.0,0.0245,0.1858,1807.0,-0.0717,-0.1311,344755.0,-0.0235,0.0077,216,-0.0485,-0.0649,0.4211,-0.089,0.4079,0.0
201912,53039,"klickitat, wa",464500.0,-0.0691,0.0438,63,-0.1197,-0.0385,115.0,0.2181,0.3471,6,-0.5,-0.25,0,-1.0,,0.0,-0.0336,0.0,18.0,-0.25,3.5,0.1942,-0.0058,0.1529,27.0,-0.3026,7.8333,219.0,0.0501,0.1066,2241.0,-0.0586,-0.0013,649811.0,0.0123,0.178,88,-0.1972,0.306,0.424,-0.1112,0.3778,0.0
201912,53043,"lincoln, wa",289900.0,0.0737,0.1258,38,-0.1477,-0.1477,105.0,0.1263,0.2324,10,0.25,-0.1667,0,,,0.0,0.0,0.0,0.0,-1.0,-1.0,0.0,-0.0635,-0.129,14.0,0.35,-0.1,147.0,-0.0017,0.454,1723.0,-0.0898,-0.1455,333905.0,-0.0358,0.2021,51,-0.0818,-0.1293,0.36,0.1327,0.0191,0.0
201912,53015,"cowlitz, wa",302350.0,-0.0549,-0.0247,257,-0.1507,-0.1334,63.0,0.1053,-0.1486,78,-0.3036,-0.22,16,-0.4286,0.0,0.0342,-0.0249,0.0003,60.0,-0.4828,0.1538,0.1263,-0.0914,0.0073,150.0,-0.0683,2.4091,177.0,0.0164,0.0827,1751.0,-0.0335,-0.0645,431298.0,0.0337,0.0965,392,-0.1102,0.1617,0.5848,0.0517,0.4361,0.0
201912,53053,"pierce, wa",442500.0,0.0412,0.0702,1204,-0.224,-0.2806,55.0,0.2222,-0.0984,592,-0.2919,-0.3909,60,-0.0625,-0.7273,0.0209,0.0016,-0.0498,188.0,-0.5983,-0.6908,0.0617,-0.0653,-0.1084,1064.0,-0.1465,0.1218,214.0,0.0142,0.0799,2157.0,0.0316,-0.0062,532459.0,0.0416,0.0854,2265,-0.2047,-0.1241,0.8837,0.0803,0.317,0.0
201912,53001,"adams, wa",174950.0,0.0294,-0.0935,39,0.0694,0.2419,87.0,-0.1237,-0.0964,10,-0.375,0.25,2,,,0.0274,0.0274,0.0274,6.0,,-0.25,0.0949,0.0949,-0.0385,16.0,-0.0588,-0.2,85.0,-0.1216,-0.2095,1755.0,-0.0462,-0.0378,214717.0,0.0,-0.1155,53,0.0192,0.0816,0.4156,-0.0566,-0.2296,0.0
201912,53069,"wahkiakum, wa",395000.0,0.2461,0.2382,19,-0.2885,-0.2885,136.0,0.1483,0.2431,4,0.0,,0,,,0.0,0.0,0.0,4.0,0.0,0.0,0.1273,0.0096,-0.0107,12.0,0.2,5.0,174.0,0.0706,0.0537,2368.0,0.0824,0.1833,499064.0,0.204,0.2342,30,-0.1429,0.0345,0.6486,0.264,0.5717,0.0
201912,53075,"whitman, wa",253125.0,-0.059,0.0332,75,-0.2424,-0.2188,99.0,0.1512,0.375,14,-0.5625,-0.3,0,,,0.0,0.0,0.0,16.0,-0.2,0.3333,0.1368,0.0238,0.0324,26.0,-0.0556,4.1,126.0,-0.0271,0.0124,2037.0,-0.0357,0.0879,276342.0,-0.051,0.074,100,-0.2,-0.0099,0.34,0.0673,0.2879,0.0
201912,53065,"stevens, wa",293750.0,-0.0042,0.0682,154,-0.2005,-0.2208,102.0,0.1033,-0.0814,18,-0.4375,-0.25,0,,-1.0,0.0,0.0,-0.0147,6.0,-0.7,-0.7857,0.0264,-0.0517,-0.0722,55.0,-0.0268,0.1596,147.0,-0.0065,0.0752,1995.0,-0.0102,-0.0625,373260.0,-0.0135,-0.0762,207,-0.1516,-0.1585,0.355,0.0634,0.1165,0.0
201912,53013,"columbia, wa",199500.0,-0.1129,0.0556,19,-0.2292,-0.3621,126.0,0.2233,0.726,4,,0.0,0,,,0.0,0.0,0.0,2.0,-0.5,,0.0645,-0.0355,0.0645,7.0,-0.5,0.3,121.0,0.0,0.0701,1989.0,-0.0316,0.0659,257626.0,-0.0432,0.0046,25,-0.3243,-0.2647,0.3514,-0.1903,0.1789,0.0
201912,53005,"benton, wa",370995.0,0.0164,0.1311,479,-0.0886,-0.3317,56.0,0.2333,-0.112,166,-0.2315,0.0375,16,1.0,1.0,0.0188,0.0108,0.0103,66.0,-0.6489,-0.3654,0.076,-0.1029,-0.0412,204.0,-0.2653,14.6538,173.0,0.0081,0.0896,2290.0,-0.0145,0.0765,411083.0,0.0032,0.1351,683,-0.1473,-0.0605,0.4253,-0.1023,0.4071,0.0
201912,53045,"mason, wa",299125.0,-0.0503,-0.011,181,-0.1659,-0.1883,73.0,0.2479,-0.0519,44,-0.4211,-0.4211,0,-1.0,-1.0,0.0,-0.0099,-0.0211,24.0,-0.5385,-0.4545,0.0766,-0.0429,-0.0229,87.0,-0.2478,0.0176,186.0,0.0163,0.1428,1683.0,-0.0018,-0.0853,384226.0,0.0054,0.0307,268,-0.2201,-0.1201,0.4779,-0.0521,0.0967,0.0
201912,53059,"skamania, wa",471000.0,0.0064,-0.0764,37,-0.27,0.2167,112.0,0.3598,-0.0388,0,-1.0,-1.0,0,,,0.0,0.0,0.0,8.0,-0.3333,,0.1456,0.0166,0.1456,17.0,0.1333,16.0,213.0,-0.0102,0.144,2207.0,-0.0297,-0.1289,541532.0,-0.0122,-0.1479,55,-0.1066,0.7031,0.4658,0.1658,0.4324,1.0
201912,53017,"douglas, wa",378900.0,0.0,0.0703,101,-0.0694,-0.1625,60.0,0.1538,-0.375,28,-0.3,0.1667,0,,-1.0,0.0,0.0,-0.0252,2.0,-0.9167,-0.9375,0.0104,-0.0972,-0.1871,36.0,-0.1628,0.44,207.0,0.0198,0.0938,1912.0,-0.0165,0.0269,532308.0,0.0158,0.2422,137,-0.0867,-0.0352,0.3582,-0.0399,0.1499,0.0
201912,53057,"skagit, wa",444000.0,0.0326,0.0092,307,-0.1366,-0.1243,73.0,0.0699,-0.0791,74,-0.1957,-0.4219,0,,-1.0,0.0,0.0,-0.0342,22.0,-0.6765,-0.6071,0.0442,-0.0709,-0.0621,120.0,-0.2593,0.2371,232.0,0.0286,0.0044,1930.0,-0.0004,-0.0477,620154.0,0.0094,0.0039,424,-0.1985,-0.0407,0.3915,-0.0648,0.1144,0.0
201912,53029,"island, wa",481000.0,-0.0283,0.1212,266,-0.1881,-0.1435,74.0,0.1512,-0.01,72,-0.3333,-0.4857,4,0.0,-0.6667,0.0096,0.0029,-0.0146,44.0,-0.1538,-0.45,0.0977,-0.0113,-0.0636,106.0,-0.1281,0.6484,247.0,-0.0106,0.0856,1862.0,-0.0474,-0.0012,630310.0,-0.0146,0.0654,371,-0.1857,-0.004,0.3974,0.0273,0.1909,0.0
201912,53067,"thurston, wa",397000.0,-0.005,0.0206,403,-0.2726,-0.2942,51.0,-0.0049,-0.168,198,-0.3028,-0.3813,6,-0.5,-0.9063,0.007,-0.0026,-0.0449,58.0,-0.463,-0.5972,0.0592,-0.0244,-0.0628,371.0,-0.0771,0.3018,204.0,0.0207,0.1181,2019.0,-0.0079,-0.0724,499188.0,0.0189,0.1145,775,-0.1961,-0.0946,0.9206,0.195,0.4215,0.0
201912,53055,"san juan, wa",778000.0,-0.0013,-0.0214,185,-0.1274,0.0278,164.0,0.1434,0.1199,10,-0.375,-0.375,0,,-1.0,0.0,0.0,-0.0187,16.0,0.0,0.0,0.0748,0.0059,-0.0048,20.0,-0.0909,0.8182,422.0,-0.0044,0.0146,2002.0,-0.0074,-0.0179,1332128.0,0.0269,-0.0078,205,-0.1239,0.0733,0.1081,0.0043,0.047,0.0
201912,53011,"clark, wa",459500.0,0.0048,0.0222,1279,-0.153,-0.2225,81.0,0.1338,0.2385,380,-0.4025,-0.2017,330,0.3525,3.5833,0.1144,0.0345,0.0836,504.0,-0.1923,0.3846,0.1738,-0.0079,0.0066,1137.0,-0.1145,18.6034,212.0,0.009,0.0632,2260.0,0.0,-0.0013,570777.0,0.0212,0.0812,2408,-0.1394,0.4156,0.889,0.0386,0.8537,0.0
201912,53073,"whatcom, wa",437250.0,-0.0282,0.0539,662,-0.1658,0.1464,77.0,0.2031,0.0845,148,-0.3019,-0.4127,0,-1.0,-1.0,0.0,-0.0031,-0.0208,52.0,-0.6829,-0.5938,0.0526,-0.0768,-0.0873,183.0,-0.2427,0.5336,241.0,0.005,0.0295,1837.0,-0.0351,-0.0053,547773.0,-0.0153,-0.0123,843,-0.186,0.1984,0.2759,-0.028,0.0696,0.0
201912,53031,"jefferson, wa",463700.0,-0.0439,-0.0238,130,-0.0547,0.0792,86.0,0.1958,0.0823,26,-0.1875,-0.2778,0,,-1.0,0.0,0.0,-0.0191,10.0,-0.5833,-0.5833,0.0501,-0.0585,-0.0855,39.0,-0.2041,0.56,246.0,-0.0225,0.0194,1879.0,-0.0272,-0.0021,522412.0,-0.089,-0.0661,165,-0.1108,0.1345,0.3012,-0.0565,0.0928,0.0
201912,53007,"chelan, wa",473725.0,0.0081,0.1671,295,-0.1713,-0.081,102.0,0.2439,0.1461,68,0.0,-0.0556,0,,,0.0,0.0,0.0,26.0,-0.4583,-0.4091,0.0665,-0.0554,-0.0438,39.0,-0.3125,0.2419,247.0,0.0243,0.0396,1793.0,-0.0451,-0.0641,583786.0,-0.0085,0.0352,334,-0.1893,-0.0375,0.1305,-0.0268,0.0339,0.0
201912,53061,"snohomish, wa",534053.0,0.0077,0.0682,1056,-0.2551,-0.2629,57.0,0.2556,0.0089,564,-0.2732,-0.1754,32,-0.2727,-0.7714,0.0125,-0.0007,-0.0411,162.0,-0.6318,-0.6908,0.0625,-0.0698,-0.1384,969.0,-0.1278,0.5236,262.0,-0.0092,0.0309,2131.0,0.0107,0.0505,635718.0,0.0227,0.0828,2018,-0.2202,0.0065,0.918,0.134,0.4739,0.0
201912,53027,"grays harbor, wa",244920.0,-0.0104,0.0825,318,-0.1067,-0.0124,86.0,0.1026,0.0488,82,-0.1087,-0.0682,2,-0.5,-0.875,0.0038,-0.0033,-0.0245,28.0,-0.5,-0.6316,0.0575,-0.037,-0.0958,112.0,-0.1553,0.1263,164.0,0.0085,0.093,1453.0,-0.0247,-0.0312,266975.0,-0.0363,0.0256,429,-0.1237,0.03,0.3506,-0.0202,0.0432,0.0
201912,53049,"pacific, wa",279450.0,0.0648,0.0841,136,-0.0967,-0.2514,111.0,0.1276,0.1276,18,-0.55,-0.3571,0,-1.0,-1.0,0.0,-0.0178,-0.0169,14.0,-0.125,-0.4167,0.0776,0.0242,-0.0268,38.0,-0.1071,1.6786,172.0,-0.0016,0.0241,1645.0,0.0301,0.0535,347155.0,0.0397,-0.001,172,-0.0947,-0.1134,0.2768,-0.0032,0.1994,0.0
201912,53025,"grant, wa",289945.0,-0.0119,0.2132,205,-0.1164,-0.1564,84.0,0.12,-0.0562,40,-0.1667,-0.6,0,-1.0,-1.0,0.0,-0.0096,-0.0304,16.0,-0.3333,-0.4286,0.0468,-0.0172,-0.014,89.0,-0.1651,-0.1238,151.0,0.0064,0.1123,1858.0,-0.0315,0.0424,362629.0,0.0019,0.1826,293,-0.1372,-0.1243,0.4317,-0.0252,0.0161,0.0
201912,53071,"walla walla, wa",396500.0,0.0437,0.2015,128,-0.2335,-0.2,80.0,0.2539,0.1146,34,-0.4688,0.0625,0,,,0.0,0.0,0.0,16.0,-0.6667,-0.5,0.0643,-0.0807,0.0025,92.0,-0.0891,0.3529,169.0,0.0309,0.0919,2373.0,0.0196,0.0858,453213.0,0.0823,0.1879,224,-0.1629,-0.0154,0.7188,0.114,0.2938,0.0
201911,53047,"okanogan, wa",328000.0,-0.0186,0.1332,212,-0.1017,0.0024,111.0,0.0423,-0.1048,24,-0.5556,-0.25,0,,,0.0,0.0,0.0,20.0,-0.2857,-0.375,0.0671,-0.0151,-0.0567,48.0,0.2308,0.5738,183.0,-0.0609,0.0512,1757.0,0.004,0.0494,444467.0,0.002,0.1024,262,-0.0455,0.0849,0.2264,0.0612,0.0822,0.0
201911,53067,"thurston, wa",399000.0,0.0,0.0297,554,-0.079,-0.0896,51.0,0.1461,0.02,284,-0.0897,-0.3853,12,0.2,-0.8,0.0096,0.0026,-0.0355,108.0,-0.3647,-0.617,0.0835,-0.0419,-0.1112,402.0,-0.0864,0.1535,200.0,0.0043,0.1097,2035.0,-0.0117,-0.0706,489910.0,-0.0037,0.0828,964,-0.0757,0.0068,0.7256,-0.0059,0.1529,0.0
201911,53033,"king, wa",699000.0,-0.0004,0.0511,3771,-0.2077,-0.1949,53.0,0.2045,0.2045,1560,-0.3328,-0.4109,44,0.2941,-0.8503,0.0052,0.0017,-0.0304,904.0,-0.4858,-0.6393,0.1234,-0.0584,-0.1404,2392.0,-0.0542,0.2063,393.0,0.0271,0.0908,1970.0,-0.0103,0.0025,1052001.0,0.0212,0.0764,6239,-0.1419,-0.0669,0.6343,0.103,0.211,0.0
201911,53053,"pierce, wa",425000.0,0.0001,0.0637,1551,-0.1279,-0.1995,45.0,0.0465,-0.1089,836,-0.1606,-0.3951,64,-0.1111,-0.7265,0.0194,0.0015,-0.0382,468.0,-0.2148,-0.4979,0.127,-0.0147,-0.0735,1246.0,-0.0961,0.0493,211.0,0.0116,0.0715,2091.0,-0.0112,-0.0297,511204.0,-0.0024,0.0522,2848,-0.0989,-0.0891,0.8034,0.0283,0.1904,0.0
201911,53051,"pend oreille, wa",362350.0,-0.0139,0.291,80,-0.2,-0.1351,93.0,0.2542,-0.1591,12,-0.4545,-0.1429,0,,,0.0,0.0,0.0,12.0,0.5,-0.1429,0.1026,0.0513,0.003,29.0,-0.2658,0.1837,196.0,0.0113,0.1565,2100.0,-0.0094,0.2281,485299.0,0.0405,0.1827,107,-0.2161,-0.0736,0.3625,-0.0325,0.0976,0.0
201911,53015,"cowlitz, wa",319900.0,0.0345,0.0667,302,-0.0179,-0.1025,57.0,0.2527,0.0133,112,-0.2533,-0.2821,28,1.3333,0.5556,0.0591,0.0372,0.0262,116.0,0.4872,-0.0169,0.2176,0.0707,-0.0011,161.0,1.0774,1.4769,174.0,0.0134,0.078,1812.0,0.0064,0.0006,417257.0,0.057,0.1007,440,0.1429,0.0945,0.5331,0.2811,0.3399,0.0
201911,53029,"island, wa",495000.0,0.0159,0.1458,327,-0.1016,-0.0382,65.0,0.1121,-0.0227,108,-0.1429,-0.4653,4,1.0,-0.3333,0.0067,0.0034,-0.0033,52.0,-0.5094,-0.6905,0.109,-0.0571,-0.1411,121.0,-0.062,0.1256,250.0,0.0107,0.0976,1955.0,-0.0004,0.001,639667.0,0.0058,0.0276,455,-0.0771,0.0111,0.37,0.0156,0.0539,0.0
201911,53077,"yakima, wa",322500.0,0.015,0.1055,331,-0.0529,-0.0919,53.0,0.1042,-0.0783,136,-0.2609,0.0625,4,1.0,-0.6667,0.0055,0.0027,-0.0117,84.0,-0.2759,-0.1429,0.1157,-0.0381,-0.0206,210.0,-0.0889,0.0345,160.0,0.0097,0.0425,1986.0,0.0343,-0.001,366948.0,0.0168,-0.0024,545,-0.0546,-0.0268,0.6344,-0.0251,0.0775,0.0
201911,53017,"douglas, wa",378900.0,-0.0249,0.069,108,-0.0226,-0.1496,52.0,0.1304,-0.362,40,-0.3548,0.1765,0,-1.0,-1.0,0.0,-0.0177,-0.0094,24.0,-0.1429,-0.2941,0.1076,-0.0155,-0.0468,43.0,-0.2182,0.1467,203.0,0.029,0.0688,1944.0,-0.0597,0.0263,524050.0,0.0075,0.1929,150,-0.0881,-0.0881,0.3981,-0.0996,0.1029,0.0
201911,53071,"walla walla, wa",379900.0,0.0164,0.1428,167,-0.0618,-0.0511,64.0,0.28,0.0492,64,-0.0588,0.1034,0,,,0.0,0.0,0.0,48.0,-0.2941,0.2632,0.145,-0.0332,-0.0166,101.0,-0.2546,100.0,164.0,0.0086,0.0548,2327.0,0.0281,0.0773,418761.0,0.0122,0.1101,267,-0.1429,0.5085,0.6048,-0.1564,0.5991,0.0
201911,53005,"benton, wa",365000.0,0.0391,0.1188,525,-0.0716,-0.353,45.0,0.0112,-0.1089,216,-0.2987,-0.1148,8,-0.6,0.3333,0.008,-0.008,0.0023,188.0,-0.1215,-0.0105,0.1789,-0.0062,0.0028,277.0,-0.061,26.7,172.0,0.0134,0.0981,2324.0,0.0519,0.0832,409757.0,0.0559,0.1381,801,-0.0708,-0.0226,0.5276,0.006,0.5153,0.0
201911,53039,"klickitat, wa",499000.0,0.0407,0.0685,71,-0.2406,-0.1069,94.0,0.3147,0.2921,12,-0.4545,0.0,4,,,0.0336,0.0336,0.0336,24.0,0.5,5.0,0.2,0.0655,0.1649,38.0,24.3333,7.4444,209.0,-0.0614,-0.0019,2381.0,0.0692,0.0404,641924.0,0.0404,0.1344,109,0.1414,0.2976,0.5352,0.5192,0.4786,0.0
201911,53057,"skagit, wa",430000.0,0.0178,-0.0375,355,-0.1394,-0.1001,68.0,0.1525,0.0794,92,-0.4945,-0.4889,0,-1.0,-1.0,0.0,-0.0156,-0.0369,68.0,-0.2917,-0.4925,0.1151,-0.0058,-0.0677,162.0,-0.0769,0.2462,226.0,0.0018,-0.0144,1931.0,0.0249,-0.043,614393.0,0.0307,0.0123,529,-0.1011,0.0067,0.4563,0.0309,0.1268,0.0
201911,53009,"clallam, wa",429000.0,0.0236,0.118,257,-0.1601,-0.1199,78.0,0.0544,0.0333,56,-0.4717,-0.3,0,,-1.0,0.0,0.0,-0.0116,48.0,-0.3333,-0.0769,0.1069,-0.0258,0.0061,141.0,-0.0174,0.175,210.0,0.0193,0.0594,2038.0,0.0137,0.034,497985.0,0.0284,0.1135,393,-0.1099,-0.0473,0.5486,0.0797,0.1377,0.0
201911,53003,"asotin, wa",237450.0,-0.0701,-0.0074,55,0.1579,-0.4054,37.0,-0.039,-0.3934,20,-0.2857,0.25,0,,,0.0,0.0,0.0,8.0,0.3333,-0.5,0.1333,0.0741,-0.0059,3.0,0.6667,,123.0,0.0934,0.0368,2050.0,-0.1661,-0.0621,316670.0,-0.0111,-0.0018,57,0.14,-0.3838,0.0455,0.0139,,0.0
201911,53041,"lewis, wa",309000.0,-0.0015,0.0334,271,-0.0269,-0.0607,59.0,0.1346,-0.0992,88,-0.1698,-0.2542,0,-1.0,-1.0,0.0,-0.004,-0.0478,56.0,-0.3488,-0.541,0.1244,-0.0535,-0.1173,94.0,-0.157,0.1463,172.0,-0.0145,0.0869,1782.0,0.0097,-0.0281,358218.0,-0.0085,0.0345,362,-0.073,-0.019,0.3469,-0.0535,0.0626,0.0
201911,53011,"clark, wa",457304.0,0.0012,0.0394,1510,-0.1218,-0.163,71.0,0.2566,0.2793,636,-0.1609,-0.1632,244,2.1282,3.0667,0.0799,0.0497,0.0559,624.0,-0.085,0.0722,0.1817,-0.0836,-0.0332,1284.0,13.5909,17.3429,210.0,0.0153,0.0585,2260.0,0.0001,0.0089,558919.0,0.0324,0.064,2798,0.548,0.4919,0.8503,0.7992,0.8115,0.0
201911,53073,"whatcom, wa",449950.0,0.0023,0.0735,793,-0.089,0.2547,64.0,0.1327,0.1228,212,-0.4301,-0.3943,4,-0.5,-0.8889,0.0031,-0.002,-0.0286,164.0,-0.2336,-0.1961,0.1293,-0.0106,-0.0474,241.0,-0.1284,0.3577,240.0,-0.0016,0.0234,1904.0,0.0056,-0.002,556269.0,-0.004,0.0026,1035,-0.0984,0.2833,0.3039,-0.0137,0.0231,0.0
201911,53055,"san juan, wa",779000.0,-0.004,-0.0006,212,-0.1017,0.0956,143.0,0.0534,0.1216,16,0.0,-0.4286,0,,-1.0,0.0,0.0,-0.0156,16.0,-0.4667,-0.3846,0.069,-0.0396,-0.0398,22.0,-0.2,0.0,424.0,0.0395,0.0587,2017.0,-0.0158,-0.0096,1297176.0,0.017,-0.0037,234,-0.1136,0.0858,0.1038,-0.0128,-0.0099,0.0
201911,53069,"wahkiakum, wa",317000.0,0.0012,-0.0154,26,-0.0877,-0.0189,118.0,0.2292,0.3801,4,0.0,1.0,0,,,0.0,0.0,0.0,4.0,-0.3333,-0.6667,0.1176,-0.0275,-0.249,10.0,0.3333,1.0,162.0,-0.1023,0.0231,2188.0,0.1879,0.0354,414513.0,0.1377,0.0225,35,0.0,0.1111,0.3846,0.1215,0.1959,1.0
201911,53063,"spokane, wa",350000.0,0.0001,0.0742,1060,-0.1283,-0.0368,43.0,0.1781,-0.1224,580,-0.2033,0.1789,44,-0.4054,-0.7963,0.0164,-0.0067,-0.0582,316.0,-0.378,-0.487,0.118,-0.0391,-0.1057,1091.0,-0.1617,-0.0675,150.0,0.0225,0.1184,2342.0,-0.0242,-0.0068,428248.0,0.0019,0.062,2149,-0.146,-0.0502,1.0292,-0.0411,-0.0339,0.0
201911,53021,"franklin, wa",318400.0,-0.0167,0.0705,149,0.0493,-0.4168,56.0,0.1089,0.1089,92,0.0952,0.4375,4,,1.0,0.0139,0.0139,0.0075,32.0,-0.2381,-0.4286,0.0967,-0.0649,-0.068,76.0,0.1014,29.4,176.0,0.0553,0.1482,1946.0,-0.0413,-0.041,353055.0,0.0006,0.0515,227,0.0657,-0.1202,0.5101,0.0242,0.5003,0.0
201911,53001,"adams, wa",169950.0,0.0041,-0.1307,36,-0.2258,0.0435,99.0,0.0154,0.2073,16,1.6667,1.6667,0,,-1.0,0.0,0.0,-0.0351,0.0,-1.0,-1.0,0.0,-0.1013,-0.0684,17.0,-0.1053,-0.1053,97.0,-0.1171,-0.14,1840.0,0.047,-0.0125,214715.0,0.0156,-0.0559,52,-0.218,-0.0189,0.4722,0.0636,-0.0785,1.0
201911,53023,"garfield, wa",153000.0,0.189,-0.0506,8,-0.1579,-0.36,128.0,0.2337,1.0,0,,-1.0,0,,,0.0,0.0,0.0,0.0,,,0.0,0.0,0.0,2.0,-0.3333,,65.0,-0.0152,-0.1587,1865.0,0.0013,-0.1051,156922.0,0.0125,-0.1379,10,-0.2,-0.2,0.25,-0.0658,,1.0
201911,53059,"skamania, wa",468000.0,-0.0061,-0.1022,50,0.0101,0.4706,82.0,0.2713,-0.1841,4,-0.5,-0.3333,0,,,0.0,0.0,0.0,12.0,0.0,1.0,0.129,-0.0467,-0.0111,15.0,14.0,14.0,215.0,0.0365,0.1367,2274.0,-0.0156,-0.0825,548219.0,0.0125,-0.1655,61,0.22,0.7429,0.3,0.2798,0.2706,1.0
201911,53025,"grant, wa",293435.0,0.0033,0.2278,232,-0.1625,-0.0775,75.0,0.2295,0.0,48,-0.3143,-0.5385,4,,-0.8182,0.0096,0.0096,-0.035,24.0,-0.5714,-0.5714,0.064,-0.0535,-0.0624,106.0,-0.1347,0.0653,150.0,-0.0148,0.0834,1918.0,0.0345,0.0766,361930.0,0.0154,0.1529,339,-0.1557,-0.0231,0.4569,0.0147,0.0613,0.0
201911,53035,"kitsap, wa",464900.0,-0.0263,0.1342,538,-0.0619,-0.0827,48.0,0.0106,-0.1441,260,-0.2353,-0.3868,12,-0.6842,-0.8182,0.0093,-0.0169,-0.0369,140.0,-0.1463,-0.3913,0.1057,-0.0076,-0.0652,437.0,-0.1481,0.1653,227.0,0.0008,0.1316,2110.0,-0.0163,-0.0066,634269.0,-0.0291,0.1751,985,-0.0934,0.0129,0.8123,-0.0822,0.1729,0.0
201911,53027,"grays harbor, wa",247500.0,0.028,0.0732,356,-0.0941,0.0,78.0,0.1863,0.1025,92,-0.2698,-0.439,4,-0.5,-0.7778,0.007,-0.0048,-0.0209,56.0,-0.4615,-0.3171,0.0945,-0.0548,-0.0276,132.0,-0.1484,0.1478,163.0,0.0033,0.0766,1490.0,-0.0119,-0.0098,277023.0,-0.0076,0.0492,489,-0.1093,0.0382,0.3708,-0.0236,0.0478,0.0
201911,53031,"jefferson, wa",485000.0,0.0266,0.063,137,-0.1621,-0.0743,72.0,0.3883,-0.0305,32,-0.4667,-0.4074,0,,-1.0,0.0,0.0,-0.0173,24.0,-0.5385,-0.3684,0.1086,-0.0816,-0.0356,49.0,0.0316,0.1667,252.0,0.0034,0.0525,1932.0,-0.0022,-0.008,573433.0,0.0051,0.0255,185,-0.1232,-0.0263,0.3577,0.0671,0.0739,0.0
201911,53075,"whitman, wa",269000.0,0.0099,0.0457,99,-0.1161,-0.1121,86.0,0.2836,0.2113,32,0.0667,-0.0588,0,,,0.0,0.0,0.0,20.0,-0.2857,0.25,0.113,-0.0422,0.0089,27.0,-0.1692,3.1538,130.0,-0.0132,0.0415,2112.0,-0.0366,0.0732,291183.0,0.0033,0.0751,125,-0.1349,0.0638,0.2727,-0.0175,0.2144,0.0
201911,53013,"columbia, wa",224900.0,-0.0761,0.1609,24,-0.1864,-0.2381,103.0,0.0674,0.622,0,-1.0,-1.0,0,,,0.0,0.0,0.0,4.0,-0.6667,1.0,0.1,-0.0984,0.0535,13.0,-0.1034,,121.0,-0.0682,0.052,2054.0,0.0872,0.1749,269261.0,-0.0133,0.1281,37,-0.1591,0.1746,0.5417,0.0501,,1.0
201911,53045,"mason, wa",314975.0,-0.0308,0.0534,217,-0.1372,-0.0844,59.0,0.0833,-0.1397,76,-0.2692,-0.3559,4,,-0.6,0.0099,0.0099,-0.0115,52.0,-0.037,-0.0714,0.1195,0.012,-0.0037,115.0,-0.1606,0.1275,183.0,-0.0391,0.0958,1686.0,-0.0254,-0.0472,382159.0,-0.064,0.0465,343,-0.116,-0.0072,0.53,-0.0148,0.0996,0.0
201911,53061,"snohomish, wa",529995.0,-0.0016,0.0606,1417,-0.2044,-0.1523,45.0,0.1688,0.0227,776,-0.213,-0.3071,44,-0.3529,-0.7179,0.0132,-0.0035,-0.036,440.0,-0.2857,-0.5056,0.1322,-0.026,-0.1132,1111.0,-0.0451,0.3615,264.0,-0.0036,0.034,2108.0,0.0114,0.0543,621580.0,0.0091,0.0568,2588,-0.1221,0.0344,0.7841,0.1308,0.2959,0.0
201911,53065,"stevens, wa",295000.0,-0.0002,0.0727,192,-0.1371,-0.139,92.0,0.1358,-0.0213,32,-0.2381,0.0667,0,-1.0,-1.0,0.0,-0.0053,-0.0065,20.0,-0.5833,-0.6296,0.0781,-0.0603,-0.0819,56.0,-0.4286,-0.2483,148.0,-0.0295,0.0565,2016.0,-0.0042,-0.0452,378382.0,0.032,-0.0434,244,-0.2327,-0.1757,0.2917,-0.1488,-0.0424,0.0
201911,53007,"chelan, wa",469900.0,0.0217,0.0941,356,-0.1296,-0.0326,82.0,0.1714,0.025,68,-0.5802,-0.3704,0,-1.0,-1.0,0.0,-0.0801,-0.0125,48.0,-0.3333,-0.3333,0.1219,0.0044,-0.0141,56.0,-0.1515,0.4933,241.0,0.0005,0.0163,1878.0,-0.0058,-0.0483,588806.0,0.0209,0.0202,412,-0.1326,0.0135,0.1573,-0.0041,0.0554,0.0
201911,53037,"kittitas, wa",404475.0,0.0131,0.0195,145,-0.2141,-0.2308,84.0,0.1789,0.0804,32,-0.5676,-0.3333,0,,-1.0,0.0,0.0,-0.0117,28.0,-0.3,-0.5333,0.1057,-0.0062,-0.0875,76.0,-0.1163,0.2562,238.0,0.0091,0.1457,1913.0,0.0525,-0.0629,804590.0,0.0853,0.195,222,-0.1778,-0.1084,0.5241,0.058,0.2032,0.0
201911,53043,"lincoln, wa",270000.0,-0.0686,-0.0386,44,-0.033,0.1,93.0,0.3577,0.1239,8,-0.4286,-0.2,0,,-1.0,0.0,0.0,-0.0563,4.0,-0.5,-0.6667,0.0635,-0.0478,-0.1032,10.0,-0.2308,-0.4595,147.0,0.0002,0.2757,1893.0,-0.1229,-0.1346,346293.0,-0.0256,0.1629,55,-0.0517,-0.0517,0.2273,-0.0584,-0.2352,0.0
201911,53019,"ferry, wa",289950.0,-0.1212,0.2208,38,-0.1163,-0.2083,122.0,-0.2149,0.197,4,1.0,-0.6,0,,,0.0,0.0,0.0,0.0,-1.0,-1.0,0.0,-0.0755,-0.0541,2.0,-0.7333,-0.8,147.0,0.026,0.1244,1798.0,-0.1216,0.1099,389267.0,-0.0324,0.1373,40,-0.2079,-0.3103,0.0526,-0.1218,-0.1557,0.0
201911,53049,"pacific, wa",262450.0,-0.0138,0.0182,150,-0.0881,-0.2386,98.0,0.1737,-0.1009,40,0.1765,0.3333,4,,,0.0178,0.0178,0.0178,16.0,-0.5,0.3333,0.0533,-0.0883,0.0028,42.0,0.8261,2.0,173.0,-0.0072,0.0348,1597.0,-0.0028,0.0307,333914.0,-0.0186,-0.0316,190,0.0243,-0.0995,0.28,0.1402,0.2089,0.0
201910,53009,"clallam, wa",419125.0,-0.0168,0.0936,306,0.0,-0.027,74.0,0.097,0.1575,106,-0.1311,0.0816,0,,-1.0,0.0,0.0,-0.0101,72.0,-0.027,-0.234,0.1327,0.0051,-0.0424,144.0,-0.0801,-0.1223,206.0,-0.0097,0.0216,2010.0,0.0077,0.0371,484221.0,-0.0031,0.0965,442,-0.036,-0.0792,0.469,-0.0408,-0.0509,0.0
201910,53061,"snohomish, wa",530840.0,-0.0096,0.0617,1781,0.016,-0.036,39.0,0.0405,0.0548,986,-0.1587,-0.2036,68,0.0968,-0.6136,0.0167,0.0018,-0.0276,616.0,-0.0314,-0.4976,0.1582,0.0048,-0.1446,1164.0,-0.0494,0.3909,265.0,0.0002,0.0215,2084.0,0.0001,0.0374,615981.0,-0.0047,0.0461,2948,-0.0087,0.0986,0.6533,-0.0449,0.2005,0.0
201910,53017,"douglas, wa",388575.0,-0.0249,0.0721,111,-0.0433,-0.2079,46.0,0.0222,-0.2868,62,-0.0882,0.4762,4,0.0,-0.3333,0.0177,0.0008,-0.0099,28.0,-0.125,-0.4615,0.1231,-0.0122,-0.1296,55.0,0.028,0.5278,197.0,0.0036,0.0471,2068.0,-0.05,0.0389,520164.0,-0.0158,0.1375,165,-0.0237,-0.06,0.4977,0.0345,0.2397,0.0
201910,53055,"san juan, wa",782136.0,-0.001,-0.0017,236,-0.0042,0.0977,136.0,0.1603,0.2369,16,-0.2727,-0.6522,0,,,0.0,0.0,0.0,30.0,-0.25,-0.3182,0.1086,-0.0306,-0.048,28.0,-0.0517,0.1,408.0,0.0055,0.018,2049.0,0.0289,0.0104,1275525.0,0.0129,-0.01,264,-0.0056,0.0932,0.1165,-0.0058,0.0002,0.0
201910,53015,"cowlitz, wa",309225.0,-0.0206,0.0147,308,0.0065,-0.1189,46.0,0.046,-0.1165,150,-0.2188,-0.2105,12,0.5,-0.625,0.0219,0.008,-0.0302,78.0,-0.0488,-0.4091,0.147,0.0051,-0.0621,78.0,-0.0491,0.069,172.0,0.0001,0.0814,1801.0,-0.0248,0.0042,394759.0,-0.0157,0.0401,385,-0.0026,-0.0745,0.252,-0.0147,0.0443,0.0
201910,53073,"whatcom, wa",448909.0,0.0012,0.0448,871,0.0369,0.329,57.0,0.0762,0.066,372,-0.1622,-0.1185,8,1.0,-0.8261,0.0051,0.0025,-0.0331,214.0,-0.0696,-0.2357,0.1399,-0.0072,-0.0745,277.0,-0.0143,0.3688,241.0,0.0013,0.0169,1893.0,-0.002,-0.0279,558481.0,-0.0007,-0.0057,1148,0.0259,0.3364,0.3176,-0.0165,0.0092,0.0
201910,53037,"kittitas, wa",399238.0,-0.0159,0.0105,185,-0.0212,-0.1419,71.0,0.0962,0.14,74,-0.2128,0.0882,0,,-1.0,0.0,0.0,-0.0245,40.0,-0.0909,-0.3939,0.1119,-0.0048,-0.0735,86.0,-0.0947,0.3984,236.0,0.0021,0.1031,1818.0,-0.0209,-0.1098,741337.0,-0.0082,0.1048,270,-0.0459,-0.0235,0.4661,-0.0379,0.1801,0.0
201910,53027,"grays harbor, wa",240750.0,-0.0129,0.0302,393,-0.0013,0.0369,66.0,0.1336,-0.0038,126,-0.25,-0.2222,8,1.0,-0.4286,0.0119,0.0063,-0.0085,104.0,0.0,-0.1475,0.1493,0.0041,-0.0397,155.0,0.0,0.1355,162.0,-0.014,0.0724,1508.0,-0.007,-0.0246,279150.0,-0.0201,0.0318,549,0.0018,0.0796,0.3944,0.0005,0.0342,0.0
201910,53049,"pacific, wa",266117.0,-0.0008,0.0359,165,-0.0324,-0.1936,84.0,0.0915,-0.1952,34,-0.2609,-0.15,0,,-1.0,0.0,0.0,-0.0152,32.0,0.0,0.7778,0.1416,0.0096,0.0684,23.0,-0.1636,0.7037,174.0,-0.0116,0.0123,1602.0,0.0203,0.0359,340249.0,-0.0064,-0.0203,186,-0.056,-0.1471,0.1398,-0.0219,0.0736,0.0
201910,53039,"klickitat, wa",479500.0,0.0043,0.0657,94,-0.0158,0.0219,72.0,0.0593,-0.1006,22,-0.2667,-0.0833,0,,,0.0,0.0,0.0,16.0,-0.2,-0.1111,0.1345,-0.0182,-0.0273,2.0,-0.25,-0.25,222.0,0.0002,0.1128,2227.0,0.0399,-0.0069,616978.0,0.0263,0.1602,96,-0.0155,0.0214,0.016,-0.005,-0.0058,0.0
201910,53063,"spokane, wa",349950.0,0.0044,0.111,1216,-0.0106,-0.0485,37.0,0.0139,-0.0875,728,-0.1475,-0.0714,74,-0.2449,-0.7239,0.0231,-0.0054,-0.0581,508.0,-0.0078,-0.319,0.1572,0.0081,-0.0691,1302.0,-0.0391,0.0321,146.0,0.0118,0.1017,2400.0,-0.0055,0.0181,427427.0,0.0109,0.0738,2517,-0.0252,-0.0045,1.0703,-0.0318,0.0836,0.0
201910,53053,"pierce, wa",424975.0,-0.0038,0.0759,1779,0.0091,-0.191,43.0,0.0617,-0.0115,996,-0.2511,-0.4086,72,0.2857,-0.8043,0.0179,0.0055,-0.0541,596.0,-0.0658,-0.5247,0.1417,0.0004,-0.1082,1379.0,-0.0316,0.1117,209.0,0.0011,0.068,2114.0,-0.0151,-0.0116,512420.0,-0.0077,0.0618,3161,-0.0077,-0.0813,0.7751,-0.0326,0.2111,0.0
201910,53065,"stevens, wa",295068.0,0.005,0.0571,223,-0.0326,-0.1459,81.0,0.08,-0.122,42,-0.16,-0.25,2,,-0.8,0.0053,0.0053,-0.0199,48.0,-0.3333,-0.1429,0.1384,-0.0521,-0.0005,98.0,-0.0297,0.1073,152.0,0.0077,0.0821,2024.0,-0.0122,-0.0373,366663.0,0.0005,-0.0375,318,-0.0305,-0.0849,0.4404,0.0013,0.1007,0.0
201910,53021,"franklin, wa",323793.0,0.0116,0.1166,142,0.0519,-0.476,51.0,0.1477,0.0359,84,0.0,-0.0667,0,,-1.0,0.0,0.0,-0.0408,42.0,-0.0455,-0.087,0.1616,0.013,0.034,69.0,-0.1039,68.0,167.0,0.0076,0.0901,2030.0,-0.0041,0.0123,352849.0,-0.0125,0.071,213,0.0047,-0.2169,0.4859,-0.0845,0.4822,0.0
201910,53069,"wahkiakum, wa",316634.0,-0.0003,-0.0317,29,-0.0952,-0.0172,96.0,0.0787,0.1361,4,0.0,-0.5,0,,,0.0,0.0,0.0,6.0,-0.25,-0.25,0.1451,-0.0524,-0.0532,8.0,0.1538,0.5,181.0,-0.0015,0.1083,1842.0,0.017,-0.1181,364354.0,-0.0212,-0.1036,35,-0.0411,0.0294,0.2632,0.0568,0.0907,0.0
201910,53033,"king, wa",699306.0,0.0,0.036,4760,-0.0075,-0.1059,44.0,0.0353,0.2055,2338,-0.1966,-0.2625,34,-0.2609,-0.9124,0.0035,-0.001,-0.0319,1758.0,-0.0319,-0.4544,0.1819,0.0053,-0.1272,2529.0,-0.0258,0.1676,382.0,-0.001,0.0608,1991.0,-0.0054,-0.0047,1030145.0,-0.0034,0.0524,7271,-0.0145,-0.0303,0.5314,-0.01,0.1244,0.0
201910,53029,"island, wa",487250.0,0.0047,0.1332,364,-0.0082,-0.0149,58.0,0.0841,0.0498,126,-0.3505,-0.3824,2,,-0.9286,0.0033,0.0033,-0.0369,106.0,-0.0536,-0.3537,0.1661,0.0077,-0.0831,129.0,-0.1195,0.3797,247.0,0.006,0.0762,1956.0,-0.0026,0.0068,635978.0,-0.0072,0.0358,493,-0.0399,0.0717,0.3544,-0.0448,0.1014,0.0
201910,53067,"thurston, wa",399000.0,-0.0007,0.0502,602,0.0256,-0.1245,45.0,0.0723,0.0409,312,-0.2277,-0.3659,10,0.25,-0.8958,0.007,0.0017,-0.0532,170.0,-0.0659,-0.491,0.1255,0.0013,-0.0925,440.0,-0.0785,0.0745,199.0,0.0017,0.1097,2059.0,-0.013,-0.0513,491741.0,-0.0056,0.0989,1043,-0.0179,-0.0501,0.7315,-0.0826,0.1354,0.0
201910,53057,"skagit, wa",422500.0,-0.0059,-0.0682,413,-0.0143,-0.0484,59.0,0.0536,0.0261,182,-0.2661,-0.1875,12,0.5,-0.4545,0.0156,0.0061,-0.0126,96.0,-0.1579,-0.4353,0.1209,-0.014,-0.087,176.0,-0.0168,0.223,225.0,-0.0076,-0.0158,1884.0,-0.0019,-0.0697,596106.0,-0.0131,-0.0256,589,-0.0142,0.0226,0.4255,-0.0011,0.0944,0.0
201910,53019,"ferry, wa",329950.0,-0.009,0.2739,43,-0.0947,-0.2252,155.0,0.1723,0.5436,2,-0.5,-0.75,0,,,0.0,0.0,0.0,4.0,0.0,-0.6,0.0755,0.0065,-0.0594,8.0,0.1538,-0.3478,144.0,-0.0275,0.1656,2047.0,0.0287,0.2534,402304.0,0.0112,0.1636,51,-0.0648,-0.2463,0.1744,0.0376,-0.0328,1.0
201910,53035,"kitsap, wa",477475.0,-0.0117,0.1521,574,-0.0043,-0.135,47.0,0.0108,-0.0053,340,-0.2056,-0.2735,38,-0.0952,-0.5682,0.0263,-0.0012,-0.0278,164.0,-0.1087,-0.4969,0.1133,-0.0069,-0.1126,513.0,-0.0247,0.2391,227.0,0.0107,0.1356,2145.0,-0.0141,0.0118,653297.0,-0.0284,0.1973,1087,-0.0141,0.0084,0.8945,-0.0187,0.2701,0.0
201910,53001,"adams, wa",169250.0,-0.03,-0.1127,47,0.022,0.2568,98.0,0.1017,0.3732,6,-0.5,-0.6667,0,,-1.0,0.0,0.0,-0.0473,8.0,0.0,0.3333,0.1013,0.0,0.0154,19.0,-0.1163,0.0,110.0,0.0094,0.0463,1757.0,-0.0082,-0.0669,211426.0,-0.0181,-0.0781,67,-0.0075,0.1875,0.4086,-0.0639,-0.1049,1.0
201910,53077,"yakima, wa",317723.0,0.0037,0.118,350,0.0043,-0.0981,48.0,0.0,0.0052,184,-0.0515,0.0,2,-0.5,-0.5,0.0028,-0.0024,-0.0023,116.0,-0.0492,0.0357,0.1538,-0.0032,0.0115,231.0,-0.0356,0.036,158.0,0.0048,0.05,1920.0,-0.0096,0.0019,360869.0,-0.0087,0.0004,577,-0.0111,-0.0518,0.6595,-0.0273,0.0853,0.0
201910,53023,"garfield, wa",128675.0,-0.0822,-0.2015,10,-0.05,-0.1739,104.0,0.2652,-0.0166,0,-1.0,-1.0,0,,,0.0,0.0,0.0,0.0,,-1.0,0.0,0.0,-0.125,3.0,0.5,,66.0,-0.0634,-0.1599,1863.0,-0.0224,-0.1208,154989.0,-0.0578,-0.1779,13,-0.0385,0.087,0.3158,0.1158,,1.0
201910,53031,"jefferson, wa",472450.0,-0.0249,0.0117,164,0.0381,-0.0439,52.0,-0.0374,-0.2016,60,-0.2308,-0.2308,0,,-1.0,0.0,0.0,-0.0396,52.0,0.0,0.0833,0.1902,0.0065,0.0218,48.0,-0.0206,0.1047,251.0,-0.0236,0.0556,1936.0,-0.0088,-0.0321,570540.0,-0.0247,-0.0044,211,0.0293,-0.014,0.2905,-0.0174,0.0391,0.0
201910,53051,"pend oreille, wa",367450.0,0.0228,0.2051,100,-0.0783,-0.1111,74.0,0.0688,-0.284,22,-0.2143,0.1,0,,-1.0,0.0,0.0,-0.0128,8.0,-0.4286,-0.75,0.0513,-0.0295,-0.1454,40.0,0.0128,0.4906,194.0,0.047,0.1403,2120.0,0.0376,0.0352,466390.0,0.059,0.1124,137,-0.0619,0.0,0.395,0.0356,0.1594,0.0
201910,53025,"grant, wa",292479.0,0.0005,0.1895,277,0.0355,-0.0264,61.0,-0.024,-0.0963,70,-0.2391,-0.386,0,-1.0,-1.0,0.0,-0.0079,-0.0265,56.0,-0.0968,-0.3636,0.1175,-0.0072,-0.0589,123.0,-0.1058,0.1343,152.0,-0.0058,0.0974,1854.0,0.0,0.0287,356434.0,-0.0095,0.1031,402,-0.0074,0.0388,0.4422,-0.0699,0.0626,0.0
201910,53075,"whitman, wa",266364.0,-0.0298,0.0459,112,-0.0628,-0.0588,67.0,0.0806,-0.1976,30,-0.4,0.1538,0,,-1.0,0.0,0.0,-0.051,28.0,-0.2222,0.1667,0.1552,-0.0175,-0.0008,33.0,-0.1772,4.4167,131.0,-0.0176,0.0228,2192.0,0.0078,0.1465,290232.0,-0.0199,0.0628,145,-0.0883,0.1653,0.2902,-0.0404,0.2398,0.0
201910,53013,"columbia, wa",243425.0,0.0661,0.1368,30,-0.0635,0.1569,97.0,0.1697,0.8647,14,0.1667,0.4,0,,,0.0,0.0,0.0,12.0,0.0,5.0,0.1984,-0.0085,0.1507,15.0,0.0357,,130.0,0.0019,0.0249,1889.0,0.0386,0.0924,272885.0,0.0368,0.0857,44,-0.0435,0.7255,0.4915,0.0471,,0.0
201910,53047,"okanogan, wa",334200.0,-0.0168,0.1546,236,0.0194,-0.0541,107.0,0.1211,-0.0184,54,0.9286,0.1739,0,,,0.0,0.0,0.0,28.0,0.0,-0.4615,0.0822,-0.0121,-0.0765,39.0,0.04,0.4182,195.0,-0.0121,0.1126,1750.0,-0.0076,0.0619,443598.0,-0.0112,0.0985,275,0.0204,-0.009,0.1653,0.0033,0.055,0.0
201910,53011,"clark, wa",456750.0,0.007,0.0423,1720,-0.0434,-0.0728,57.0,0.0762,0.1078,758,-0.1386,-0.0156,78,-0.1522,0.0,0.0301,-0.0031,0.0014,682.0,-0.0734,-0.1097,0.2653,-0.0005,-0.0173,88.0,-0.033,0.0115,207.0,0.0037,0.048,2260.0,0.0004,0.0152,541374.0,0.0043,0.0283,1808,-0.0429,-0.0654,0.0512,0.0006,0.0043,0.0
201910,53045,"mason, wa",325000.0,-0.0097,0.1113,252,-0.0233,-0.1518,54.0,0.0588,-0.1394,104,-0.2464,-0.1475,0,,-1.0,0.0,0.0,-0.0354,54.0,-0.25,-0.4906,0.1075,-0.026,-0.0906,137.0,-0.042,0.1513,191.0,-0.0069,0.1355,1730.0,-0.0111,-0.0187,408273.0,-0.0025,0.105,388,-0.0324,-0.074,0.5447,-0.0106,0.1434,0.0
201910,53007,"chelan, wa",459900.0,0.0076,0.0147,409,-0.0121,-0.0024,70.0,0.1111,-0.0789,162,-0.2703,0.4464,52,-0.0714,7.6667,0.0801,0.0005,0.0699,72.0,-0.122,-0.2653,0.1176,0.0009,-0.052,66.0,-0.0149,0.4194,241.0,0.0031,-0.005,1889.0,-0.0247,-0.0496,576741.0,-0.0011,-0.0292,475,-0.0125,0.0451,0.1614,-0.0005,0.048,0.0
201910,53005,"benton, wa",351268.0,-0.0228,0.0804,566,0.0162,-0.3522,45.0,0.1558,-0.022,308,-0.1765,0.1756,20,0.25,0.4286,0.016,0.0031,0.0039,214.0,-0.0531,0.0288,0.1851,0.0029,0.0016,295.0,-0.0468,44.3846,170.0,-0.002,0.0774,2209.0,-0.0076,0.0231,388059.0,-0.0226,0.0654,862,-0.0046,-0.0188,0.5217,-0.0345,0.5142,0.0
201910,53003,"asotin, wa",255355.0,-0.1136,0.037,48,0.044,-0.5226,39.0,-0.0494,-0.4653,28,0.1667,-0.0667,0,,,0.0,0.0,0.0,6.0,-0.25,-0.7,0.0593,-0.0503,-0.1008,2.0,-0.625,,113.0,-0.0123,-0.0671,2458.0,0.0144,0.094,320233.0,-0.0691,-0.0142,50,0.0204,-0.4975,0.0316,-0.0563,,0.0
201910,53041,"lewis, wa",309455.0,-0.0087,0.0341,279,0.0372,-0.0575,52.0,0.0833,-0.1261,106,-0.2206,-0.197,2,,-0.9,0.004,0.004,-0.0341,86.0,-0.1224,-0.3175,0.1779,-0.0109,-0.0527,112.0,-0.0262,0.1095,175.0,0.0034,0.0901,1765.0,-0.0028,-0.0422,361279.0,-0.0064,0.0509,391,0.0196,-0.0188,0.4004,-0.0261,0.0603,0.0
201910,53043,"lincoln, wa",289900.0,0.0172,0.0456,46,0.0964,0.0111,69.0,-0.0214,-0.2956,14,0.1667,0.75,0,,-1.0,0.0,0.0,-0.0253,8.0,0.0,0.0,0.1113,-0.0014,0.0031,13.0,-0.2973,-0.381,147.0,-0.0094,0.1554,2158.0,0.0128,0.0482,355407.0,0.021,0.1802,58,-0.0169,-0.1212,0.2857,-0.1601,-0.181,1.0
201910,53071,"walla walla, wa",373763.0,0.0019,0.1157,178,0.0056,-0.0247,50.0,0.0638,-0.1935,68,-0.1053,-0.0556,0,,-1.0,0.0,0.0,-0.008,68.0,-0.1053,0.3077,0.1782,-0.0184,-0.0259,136.0,0.0112,134.5,162.0,-0.0071,0.0204,2263.0,-0.0272,0.0607,413716.0,-0.0192,0.0605,312,0.0032,0.7068,0.7612,0.0042,0.7558,0.0
201910,53059,"skamania, wa",470859.0,-0.0231,-0.0675,50,0.1124,0.1,65.0,0.1316,-0.1569,8,-0.3333,0.3333,0,,,0.0,0.0,0.0,12.0,0.5,0.5,0.1758,0.0316,0.0202,1.0,,,208.0,-0.0071,0.0523,2310.0,-0.0708,-0.0658,541428.0,-0.0685,-0.1394,50,0.1236,0.1111,0.0202,,0.0202,0.0
201909,53057,"skagit, wa",425000.0,0.0,-0.0938,419,-0.0153,-0.0617,56.0,0.1429,0.12,248,-0.225,-0.0313,8,1.0,-0.8,0.0095,0.0052,-0.0387,114.0,-0.1857,-0.3372,0.1349,-0.016,-0.0723,179.0,-0.0246,0.2396,227.0,-0.0027,-0.0131,1888.0,-0.0071,-0.1147,604001.0,-0.0189,-0.0382,597,-0.0181,0.0051,0.4265,-0.0041,0.1037,0.0
201909,53003,"asotin, wa",288082.0,-0.1456,0.0851,46,0.0581,-0.5495,41.0,-0.0795,-0.391,24,0.5,0.2,0,,,0.0,0.0,0.0,8.0,-0.3333,-0.6,0.1096,-0.075,-0.0571,4.0,-0.3333,,114.0,-0.038,-0.0856,2423.0,0.0221,0.0876,344022.0,-0.094,0.0104,49,0.0,-0.5149,0.0879,-0.0516,,0.0
201909,53001,"adams, wa",174484.0,-0.025,-0.0491,46,0.0833,0.1375,89.0,0.0793,0.1063,12,0.5,0.0,0,,-1.0,0.0,0.0,-0.0526,8.0,1.0,0.0,0.1013,0.0479,-0.0181,22.0,-0.2037,0.0238,109.0,0.0226,0.0132,1772.0,-0.0122,-0.0973,215316.0,-0.0231,-0.0813,67,0.0,0.1167,0.4725,-0.1703,-0.0525,0.0
201909,53039,"klickitat, wa",477432.0,0.0056,0.0053,95,0.0106,0.092,68.0,0.0547,-0.1718,30,-0.375,0.5,0,,,0.0,0.0,0.0,20.0,0.0,0.0,0.1527,0.0067,-0.0291,2.0,-0.3333,-0.3333,222.0,0.0065,0.1132,2141.0,0.0085,-0.0543,601140.0,0.0237,0.1023,97,0.0,0.0778,0.0211,-0.0109,-0.0134,0.0
201909,53077,"yakima, wa",316559.0,-0.0063,0.0731,348,0.0514,-0.0745,48.0,-0.04,0.0435,194,0.1023,0.0319,4,0.0,,0.0051,-0.0002,0.0051,122.0,0.1296,0.1731,0.157,0.013,0.0254,239.0,-0.0285,0.0622,157.0,0.0062,0.057,1938.0,-0.0235,-0.0243,364032.0,-0.0231,-0.0165,583,0.0157,-0.0251,0.6868,-0.0564,0.0884,0.0
201909,53029,"island, wa",484968.0,0.0001,0.106,367,0.0027,0.0194,54.0,0.0918,0.07,194,-0.3071,-0.2177,0,-1.0,-1.0,0.0,-0.0049,-0.0372,112.0,-0.0667,-0.4167,0.1584,0.0105,-0.1015,147.0,-0.128,0.0772,246.0,-0.0048,0.0667,1961.0,-0.0039,-0.002,640585.0,-0.0171,0.0349,514,-0.0384,0.0437,0.3992,-0.0598,0.0214,0.0
201909,53051,"pend oreille, wa",359257.0,0.021,0.1143,109,-0.0482,-0.1179,69.0,0.0299,-0.1481,28,0.0,0.4,0,,-1.0,0.0,0.0,-0.0233,14.0,-0.4167,-0.6111,0.0808,-0.0525,-0.1067,39.0,0.0263,0.1471,186.0,0.0377,0.0953,2043.0,0.0238,-0.0024,440402.0,0.0688,0.0448,146,-0.03,-0.0673,0.3594,0.0261,0.083,0.0
201909,53063,"spokane, wa",348409.0,0.0059,0.1423,1229,-0.0065,-0.0766,36.0,0.0,-0.1,854,-0.1286,0.0023,98,-0.2097,-0.7448,0.0285,-0.0056,-0.0801,512.0,-0.0078,-0.4019,0.149,0.0071,-0.092,1355.0,-0.0468,0.0004,145.0,0.0156,0.1023,2413.0,-0.0071,0.0166,422829.0,0.0178,0.0866,2582,-0.028,-0.0368,1.1021,-0.0466,0.0848,0.0
201909,53009,"clallam, wa",426273.0,-0.0038,0.1247,306,-0.0033,-0.0438,67.0,0.1167,0.2407,122,-0.0758,-0.2561,0,,-1.0,0.0,0.0,-0.006,74.0,-0.119,-0.3621,0.1276,-0.0095,-0.0534,156.0,-0.0983,-0.0429,208.0,-0.0143,0.0479,1995.0,-0.0043,0.0177,485717.0,-0.0049,0.0733,458,-0.0398,-0.0438,0.5098,-0.0537,0.0004,0.0
201909,53035,"kitsap, wa",483124.0,-0.0084,0.1784,576,0.0035,-0.1517,47.0,0.0814,0.2237,428,-0.2015,-0.2517,42,0.5,-0.5435,0.0275,0.0105,-0.0295,184.0,-0.1321,-0.5208,0.1202,-0.0078,-0.1055,526.0,-0.0349,0.2464,224.0,0.0035,0.115,2176.0,-0.0091,0.0143,672399.0,-0.0165,0.246,1102,-0.0152,-0.0027,0.9132,-0.0363,0.2917,0.0
201909,53067,"thurston, wa",399286.0,-0.0009,0.0648,587,0.0417,-0.1797,42.0,0.0921,0.0641,404,-0.2628,-0.2837,8,0.0,-0.931,0.0053,0.0002,-0.0575,182.0,-0.0714,-0.526,0.1242,0.0045,-0.0836,478.0,-0.0939,-0.0155,199.0,-0.0036,0.1096,2086.0,-0.0059,-0.0318,494496.0,-0.0044,0.11,1062,-0.0257,-0.1106,0.8142,-0.1219,0.1358,0.0
201909,53045,"mason, wa",328182.0,-0.0123,0.0943,258,0.0138,-0.1667,51.0,0.02,0.02,138,-0.25,-0.0676,0,-1.0,-1.0,0.0,-0.0068,-0.048,72.0,-0.28,-0.4706,0.1335,-0.0354,-0.0839,143.0,-0.0714,0.1085,192.0,-0.007,0.0851,1749.0,-0.0097,-0.0172,409310.0,0.0008,0.0692,401,-0.0172,-0.076,0.5553,-0.051,0.1379,0.0
201909,53019,"ferry, wa",332943.0,-0.0019,0.2564,48,-0.0865,-0.291,132.0,0.2692,0.6296,4,0.0,0.0,0,,,0.0,0.0,0.0,4.0,-0.5,-0.6667,0.069,-0.0644,-0.0722,7.0,0.625,-0.35,148.0,-0.0397,0.155,1990.0,0.0696,0.2185,397850.0,0.0171,0.2245,54,-0.0357,-0.2987,0.1368,0.0599,-0.0124,0.0
201909,53027,"grays harbor, wa",243886.0,-0.0124,0.0608,394,0.0168,-0.0088,58.0,0.1837,-0.1077,168,-0.1765,-0.1064,4,0.0,-0.75,0.0056,0.0002,-0.0162,104.0,0.04,-0.2778,0.1453,0.011,-0.0394,155.0,0.0065,-0.019,164.0,-0.0218,0.0938,1519.0,0.0124,-0.0241,284888.0,-0.0199,0.0403,548,0.0129,-0.0126,0.3939,-0.004,-0.0041,0.0
201909,53017,"douglas, wa",398481.0,-0.0007,0.0686,116,-0.0375,-0.1979,45.0,0.0,-0.0625,68,0.0625,0.0,4,,0.0,0.0169,0.0169,-0.0013,32.0,0.0,-0.2727,0.1353,-0.0009,-0.0352,54.0,0.049,0.1889,196.0,-0.0009,0.0202,2176.0,-0.0154,0.0959,528507.0,-0.013,0.1021,169,-0.0146,-0.1132,0.4632,0.0382,0.1507,0.0
201909,53013,"columbia, wa",228341.0,0.0089,0.0194,32,-0.1,0.3125,83.0,0.2132,-0.0294,12,0.5,0.5,0,,,0.0,0.0,0.0,12.0,0.0,2.0,0.2069,-0.0074,0.0926,14.0,0.0,,130.0,0.0028,0.0366,1819.0,-0.0133,-0.0008,263190.0,0.0097,0.0059,46,-0.0417,0.9167,0.4444,0.0444,,0.0
201909,53055,"san juan, wa",782955.0,-0.0016,0.0652,237,-0.0042,0.0395,117.0,0.2188,0.3,22,-0.3125,-0.5417,0,,,0.0,0.0,0.0,40.0,-0.0909,-0.0909,0.1391,-0.01,0.005,29.0,0.0,-0.0938,405.0,-0.0027,0.0465,1992.0,0.0453,0.0142,1259277.0,0.0197,-0.038,266,-0.0093,0.0212,0.1224,0.0005,-0.018,0.0
201909,53073,"whatcom, wa",448364.0,0.0018,0.0451,840,0.0749,0.2662,53.0,0.0938,0.0714,444,-0.075,0.11,4,0.0,-0.9333,0.0026,0.0,-0.0443,230.0,0.1058,-0.1154,0.1472,0.0134,-0.0429,281.0,-0.0459,0.2412,240.0,-0.0028,0.0096,1897.0,-0.0031,0.0167,558859.0,0.0003,0.0519,1119,0.0409,0.2673,0.3341,-0.0423,-0.0067,0.0
201909,53075,"whitman, wa",274545.0,-0.0428,0.0895,120,-0.0205,-0.1403,62.0,0.1273,-0.0606,50,-0.2647,1.0833,0,,-1.0,0.0,0.0,-0.0227,36.0,0.0,0.5,0.1727,0.0182,0.0363,40.0,-0.1023,3.9375,134.0,-0.0258,0.0785,2175.0,0.0118,0.162,296139.0,-0.0291,0.1183,159,-0.0394,0.0931,0.3305,-0.0301,0.273,1.0
201909,53069,"wahkiakum, wa",316739.0,-0.0191,0.0055,32,-0.125,0.0161,89.0,0.141,0.0471,4,-0.5,-0.6667,0,,,0.0,0.0,0.0,8.0,1.0,-0.3333,0.1976,0.1125,-0.0093,7.0,1.1667,-0.0714,181.0,0.0,0.0925,1811.0,-0.0076,-0.1175,372232.0,-0.0319,-0.0902,37,-0.0641,-0.0395,0.2063,0.123,-0.0195,0.0
201909,53037,"kittitas, wa",405688.0,-0.0193,0.0168,189,-0.0233,-0.1732,65.0,0.1207,0.215,94,-0.1296,-0.0962,0,,-1.0,0.0,0.0,-0.0111,44.0,-0.0833,-0.45,0.1167,-0.0045,-0.1093,95.0,-0.0686,0.3194,235.0,0.0134,0.0784,1856.0,-0.0146,-0.0912,747483.0,0.0037,0.125,283,-0.0374,-0.0567,0.504,-0.0245,0.1882,0.0
201909,53011,"clark, wa",453568.0,0.0041,0.0453,1798,-0.0305,-0.0643,53.0,0.117,0.117,880,-0.1057,-0.0393,92,0.5333,0.7692,0.0332,0.0128,0.0138,736.0,-0.0366,-0.1712,0.2659,0.0051,-0.0429,91.0,-0.0215,0.0706,206.0,0.0041,0.0443,2259.0,0.0005,0.0215,539083.0,0.0064,0.0214,1889,-0.0295,-0.0595,0.0506,0.0005,0.0064,0.0
201909,53031,"jefferson, wa",484511.0,-0.0247,0.0556,158,0.1092,-0.1102,54.0,-0.0776,-0.0855,78,-0.22,-0.1136,0,,-1.0,0.0,0.0,-0.0372,52.0,0.1818,-0.1875,0.1837,0.0351,-0.0144,49.0,-0.0849,-0.2422,257.0,-0.0343,0.0949,1953.0,-0.0097,0.0129,584966.0,-0.0333,0.0289,205,0.0459,-0.1494,0.3079,-0.0653,-0.0536,0.0
201909,53065,"stevens, wa",293602.0,-0.0179,0.0676,230,-0.0336,-0.1986,75.0,0.1194,-0.0132,50,-0.1667,-0.1667,0,,-1.0,0.0,0.0,-0.0092,72.0,-0.1,-0.1,0.1905,-0.0141,0.0066,101.0,0.01,0.2169,151.0,0.0085,0.1144,2049.0,-0.0167,-0.0335,366489.0,-0.0159,-0.0257,328,-0.0267,-0.1111,0.4391,0.019,0.1499,0.0
201909,53023,"garfield, wa",140193.0,-0.1046,-0.1238,10,-0.0909,-0.2308,82.0,0.3443,-0.2613,4,0.0,0.0,0,,,0.0,0.0,0.0,0.0,-1.0,-1.0,0.0,-0.25,-0.2353,2.0,0.0,,70.0,-0.0507,-0.1168,1905.0,-0.0325,-0.0858,164497.0,-0.0755,-0.1302,13,0.0833,0.0,0.2,0.0182,,1.0
201909,53049,"pacific, wa",266332.0,-0.0069,0.0332,170,0.0059,-0.2202,77.0,0.0625,-0.1207,46,-0.2333,0.0455,0,,,0.0,0.0,0.0,32.0,0.1429,-0.2,0.132,0.0255,0.0025,28.0,-0.1912,0.25,176.0,-0.0152,0.0191,1570.0,0.0111,0.0166,342450.0,-0.0095,-0.0034,197,-0.032,-0.1709,0.1618,-0.0394,0.0608,0.0
201909,53047,"okanogan, wa",339900.0,0.0,0.1786,232,-0.0107,-0.1198,95.0,0.2338,0.0215,28,-0.2222,-0.5,0,-1.0,-1.0,0.0,-0.0131,-0.011,28.0,-0.125,-0.4167,0.0943,-0.0106,-0.0547,38.0,0.0714,0.2931,198.0,0.0051,0.0957,1763.0,-0.0096,0.0769,448633.0,0.0089,0.1115,269,0.0,-0.0819,0.162,0.0124,0.0517,0.0
201909,53005,"benton, wa",359477.0,-0.0331,0.1061,557,0.0976,-0.369,39.0,0.1667,-0.0833,374,-0.0459,0.1131,16,0.3333,-0.2,0.0129,0.0031,-0.0044,226.0,-0.0583,0.0463,0.1823,-0.0143,0.0124,310.0,-0.0418,308.5,170.0,-0.003,0.0801,2226.0,-0.0113,0.021,397023.0,-0.0328,0.1004,866,0.0446,-0.0193,0.5562,-0.0809,0.555,0.0
201909,53071,"walla walla, wa",373063.0,-0.0256,0.1137,177,0.0114,0.0,47.0,0.0,-0.1897,76,0.0556,-0.1364,0,,,0.0,0.0,0.0,76.0,0.0556,0.3571,0.1966,0.0067,-0.0248,134.0,0.0152,133.0,163.0,-0.0275,0.0175,2327.0,-0.0432,0.0649,421801.0,-0.0471,0.0371,311,0.0147,0.7444,0.7571,0.0028,0.7514,0.0
201909,53025,"grant, wa",292330.0,-0.0125,0.1932,268,0.0874,-0.087,63.0,-0.0672,0.0965,92,-0.2813,-0.2333,4,0.0,-0.75,0.0079,0.0002,-0.0224,62.0,-0.1389,-0.2955,0.1247,-0.0101,-0.0177,137.0,-0.1104,0.161,153.0,-0.0088,0.0872,1854.0,0.0,0.03,359835.0,-0.0301,0.0897,405,0.0113,-0.0182,0.5121,-0.1139,0.1094,0.0
201909,53041,"lewis, wa",312182.0,-0.0129,0.0441,269,0.0529,-0.1109,48.0,0.0435,-0.0204,136,-0.2444,-0.2609,0,-1.0,-1.0,0.0,-0.0073,-0.021,98.0,0.1667,-0.2344,0.1888,0.0347,-0.007,115.0,0.0315,-0.0458,174.0,0.008,0.0988,1770.0,-0.0041,-0.0506,363601.0,-0.0095,0.0655,383,0.0493,-0.1072,0.4264,-0.0089,0.0291,0.0
201909,53059,"skamania, wa",482014.0,-0.0507,-0.0359,45,0.0854,-0.0729,57.0,0.1875,-0.1364,12,-0.25,0.5,0,,,0.0,0.0,0.0,8.0,0.0,-0.6667,0.1442,0.0086,-0.2738,,,,209.0,-0.0238,0.1754,2486.0,-0.0567,-0.0371,581267.0,-0.0863,-0.0547,45,0.0854,-0.11,,,,0.0
201909,53053,"pierce, wa",426591.0,-0.0048,0.08,1763,0.0289,-0.2153,41.0,0.0658,0.0658,1330,-0.2528,-0.291,56,0.0769,-0.86,0.0124,0.002,-0.0622,638.0,-0.0886,-0.539,0.1413,0.0005,-0.0976,1424.0,-0.0453,0.0263,209.0,0.0029,0.0604,2147.0,-0.0114,0.0069,516379.0,-0.0105,0.0683,3185,-0.0056,-0.1319,0.8077,-0.0627,0.1901,0.0
201909,53061,"snohomish, wa",536011.0,-0.0143,0.0511,1753,0.0428,-0.0152,37.0,0.0,0.0571,1172,-0.0872,-0.1995,62,0.1923,-0.7817,0.015,0.0028,-0.0564,636.0,-0.1017,-0.3614,0.1534,-0.0125,-0.0891,1224.0,-0.0621,0.2376,265.0,0.0047,0.0219,2084.0,-0.0116,0.0274,618909.0,-0.0109,0.0393,2974,-0.003,0.1027,0.6982,-0.0781,0.1426,0.0
201909,53015,"cowlitz, wa",315718.0,-0.0249,0.0527,306,0.015,-0.1196,44.0,0.061,-0.0938,192,-0.1579,-0.0943,8,0.0,-0.8,0.0138,0.0009,-0.0474,82.0,-0.2115,-0.4143,0.1419,-0.027,-0.0854,82.0,-0.0523,-0.0739,172.0,-0.0097,0.0808,1846.0,-0.0253,-0.0106,401064.0,-0.023,0.0739,386,-0.0052,-0.1044,0.2668,-0.0189,0.0132,0.0
201909,53043,"lincoln, wa",285000.0,0.0226,0.1877,42,0.1216,-0.17,70.0,-0.0909,-0.3204,12,0.5,0.0,0,,,0.0,0.0,0.0,8.0,1.0,-0.5,0.1127,0.053,-0.0756,19.0,-0.1957,-0.0263,149.0,-0.0136,0.1853,2131.0,0.0383,0.1537,348100.0,0.0344,0.2863,59,0.0,-0.1449,0.4458,-0.1758,0.0658,0.0
201909,53033,"king, wa",699302.0,-0.0006,0.0299,4796,0.0026,-0.0668,43.0,0.0625,0.1806,2910,-0.178,-0.2696,46,-0.2813,-0.9017,0.0045,-0.0013,-0.0366,1816.0,-0.0194,-0.389,0.1765,0.0083,-0.0778,2596.0,-0.0399,0.1477,383.0,-0.0031,0.0567,2001.0,-0.0091,-0.0043,1033692.0,-0.0051,0.0438,7378,-0.0125,-0.0025,0.5413,-0.024,0.1012,0.0
201909,53021,"franklin, wa",320095.0,0.0176,0.1345,135,0.0887,-0.5037,44.0,0.1892,-0.0222,84,-0.0455,-0.125,0,-1.0,-1.0,0.0,-0.0134,-0.0219,44.0,0.2222,-0.2143,0.1486,0.0278,-0.0035,77.0,-0.1047,76.0,166.0,0.0116,0.0762,2038.0,0.012,0.0655,357310.0,-0.0184,0.1083,212,0.0095,-0.2206,0.5704,-0.1232,0.5667,0.0
201909,53007,"chelan, wa",456432.0,0.0099,-0.0268,414,-0.0024,-0.0461,63.0,0.125,-0.131,222,0.1327,0.6818,56,1.3333,,0.0796,0.0442,0.0796,82.0,-0.1458,-0.3594,0.1167,-0.0252,-0.077,67.0,0.0152,0.3958,241.0,0.0046,-0.0028,1937.0,-0.0239,-0.0034,577353.0,-0.0079,0.0035,481,0.0,-0.0021,0.1618,0.0028,0.0512,0.0
201908,53043,"lincoln, wa",278700.0,0.0429,0.1495,37,-0.0263,-0.3675,77.0,0.0,-0.0968,8,-0.3333,1.0,0,-1.0,-1.0,0.0,-0.026,-0.0813,4.0,-0.3333,-0.7778,0.0597,-0.0247,-0.13,23.0,0.0,-0.08,151.0,0.1094,0.1914,2052.0,0.0324,0.0813,336520.0,0.0392,0.2098,59,-0.0084,-0.2892,0.6216,0.0164,0.1943,1.0
201908,53035,"kitsap, wa",487205.0,-0.003,0.141,574,0.0232,-0.0787,43.0,0.0617,0.3231,536,-0.1976,-0.1976,28,0.4,-0.8182,0.0169,0.0059,-0.0714,212.0,-0.0364,-0.3375,0.1281,0.0098,-0.0581,545.0,-0.0215,0.1462,224.0,0.007,0.0995,2196.0,-0.0234,0.0158,683654.0,-0.0119,0.2014,1119,0.0058,0.0191,0.9495,-0.0434,0.1862,0.0
201908,53077,"yakima, wa",318564.0,-0.0232,0.0947,331,-0.025,-0.065,50.0,0.1299,-0.0338,176,-0.1456,0.0,4,1.0,0.0,0.0053,0.0029,0.0003,108.0,0.125,0.2,0.144,0.0195,0.0312,246.0,0.0144,-0.0787,156.0,-0.0035,0.0812,1985.0,-0.0157,0.0053,372652.0,-0.0148,-0.0203,574,-0.0043,-0.0757,0.7432,0.0289,-0.011,0.0
201908,53065,"stevens, wa",298941.0,-0.0239,0.0822,238,-0.0266,-0.204,67.0,0.1602,0.072,60,-0.1667,-0.25,0,,-1.0,0.0,0.0,-0.0128,80.0,0.3333,-0.2727,0.2046,0.0661,-0.0195,100.0,-0.0868,0.087,150.0,-0.0043,0.1201,2084.0,-0.0138,-0.0317,372403.0,-0.0237,0.0128,337,-0.0507,-0.1348,0.4202,-0.0277,0.1125,0.0
201908,53015,"cowlitz, wa",323777.0,-0.0169,0.0816,301,0.0636,-0.1301,41.0,0.0649,0.0649,228,-0.0256,-0.088,8,1.0,-0.7333,0.013,0.0064,-0.0313,104.0,-0.0714,-0.35,0.1688,-0.0072,-0.0673,86.0,0.0552,-0.0802,173.0,0.0065,0.0892,1894.0,-0.0201,0.0272,410521.0,-0.0245,0.1153,388,0.0645,-0.1152,0.2857,-0.0023,0.0155,0.0
201908,53007,"chelan, wa",451973.0,0.0045,-0.0559,415,0.0323,-0.0178,56.0,0.098,-0.0744,196,-0.0392,0.0889,24,11.0,0.7143,0.0355,0.0324,0.0142,96.0,-0.1111,-0.1429,0.1418,-0.0079,-0.0393,66.0,0.1786,0.4505,239.0,-0.0046,-0.0037,1984.0,-0.0269,0.0008,581976.0,-0.0109,0.0147,481,0.0537,0.0344,0.159,0.0197,0.0513,0.0
201908,53057,"skagit, wa",425000.0,0.0059,-0.1144,425,0.0155,-0.0093,49.0,0.1264,0.0769,320,-0.1534,0.0256,4,1.0,-0.875,0.0043,0.0024,-0.0297,140.0,-0.0909,-0.1139,0.1509,-0.0042,-0.0172,183.0,0.0223,0.1227,228.0,-0.0018,-0.0144,1901.0,-0.0047,-0.1075,615668.0,-0.0088,-0.0358,608,0.0176,0.021,0.4306,0.0029,0.0506,1.0
201908,53013,"columbia, wa",226336.0,0.0412,0.4612,35,-0.0141,0.1667,68.0,0.3878,-0.0145,8,-0.5,0.0,0,,,0.0,0.0,0.0,12.0,0.5,2.0,0.2143,0.0714,0.131,14.0,0.0769,,129.0,0.0091,0.1385,1844.0,0.0044,0.0932,260673.0,0.0363,0.1584,48,-0.0103,0.6,0.4,0.0338,,0.0
201908,53051,"pend oreille, wa",351873.0,0.0247,0.1538,114,-0.038,-0.0952,67.0,0.1602,-0.0394,28,0.0,-0.1765,0,,-1.0,0.0,0.0,-0.0204,24.0,-0.3684,-0.4286,0.1333,-0.0686,-0.0887,38.0,-0.0256,0.0411,179.0,0.0249,0.0505,1996.0,-0.0145,-0.0017,412043.0,0.0093,0.0007,150,-0.0476,-0.0683,0.3333,0.0042,0.0437,0.0
201908,53001,"adams, wa",178964.0,0.0168,-0.0467,42,0.1053,0.0769,82.0,0.2285,0.1927,8,-0.3333,-0.5556,0,,-1.0,0.0,0.0,-0.052,4.0,-0.3333,1.0,0.0533,-0.0313,0.028,27.0,-0.0357,0.2273,106.0,-0.006,-0.0275,1794.0,0.0112,-0.081,220397.0,0.0051,-0.0629,67,0.0388,0.1356,0.6429,-0.094,0.0788,0.0
201908,53021,"franklin, wa",314548.0,0.0119,0.1067,124,0.0,-0.5258,37.0,0.1385,0.0137,88,-0.0435,-0.1373,4,0.0,-0.6,0.0134,0.0003,-0.0134,36.0,-0.1,-0.3333,0.1208,-0.006,-0.0211,86.0,-0.0549,42.0,164.0,0.0207,0.0591,2014.0,0.019,0.0133,364001.0,0.0184,0.1141,210,-0.0255,-0.203,0.6935,-0.0403,0.6859,0.0
201908,53063,"spokane, wa",346364.0,-0.0101,0.0996,1237,0.0295,-0.0351,36.0,0.0435,-0.04,980,-0.0943,0.0166,124,1.5833,-0.69,0.0341,0.0203,-0.0716,516.0,-0.0549,-0.3281,0.1419,0.0004,-0.0628,1421.0,-0.0508,-0.0645,142.0,0.0061,0.0748,2431.0,-0.0039,0.0247,415428.0,0.0088,0.0494,2656,-0.0141,-0.0492,1.1487,-0.0972,-0.0361,0.0
201908,53069,"wahkiakum, wa",322895.0,-0.011,-0.0132,36,-0.04,0.1613,78.0,0.2188,0.1729,8,-0.2,-0.2,0,,,0.0,0.0,0.0,4.0,-0.6667,-0.6667,0.0851,-0.1525,-0.1965,3.0,0.2,-0.6,181.0,0.0046,0.0692,1825.0,0.0228,-0.1158,384498.0,-0.011,-0.0656,39,-0.0127,0.0541,0.0833,0.0167,-0.1586,0.0
201908,53071,"walla walla, wa",382850.0,-0.0244,0.143,175,0.0116,0.0574,47.0,-0.0208,-0.1532,72,-0.1628,-0.3333,0,,,0.0,0.0,0.0,72.0,0.125,0.3846,0.19,0.0279,-0.0011,132.0,0.0,131.0,168.0,-0.0197,0.0569,2432.0,-0.0292,0.1065,442645.0,-0.0329,0.0596,306,0.0049,0.8378,0.7543,-0.0087,0.7482,0.0
201908,53053,"pierce, wa",428636.0,-0.0257,0.073,1713,0.0483,-0.1862,38.0,0.1014,0.1429,1780,-0.1674,-0.2308,52,-0.0714,-0.896,0.0104,0.0003,-0.0732,700.0,-0.0933,-0.4607,0.1407,0.0004,-0.0822,1491.0,-0.0197,-0.0239,208.0,0.007,0.0578,2172.0,-0.0326,-0.0007,521840.0,-0.0218,0.0614,3203,0.0133,-0.1184,0.8704,-0.0604,0.1447,0.0
201908,53041,"lewis, wa",316273.0,-0.0085,0.0642,255,0.0897,-0.0957,46.0,0.172,0.0055,180,-0.0217,-0.0722,4,1.0,-0.8182,0.0073,0.0038,-0.0307,84.0,0.0769,-0.2881,0.1541,0.003,-0.0444,111.0,-0.0045,0.0777,173.0,-0.0063,0.1008,1777.0,-0.0028,-0.0469,367084.0,0.0064,0.0633,365,0.0519,-0.0532,0.4353,-0.0412,0.07,0.0
201908,53073,"whatcom, wa",447545.0,-0.0021,0.0631,781,0.081,0.1736,48.0,0.0909,0.2,480,-0.1336,-0.0123,4,1.0,-0.9355,0.0026,0.0013,-0.0419,208.0,0.1429,-0.2676,0.1338,0.0205,-0.0685,294.0,-0.0408,0.1976,241.0,-0.0038,0.0228,1903.0,-0.0071,0.0364,558671.0,-0.0127,0.0692,1075,0.0452,0.1964,0.3764,-0.0478,0.0075,0.0
201908,53047,"okanogan, wa",339900.0,0.0163,0.1798,234,-0.0127,-0.122,77.0,0.2996,-0.0405,36,-0.5,-0.3571,4,1.0,1.0,0.0131,0.0077,0.0075,32.0,-0.1111,-0.5294,0.1049,-0.0018,-0.086,35.0,0.0448,0.0448,197.0,0.0108,0.129,1781.0,0.0488,0.0947,444689.0,0.0113,0.0945,269,-0.011,-0.1033,0.1496,0.0082,0.0239,0.0
201908,53037,"kittitas, wa",413675.0,-0.0019,0.0152,193,-0.0153,0.0266,58.0,0.1262,0.0357,108,-0.1148,-0.2174,0,,-1.0,0.0,0.0,-0.0243,48.0,-0.1429,-0.4783,0.1212,-0.008,-0.1049,102.0,-0.0332,0.1657,232.0,0.0045,0.0428,1884.0,0.0057,-0.033,744713.0,-0.0059,0.0651,294,-0.0184,0.0691,0.5285,-0.0098,0.0631,0.0
201908,53039,"klickitat, wa",474773.0,-0.0088,0.0741,94,0.033,0.1059,64.0,0.0407,-0.1795,48,0.2,0.7143,0,,,0.0,0.0,0.0,20.0,-0.2308,0.25,0.146,-0.0608,0.0119,3.0,0.2,-0.25,221.0,0.001,0.1314,2123.0,-0.0627,-0.0774,587233.0,0.0127,0.0584,97,0.0486,0.096,0.0319,0.0044,-0.0151,1.0
201908,53025,"grant, wa",296032.0,-0.0114,0.1455,246,0.0626,-0.1055,67.0,-0.0596,0.2407,128,-0.1795,-0.1351,4,0.0,-0.8667,0.0078,0.0005,-0.0474,72.0,0.44,-0.3077,0.1348,0.0422,-0.0554,154.0,-0.0806,0.252,155.0,-0.0117,0.0923,1854.0,0.0049,0.0205,371014.0,-0.0162,0.1075,400,0.0025,0.0038,0.626,-0.0975,0.1787,0.0
201908,53003,"asotin, wa",337173.0,0.062,0.2581,43,-0.0652,-0.5943,44.0,-0.1156,-0.0276,16,-0.4667,-0.4667,0,,,0.0,0.0,0.0,12.0,2.0,-0.4545,0.1846,0.1352,0.0123,6.0,-0.2,,119.0,-0.0209,-0.0283,2371.0,0.0587,0.0505,379705.0,-0.0125,0.1465,49,-0.0667,-0.5377,0.1395,-0.0235,,0.0
201908,53005,"benton, wa",371791.0,-0.0143,0.1203,507,0.1058,-0.4186,33.0,0.1,-0.1538,392,0.0051,0.1951,12,0.5,-0.5385,0.0098,0.0033,-0.0116,240.0,0.1881,0.3483,0.1966,0.028,0.0502,323.0,-0.0077,79.75,171.0,0.0079,0.0892,2251.0,-0.0072,0.0278,410471.0,-0.0124,0.1363,829,0.0587,-0.0504,0.6371,-0.0728,0.6325,0.0
201908,53017,"douglas, wa",398777.0,-0.0483,0.0802,120,0.0573,-0.0769,45.0,-0.0625,0.0,64,-0.0857,-0.1351,0,,-1.0,0.0,0.0,-0.0227,32.0,-0.2381,-0.3043,0.1362,-0.0409,-0.0467,51.0,-0.0727,0.0303,196.0,-0.0057,0.0323,2210.0,-0.0079,0.1124,535491.0,-0.0146,0.1748,171,-0.0029,-0.0526,0.425,-0.0596,0.0442,0.0
201908,53011,"clark, wa",451727.0,-0.0049,0.0061,1854,-0.0219,0.0016,47.0,0.0805,0.1899,984,-0.0872,-0.0101,60,-0.2683,-0.3617,0.0205,-0.0073,-0.0119,764.0,-0.0751,-0.1941,0.2608,-0.0009,-0.0658,93.0,-0.0606,0.1553,206.0,0.0086,0.0504,2258.0,-0.0055,-0.0208,535645.0,0.0049,-0.0132,1946,-0.0224,0.0093,0.0502,-0.0021,0.0067,0.0
201908,53009,"clallam, wa",427909.0,-0.0025,0.0944,307,0.0115,0.0182,60.0,0.0526,0.3953,132,-0.0704,0.0313,0,,-1.0,0.0,0.0,-0.0068,84.0,0.05,-0.1064,0.137,0.0098,-0.0217,173.0,-0.0362,0.1161,211.0,0.0012,0.0588,2003.0,-0.0038,0.0102,488130.0,-0.0027,0.0522,477,-0.0083,0.0449,0.5635,-0.0279,0.0494,0.0
201908,53029,"island, wa",484927.0,-0.0051,0.0911,366,0.0609,0.0671,49.0,0.0652,0.1462,280,-0.186,0.0072,4,1.0,-0.875,0.0049,0.0026,-0.0372,120.0,-0.0625,-0.3617,0.148,0.0058,-0.1028,168.0,-0.0261,0.2174,247.0,-0.0075,0.0723,1969.0,-0.0095,-0.0234,651750.0,-0.0091,0.0405,534,0.0299,0.1033,0.459,-0.041,0.0567,0.0
201908,53019,"ferry, wa",333577.0,0.0055,0.3081,52,0.0097,-0.2624,104.0,0.3376,0.6378,4,-0.3333,-0.75,0,,-1.0,0.0,0.0,-0.0183,8.0,0.3333,-0.2,0.1333,0.0385,0.0343,4.0,-0.3846,-0.75,154.0,-0.0259,0.2272,1860.0,0.0578,0.1193,391169.0,0.0141,0.261,56,-0.0261,-0.3412,0.0769,-0.0493,-0.15,1.0
201908,53027,"grays harbor, wa",246955.0,-0.0002,0.0981,387,0.0389,-0.0584,49.0,0.1136,-0.1441,204,-0.1969,-0.0097,4,-0.3333,-0.8182,0.0054,-0.002,-0.0236,100.0,0.0417,-0.375,0.1342,0.012,-0.0775,154.0,0.0476,-0.016,168.0,-0.0142,0.1213,1500.0,0.0082,-0.0233,290665.0,-0.0073,0.0804,541,0.0444,-0.0492,0.3979,0.0033,0.0172,0.0
201908,53055,"san juan, wa",784182.0,0.0054,0.0937,238,0.0063,0.0193,96.0,0.2673,0.1636,32,-0.5897,-0.4074,0,,-1.0,0.0,0.0,-0.0061,44.0,0.0,-0.0435,0.1492,0.0091,0.0052,29.0,-0.0794,-0.0938,406.0,0.0088,0.0343,1906.0,-0.0042,-0.0119,1234904.0,0.0295,0.0188,268,-0.0037,0.0113,0.1218,-0.0113,-0.0152,0.0
201908,53033,"king, wa",699691.0,-0.0233,0.0102,4783,0.0434,0.0811,40.0,0.0526,0.3559,3540,-0.1851,-0.0407,64,0.1429,-0.908,0.0058,0.0013,-0.0594,1852.0,0.0718,-0.2496,0.1682,0.0327,-0.0631,2704.0,-0.0394,0.0515,384.0,-0.0083,0.0812,2020.0,-0.0167,-0.0405,1039011.0,-0.0091,0.0184,7471,0.009,0.0684,0.5653,-0.0488,-0.0159,0.0
201908,53075,"whitman, wa",286818.0,-0.0619,0.1477,122,0.0472,-0.2026,55.0,0.1458,-0.0435,68,0.1333,0.4167,0,,,0.0,0.0,0.0,36.0,-0.0526,-0.1429,0.1545,-0.0015,-0.0403,44.0,0.0353,3.8889,137.0,-0.0417,0.1007,2150.0,-0.0134,0.1448,304999.0,-0.0515,0.1588,165,0.041,0.0248,0.3607,-0.0042,0.3018,0.0
201908,53059,"skamania, wa",507745.0,-0.0826,-0.0329,41,0.0649,-0.2336,48.0,-0.0542,-0.2809,16,0.1429,-0.1111,0,,,0.0,0.0,0.0,8.0,0.3333,-0.7143,0.1356,0.0147,-0.251,,,,214.0,0.0016,-0.0343,2635.0,-0.0364,0.111,636188.0,-0.0602,0.0301,41,0.0649,-0.2545,,,,0.0
201908,53045,"mason, wa",332273.0,-0.014,0.1107,254,0.0453,-0.1686,50.0,0.0526,0.1364,184,-0.1402,-0.0515,4,1.0,-0.8667,0.0068,0.0036,-0.0405,100.0,0.1364,-0.2424,0.1689,0.0265,-0.0389,154.0,-0.0667,0.1119,193.0,0.0123,0.0739,1767.0,-0.0106,0.0095,408988.0,-0.0026,0.0697,408,-0.0097,-0.08,0.6063,-0.0727,0.1529,0.0
201908,53061,"snohomish, wa",543805.0,-0.0058,0.057,1681,0.0793,0.0338,37.0,0.0068,0.3455,1284,-0.2152,-0.2161,52,0.0833,-0.8452,0.0122,0.0014,-0.0659,708.0,0.0028,-0.3113,0.1659,0.0244,-0.0708,1305.0,-0.0276,0.1826,264.0,0.0033,0.0203,2109.0,0.0039,0.0357,625747.0,-0.0065,0.0447,2983,0.0297,0.0955,0.7763,-0.0853,0.0977,0.0
201908,53067,"thurston, wa",399655.0,-0.0056,0.0658,563,0.0209,-0.1888,38.0,0.1343,0.1259,548,-0.2126,-0.1464,8,0.0,-0.9365,0.0051,0.0006,-0.0624,196.0,-0.0392,-0.4842,0.1197,0.0065,-0.086,527.0,-0.0648,0.0174,199.0,0.0193,0.1228,2098.0,-0.0269,-0.0494,496704.0,-0.005,0.1277,1090,-0.0171,-0.0992,0.9361,-0.0857,0.1897,0.0
201908,53031,"jefferson, wa",496805.0,-0.0103,0.0685,142,0.084,-0.2198,58.0,0.0545,0.0545,100,-0.0566,-0.2424,0,,-1.0,0.0,0.0,-0.0288,44.0,0.2222,-0.3714,0.1486,0.0187,-0.0315,53.0,-0.045,-0.209,266.0,-0.0261,0.1254,1972.0,0.0118,-0.0109,605129.0,-0.0252,-0.005,196,0.0509,-0.2113,0.3732,-0.0504,0.0051,0.0
201908,53049,"pacific, wa",268173.0,0.0301,0.0525,169,0.0,-0.2028,72.0,0.0588,0.0213,60,-0.1429,0.1538,0,,-1.0,0.0,0.0,-0.0068,28.0,-0.125,-0.5172,0.1065,-0.0122,-0.094,34.0,-0.0933,0.4783,179.0,0.0063,0.0277,1552.0,0.0042,0.0107,345750.0,0.0171,0.0305,203,-0.0146,-0.1343,0.2012,-0.0207,0.0927,0.0
201908,53023,"garfield, wa",156577.0,-0.0652,0.0235,11,0.2222,-0.1852,61.0,0.3333,-0.1867,4,0.0,1.0,0,,,0.0,0.0,0.0,4.0,1.0,-0.3333,0.25,0.15,-0.1144,2.0,0.0,,74.0,-0.0504,-0.0717,1969.0,-0.0212,-0.009,177922.0,-0.0504,-0.0083,12,0.0909,-0.1111,0.1818,-0.0404,,1.0
201907,53057,"skagit, wa",422500.0,-0.0376,-0.1533,419,0.0542,0.1311,44.0,0.0357,-0.1168,378,0.0385,0.1386,2,,-0.9375,0.002,0.002,-0.0354,154.0,0.3276,0.1846,0.1551,0.0384,0.0057,179.0,-0.0821,0.1854,228.0,-0.0277,-0.0136,1910.0,-0.0068,-0.1272,621134.0,-0.027,-0.0612,598,0.0196,0.1446,0.4277,-0.0635,0.0196,1.0
201907,53025,"grant, wa",299450.0,0.0511,0.1769,232,-0.085,-0.113,71.0,0.3194,0.3902,156,0.1143,-0.0127,4,0.0,-0.6667,0.0073,0.0001,-0.014,50.0,-0.2188,-0.1935,0.0926,-0.0116,-0.0215,168.0,0.0213,0.2738,156.0,0.0168,0.0862,1845.0,0.0354,0.0393,377131.0,0.0561,0.2285,399,-0.05,0.031,0.7235,0.0753,0.2197,0.0
201907,53067,"thurston, wa",401925.0,0.0051,0.079,552,0.0367,-0.1155,34.0,0.0806,0.072,696,0.0,-0.0114,8,-0.3333,-0.9512,0.0045,-0.0024,-0.0795,204.0,0.1087,-0.2817,0.1132,0.0157,-0.0358,564.0,-0.064,0.0153,195.0,0.0232,0.1101,2156.0,-0.002,-0.0197,499197.0,0.0012,0.1698,1109,-0.0054,-0.0673,1.0218,-0.1098,0.1316,0.0
201907,53027,"grays harbor, wa",247000.0,0.0123,0.1104,373,0.1153,-0.0948,44.0,-0.1373,-0.1415,254,0.041,0.2212,6,,-0.7,0.0074,0.0074,-0.0173,96.0,0.2632,-0.36,0.1222,0.0188,-0.0674,147.0,0.0809,-0.0547,171.0,-0.006,0.1282,1488.0,0.0141,-0.0008,292809.0,0.0163,0.1124,518,0.1021,-0.0856,0.3946,-0.0126,0.0167,0.0
201907,53019,"ferry, wa",331750.0,0.0736,0.7942,52,-0.0463,-0.1488,78.0,0.5245,0.1147,6,-0.25,-0.625,0,,,0.0,0.0,0.0,6.0,0.5,0.0,0.0949,0.0401,0.0337,7.0,-0.35,-0.675,158.0,0.088,0.2928,1759.0,-0.0763,0.0893,385715.0,0.0512,0.296,58,-0.1016,-0.2767,0.1262,-0.059,-0.2044,1.0
201907,53059,"skamania, wa",553450.0,0.1071,0.0542,39,0.1324,-0.1979,51.0,0.0464,-0.0602,14,0.1667,-0.3636,0,,,0.0,0.0,0.0,6.0,-0.5,-0.5714,0.1209,-0.1345,-0.0501,1.0,-0.5,-0.5,214.0,0.0319,-0.0473,2735.0,0.0083,0.183,676963.0,-0.0126,0.0556,39,0.1,-0.2143,0.013,-0.0164,-0.0078,0.0
201907,53023,"garfield, wa",167500.0,-0.0794,0.0392,9,0.125,-0.4,46.0,0.0893,-0.1117,4,-0.5,0.0,0,,,0.0,0.0,0.0,2.0,,-0.5,0.1,0.1,-0.1481,2.0,0.0,,78.0,-0.0828,-0.0077,2012.0,0.0,0.001,187359.0,-0.0777,0.0137,11,0.1,-0.2667,0.2222,-0.0278,,0.0
201907,53009,"clallam, wa",429000.0,0.0,0.0806,304,0.0612,0.1474,57.0,0.0755,0.2391,142,-0.0658,-0.1446,0,,-1.0,0.0,0.0,-0.0034,80.0,0.0,0.1429,0.1272,-0.0041,0.0093,180.0,0.0376,0.0621,211.0,0.0195,0.0528,2011.0,0.0116,-0.0032,489427.0,0.0087,0.035,481,0.0525,0.1121,0.5914,-0.0135,-0.0475,0.0
201907,53003,"asotin, wa",317498.0,0.0875,0.1803,46,-0.08,-0.5556,50.0,0.4632,0.118,30,-0.1667,-0.1667,0,,,0.0,0.0,0.0,4.0,-0.5,-0.8667,0.0495,-0.0313,-0.1663,8.0,-0.375,2.75,121.0,-0.0731,-0.0162,2240.0,0.0649,-0.0586,384530.0,0.06,0.141,53,-0.1102,-0.4928,0.163,-0.077,0.1437,0.0
201907,53077,"yakima, wa",326125.0,-0.0265,0.132,340,-0.0188,-0.0396,44.0,0.1063,-0.0684,206,-0.1417,-0.176,2,-0.75,-0.75,0.0024,-0.0071,-0.0066,96.0,-0.1111,0.1163,0.1245,-0.0152,0.0228,243.0,-0.0142,-0.0637,157.0,-0.0023,0.0714,2017.0,-0.0173,0.0334,378251.0,0.0019,0.0278,577,-0.0212,-0.0649,0.7143,0.0033,-0.0184,0.0
201907,53073,"whatcom, wa",448487.0,-0.0034,0.0181,723,0.0641,0.1477,44.0,0.1,0.0476,554,-0.1178,0.0109,2,-0.5,-0.9677,0.0013,-0.0012,-0.0417,182.0,0.1667,-0.2891,0.1133,0.0154,-0.0598,307.0,0.032,0.2187,242.0,-0.0061,0.0189,1917.0,-0.0017,-0.0117,565867.0,-0.0117,0.0603,1029,0.0581,0.1648,0.4242,-0.0132,0.0247,0.0
201907,53033,"king, wa",716385.0,-0.0119,0.0198,4584,-0.0245,0.1721,38.0,0.1875,0.3818,4344,-0.0355,0.0904,56,-0.2632,-0.9365,0.0046,-0.0016,-0.0808,1728.0,-0.0886,-0.1111,0.1355,-0.0184,-0.0367,2815.0,-0.0972,-0.0419,387.0,-0.0098,0.0624,2054.0,0.001,-0.0357,1048546.0,-0.0003,-0.0165,7404,-0.0429,0.0851,0.6141,-0.0495,-0.1371,0.0
201907,53001,"adams, wa",176000.0,0.0086,0.0507,38,0.027,-0.038,67.0,0.192,0.3622,12,-0.25,-0.4,0,,,0.0,0.0,0.0,6.0,0.5,-0.25,0.0846,0.0407,-0.0341,28.0,0.12,0.4737,107.0,0.0474,0.0488,1774.0,-0.0166,-0.0413,219270.0,0.0263,0.0445,65,0.0574,0.084,0.7368,0.0612,0.2558,0.0
201907,53063,"spokane, wa",349888.0,-0.0044,0.0851,1202,0.1476,-0.0263,35.0,0.0781,-0.0548,1082,-0.0542,0.0424,48,-0.25,-0.8974,0.0138,-0.0029,-0.1124,546.0,0.208,-0.2438,0.1415,0.0224,-0.0433,1497.0,-0.0428,-0.0561,141.0,-0.0167,0.0542,2440.0,-0.0177,0.0101,411809.0,-0.0183,0.0128,2694,0.0208,-0.0368,1.2459,-0.2478,-0.0393,0.0
201907,53043,"lincoln, wa",267225.0,-0.0094,0.0086,38,-0.1163,-0.392,77.0,0.0476,0.3509,12,0.0,-0.4,2,,0.0,0.026,0.026,0.0071,6.0,-0.25,-0.7857,0.0844,-0.035,-0.1625,23.0,0.3529,-0.2581,136.0,-0.0104,-0.0131,1988.0,0.0061,0.0763,323834.0,-0.0075,0.125,60,0.0085,-0.367,0.6053,0.2099,0.1093,0.0
201907,53071,"walla walla, wa",392425.0,0.0193,0.1716,173,0.0745,0.1849,48.0,0.0549,-0.0303,86,0.0238,0.0238,0,,,0.0,0.0,0.0,64.0,0.0,0.5238,0.1621,-0.0005,-0.0205,132.0,0.1478,131.0,171.0,-0.0059,0.084,2505.0,0.042,0.1363,457689.0,0.0551,0.0733,305,0.1113,1.0714,0.763,0.0487,0.7562,0.0
201907,53045,"mason, wa",337000.0,0.0243,0.133,243,0.0083,-0.1383,48.0,0.338,0.2838,214,0.0918,-0.0446,2,,-0.9412,0.0032,0.0032,-0.0497,88.0,0.1,-0.1852,0.1424,0.0057,-0.0206,165.0,-0.0678,0.0784,191.0,0.0227,0.082,1786.0,0.0156,0.0333,410046.0,0.0327,0.0908,412,-0.0237,-0.0689,0.679,-0.0554,0.1365,0.0
201907,53005,"benton, wa",377175.0,0.0195,0.1146,459,0.0865,-0.4453,30.0,-0.1176,-0.1781,390,0.0955,0.0,8,-0.3333,-0.4286,0.0065,-0.0041,-0.0056,202.0,0.0745,0.0521,0.1685,-0.0049,-0.0055,326.0,-0.0831,129.2,169.0,-0.0025,0.0821,2268.0,0.0212,0.0328,415611.0,0.0165,0.1536,783,0.0276,-0.0543,0.7099,-0.1313,0.7069,0.0
201907,53051,"pend oreille, wa",343375.0,-0.0186,0.0485,119,-0.0287,-0.0482,58.0,0.2554,-0.0571,28,-0.3,-0.2222,0,,-1.0,0.0,0.0,-0.0208,38.0,0.3571,0.0,0.202,0.0699,0.0047,39.0,0.0263,0.1642,174.0,-0.0179,0.0138,2025.0,0.0227,0.0158,408263.0,-0.0031,-0.0109,158,-0.0032,-0.0032,0.3291,0.0176,0.06,0.0
201907,53061,"snohomish, wa",546998.0,-0.0055,0.0425,1558,-0.0016,0.1344,37.0,0.1136,0.3125,1636,-0.1204,-0.0499,48,0.2,-0.8605,0.0108,0.0025,-0.0779,706.0,0.0028,0.0,0.1415,-0.0054,-0.0165,1342.0,-0.003,0.1128,263.0,-0.0109,0.0145,2101.0,-0.0002,0.022,629869.0,-0.0112,0.0302,2897,-0.0024,0.1261,0.8616,-0.0012,-0.0167,0.0
201907,53053,"pierce, wa",439925.0,-0.0207,0.0732,1634,0.0617,-0.1545,35.0,0.15,0.15,2138,-0.0455,-0.0557,56,0.0,-0.8902,0.0101,-0.0001,-0.0754,772.0,0.1768,-0.2995,0.1403,0.0206,-0.0444,1521.0,-0.0294,-0.0401,206.0,-0.0028,0.0478,2245.0,0.0028,0.0115,533454.0,0.0026,0.0651,3161,0.0154,-0.1028,0.9308,-0.0873,0.1109,0.0
201907,53047,"okanogan, wa",334450.0,-0.0162,0.1173,237,0.0724,-0.0814,59.0,0.2606,-0.0954,72,-0.1818,-0.1,2,,,0.0054,0.0054,0.0054,36.0,0.125,-0.3793,0.1067,0.0134,-0.0456,34.0,-0.2024,-0.2299,195.0,0.0122,0.086,1698.0,0.0094,0.0154,439713.0,0.0053,0.0804,272,0.0342,-0.0963,0.1414,-0.0487,-0.0273,0.0
201907,53075,"whitman, wa",305750.0,0.0364,0.2235,117,0.0402,-0.2386,48.0,0.2973,-0.0495,60,-0.1176,0.0,0,,,0.0,0.0,0.0,38.0,-0.05,0.2667,0.156,-0.0166,0.0037,43.0,-0.15,7.5,143.0,0.0078,0.1375,2179.0,-0.005,0.1456,321544.0,0.0034,0.1934,159,-0.0216,-0.0031,0.3648,-0.0816,0.3321,0.0
201907,53049,"pacific, wa",260325.0,0.0312,0.0225,169,-0.0343,-0.1855,68.0,0.2593,0.0462,70,-0.125,0.0,0,,-1.0,0.0,0.0,-0.0268,32.0,0.3333,-0.3333,0.1187,0.0362,-0.0392,38.0,-0.0385,0.3636,177.0,0.0141,0.047,1546.0,0.0225,0.0039,339944.0,0.0009,0.0462,206,-0.0329,-0.1234,0.2219,-0.001,0.0894,0.0
201907,53037,"kittitas, wa",414475.0,-0.0247,0.0135,196,0.0208,0.0208,52.0,0.3553,0.1196,122,-0.0758,0.1731,0,,-1.0,0.0,0.0,-0.02,56.0,0.0,-0.3488,0.1292,-0.0167,-0.0978,106.0,-0.058,0.2412,231.0,0.0087,0.0173,1873.0,-0.0387,0.0081,749125.0,-0.0094,0.079,300,-0.0148,0.0602,0.5383,-0.0451,0.0956,0.0
201907,53035,"kitsap, wa",488688.0,0.0076,0.1119,561,0.0351,0.0228,41.0,0.125,0.3065,668,0.106,0.003,20,0.0,-0.8276,0.011,-0.0005,-0.055,220.0,0.3415,-0.2254,0.1183,0.0243,-0.0457,557.0,-0.0623,0.0954,222.0,0.0149,0.0753,2248.0,-0.0122,0.0289,691915.0,0.0032,0.1817,1113,-0.025,0.055,0.9929,-0.1031,0.0658,0.0
201907,53013,"columbia, wa",217375.0,0.2862,0.385,36,0.3654,0.2456,49.0,0.0426,-0.1009,16,3.0,1.6667,0,,,0.0,0.0,0.0,8.0,1.0,0.0,0.1429,0.0403,-0.069,13.0,-0.0714,,128.0,0.0131,0.1152,1836.0,-0.0502,0.1195,251551.0,0.0117,0.1465,49,0.2125,0.7018,0.3662,-0.1723,,1.0
201907,53029,"island, wa",487400.0,0.0274,0.0619,345,0.0237,0.0648,46.0,0.0824,0.0952,344,0.0886,0.2464,2,,-0.9286,0.0023,0.0023,-0.0336,128.0,0.1852,-0.1351,0.1422,0.0136,-0.0554,173.0,0.0583,0.0815,249.0,0.0232,0.0582,1988.0,0.008,-0.036,657760.0,0.0577,0.0179,519,0.0349,0.0836,0.5,0.0163,0.0077,0.0
201907,53065,"stevens, wa",306250.0,-0.0577,0.0949,245,0.0677,-0.1598,58.0,0.2287,-0.0043,72,-0.28,-0.2941,0,-1.0,-1.0,0.0,-0.0086,-0.0251,60.0,0.25,-0.3617,0.1385,0.0359,-0.0465,110.0,-0.0798,0.0379,151.0,-0.0035,0.1089,2113.0,-0.0163,-0.0206,381435.0,-0.0602,0.0751,355,0.0411,-0.0978,0.4479,-0.0718,0.0853,0.0
201907,53015,"cowlitz, wa",329350.0,0.0002,0.0994,283,0.0639,-0.1332,39.0,-0.0375,0.1493,234,0.0636,-0.093,4,0.0,-0.8571,0.0066,-0.0006,-0.0373,112.0,0.2174,-0.0968,0.1761,0.0028,-0.0004,82.0,0.1319,-0.1044,172.0,-0.0294,0.0896,1933.0,0.0238,0.0491,420810.0,-0.0201,0.1207,365,0.0913,-0.1238,0.288,0.0173,0.0093,0.0
201907,53055,"san juan, wa",780000.0,-0.0064,0.0256,237,0.015,0.0042,76.0,0.3174,0.0066,78,0.5,0.2581,0,,,0.0,0.0,0.0,44.0,1.2,0.0476,0.14,0.0725,0.0145,32.0,0.3125,-0.0156,403.0,0.0214,0.0131,1914.0,0.0186,0.0071,1199542.0,0.0036,-0.0107,269,0.0467,0.0113,0.1332,0.0302,-0.0027,0.0
201907,53017,"douglas, wa",419000.0,0.0289,0.1381,114,0.0225,-0.0847,48.0,0.1163,0.2,70,-0.0789,0.0294,0,,-1.0,0.0,0.0,-0.0241,42.0,0.5,0.2353,0.177,0.0584,0.0401,55.0,0.0784,0.1458,197.0,-0.006,0.0415,2228.0,0.0579,0.1104,543407.0,-0.0242,0.2415,172,0.0652,0.0118,0.4846,0.0251,0.0975,0.0
201907,53041,"lewis, wa",319000.0,0.0209,0.0651,234,0.0833,-0.0468,39.0,-0.0188,-0.1374,184,-0.098,-0.0316,2,,-0.9091,0.0035,0.0035,-0.0365,78.0,0.0263,-0.25,0.1512,0.0132,-0.0362,112.0,-0.0219,0.0619,174.0,0.0165,0.1255,1782.0,0.0,-0.0814,364756.0,0.0289,0.0347,347,0.0483,-0.0142,0.4765,-0.0513,0.0488,0.0
201907,53007,"chelan, wa",449963.0,-0.0001,-0.0811,402,0.0836,-0.0012,51.0,0.1333,0.0625,204,0.0851,0.2143,2,,-0.5,0.003,0.003,-0.0038,108.0,0.35,-0.0847,0.1497,0.0197,-0.0412,56.0,0.0566,0.2174,241.0,-0.0182,0.039,2039.0,0.0227,0.0245,588413.0,-0.0181,0.0196,457,0.0792,0.0156,0.1393,-0.0036,0.025,0.0
201907,53011,"clark, wa",453950.0,-0.0105,0.0088,1896,0.0347,0.1101,44.0,0.0875,0.1447,1078,-0.0236,0.0019,82,-0.0682,0.3226,0.0277,-0.0011,0.0057,826.0,0.1868,-0.012,0.2616,0.0337,-0.0216,99.0,0.1379,0.3113,204.0,-0.0047,0.0356,2270.0,0.0028,-0.0395,533050.0,0.0028,-0.0208,1991,0.0373,0.1167,0.0522,0.0047,0.008,0.0
201907,53069,"wahkiakum, wa",326475.0,-0.0016,0.0165,38,0.1029,0.1538,64.0,0.3061,0.1034,10,-0.1667,0.0,0,,,0.0,0.0,0.0,12.0,0.5,0.2,0.2376,0.0837,-0.012,3.0,-0.375,-0.6429,180.0,-0.0233,0.0762,1784.0,-0.094,-0.1045,388793.0,-0.0278,0.0708,40,0.0676,0.026,0.0667,-0.051,-0.1487,0.0
201907,53031,"jefferson, wa",502000.0,0.033,0.118,131,-0.0576,-0.2842,55.0,0.2088,0.0732,106,-0.0185,0.0192,0,,-1.0,0.0,0.0,-0.0231,36.0,0.8,-0.28,0.1299,0.0499,-0.0247,56.0,0.0278,-0.112,273.0,0.0484,0.1518,1949.0,0.0385,-0.0294,620752.0,0.0168,0.054,187,-0.0184,-0.2403,0.4237,0.0352,0.0821,0.0
201907,53039,"klickitat, wa",479000.0,0.0105,0.0646,91,0.0,0.04,62.0,0.4302,-0.0611,40,0.25,0.4286,0,,,0.0,0.0,0.0,26.0,-0.1875,0.1818,0.2067,0.0067,0.0098,3.0,1.5,-0.375,221.0,-0.0098,0.1284,2265.0,0.023,-0.022,579868.0,0.0438,-0.0104,93,0.0054,0.0054,0.0275,0.0165,-0.0182,0.0
201907,53021,"franklin, wa",310850.0,-0.0094,0.0452,124,0.0508,-0.498,33.0,-0.3229,-0.0972,92,-0.1786,-0.1481,4,0.0,-0.3333,0.0131,-0.0017,0.0011,40.0,0.4286,0.3333,0.1268,0.0396,0.0251,91.0,-0.0109,21.75,160.0,0.0034,0.0301,1977.0,0.01,-0.055,357438.0,-0.0029,0.055,216,0.0311,-0.1397,0.7339,-0.0458,0.7177,0.0
201906,53067,"thurston, wa",399900.0,-0.0083,0.0524,532,0.0924,-0.0683,31.0,0.1376,-0.0313,696,-0.062,0.0175,12,-0.4545,-0.9091,0.0069,-0.0037,-0.0626,184.0,0.011,-0.193,0.0975,-0.0017,-0.0367,602.0,0.0353,0.0543,191.0,-0.0054,0.0915,2160.0,-0.0051,-0.0299,498602.0,-0.0071,0.1413,1115,0.0406,-0.0193,1.1316,-0.0625,0.1316,0.0
201906,53073,"whatcom, wa",450000.0,0.012,0.0112,679,0.1104,0.1489,40.0,0.0191,0.0811,628,-0.1029,0.1135,4,0.0,-0.9412,0.0025,0.0005,-0.0461,156.0,-0.0602,-0.3607,0.0979,-0.0038,-0.0715,297.0,0.0137,0.1739,243.0,-0.0002,0.0313,1920.0,0.0266,-0.0184,572570.0,0.003,0.0641,972,0.0788,0.1476,0.4374,-0.0417,0.0093,0.0
201906,53029,"island, wa",474400.0,0.0203,0.0336,337,0.0614,0.1908,43.0,-0.0116,0.2879,316,0.0,-0.092,0,-1.0,-1.0,0.0,-0.0024,-0.0465,108.0,-0.1429,-0.129,0.1286,-0.0315,-0.0338,163.0,0.1319,-0.0791,243.0,0.0178,0.0375,1972.0,0.019,-0.0329,621861.0,-0.0079,-0.0507,501,0.0763,0.0891,0.4837,0.0301,-0.1418,0.0
201906,53011,"clark, wa",458786.0,0.015,0.0083,1832,0.1003,0.2189,40.0,0.0811,0.1111,1104,-0.0417,-0.0282,88,0.1579,-0.1538,0.0288,-0.0017,-0.0088,696.0,0.1717,0.1083,0.2279,0.0217,0.0031,87.0,0.2985,0.1299,205.0,-0.0019,0.0467,2264.0,0.0096,-0.0515,531575.0,-0.0009,-0.0306,1919,0.1099,0.21,0.0475,0.0072,-0.0037,0.0
201906,53057,"skagit, wa",439000.0,-0.0456,-0.0901,397,0.1231,0.1089,42.0,0.012,0.05,364,-0.037,0.3788,0,-1.0,-1.0,0.0,-0.0022,-0.0903,116.0,0.1154,-0.1944,0.1167,0.0121,-0.0539,195.0,0.0803,0.0955,235.0,-0.0223,0.0485,1923.0,-0.0315,-0.1161,638375.0,-0.0243,-0.0264,586,0.1078,0.0974,0.4912,-0.0194,-0.006,0.0
201906,53005,"benton, wa",369950.0,0.0163,0.0884,422,0.0293,-0.2609,34.0,-0.1169,0.0,356,-0.1275,0.0349,12,-0.5714,0.0,0.0106,-0.0146,-0.0029,188.0,0.6207,0.1463,0.1734,0.0689,0.0075,355.0,0.0923,87.75,170.0,-0.002,0.1006,2221.0,0.0209,0.0093,408860.0,0.0279,0.139,762,0.0367,0.3229,0.8412,0.0485,0.8342,0.0
201906,53019,"ferry, wa",309000.0,-0.0492,0.9379,54,0.08,-0.069,51.0,0.36,-0.1969,8,-0.6667,-0.5,0,,,0.0,0.0,0.0,4.0,1.0,-0.5,0.0548,0.0348,-0.0351,10.0,-0.3548,-0.5455,145.0,0.1123,0.3012,1904.0,-0.0475,0.0625,366940.0,0.0164,0.4782,64,0.0,-0.1688,0.1852,-0.1248,-0.1941,1.0
201906,53043,"lincoln, wa",269750.0,0.079,-0.0364,43,0.0238,-0.2321,74.0,0.2895,0.7093,12,0.0,-0.4,0,,-1.0,0.0,0.0,-0.0408,8.0,0.3333,0.0,0.1194,0.0375,0.0369,17.0,0.1724,-0.3929,137.0,-0.0891,-0.0155,1976.0,0.0691,-0.0361,326268.0,0.1262,0.1008,59,0.0826,-0.2716,0.3953,0.0501,-0.1047,0.0
201906,53039,"klickitat, wa",474000.0,-0.0146,-0.0156,91,0.1375,0.0706,43.0,0.3651,-0.3857,32,-0.4667,0.1429,0,,,0.0,0.0,0.0,32.0,1.2857,0.6,0.2,0.1099,0.0095,1.0,,-0.75,223.0,-0.0335,0.1367,2214.0,-0.0463,-0.0366,555515.0,-0.0802,-0.0481,92,0.15,0.0337,0.011,0.011,-0.0361,0.0
201906,53053,"pierce, wa",449245.0,-0.0069,0.0722,1539,0.1048,-0.0581,30.0,0.2632,0.0714,2240,-0.0403,-0.0444,56,0.2174,-0.906,0.0102,0.0016,-0.0947,656.0,0.1007,-0.1841,0.1197,0.012,-0.0247,1567.0,0.074,-0.0799,207.0,-0.0049,0.0551,2239.0,-0.003,-0.0147,532096.0,-0.0027,0.0455,3113,0.0904,-0.0671,1.0182,-0.0292,-0.024,0.0
201906,53071,"walla walla, wa",385000.0,0.0133,0.1308,161,0.0158,0.15,46.0,0.1667,0.0581,84,-0.1064,0.1053,0,-1.0,-1.0,0.0,-0.0059,-0.0168,64.0,0.28,0.4545,0.1626,0.0228,-0.0223,115.0,0.122,56.5,172.0,0.0201,0.0858,2404.0,0.0152,0.0665,433795.0,-0.001,0.0322,274,0.0458,0.9296,0.7143,0.0676,0.7,0.0
201906,53013,"columbia, wa",169000.0,-0.0343,0.0768,26,0.1556,0.0,47.0,-0.6179,-0.1132,4,-0.5,-0.75,0,,,0.0,0.0,0.0,4.0,0.0,0.0,0.1026,0.0259,0.005,14.0,0.1667,,126.0,0.1662,0.1677,1933.0,-0.1159,0.173,248638.0,0.0044,0.144,40,0.1429,0.5385,0.5385,0.0051,,1.0
201906,53045,"mason, wa",329000.0,-0.0008,0.1153,241,0.1727,-0.036,36.0,0.0677,-0.0405,196,-0.1624,-0.1552,0,,-1.0,0.0,0.0,-0.0492,80.0,0.1111,0.0,0.1368,0.0167,0.0113,177.0,0.2378,0.2041,187.0,-0.0075,0.0352,1758.0,0.0003,0.0464,397043.0,-0.028,0.0906,422,0.2109,0.063,0.7344,0.0386,0.1464,0.0
201906,53017,"douglas, wa",407250.0,-0.0332,0.1316,111,0.099,0.0374,43.0,0.3984,0.1316,76,-0.05,0.3571,0,-1.0,-1.0,0.0,-0.0085,-0.0574,28.0,0.4,0.0,0.1186,0.0378,0.0038,51.0,0.0968,0.2143,199.0,-0.0035,0.0561,2106.0,0.0135,0.0395,556869.0,0.0413,0.3335,161,0.0878,0.0733,0.4595,-0.0009,0.0669,0.0
201906,53037,"kittitas, wa",424975.0,-0.0514,0.012,192,0.1636,0.0909,38.0,0.1875,0.1875,132,-0.3265,0.0,0,-1.0,-1.0,0.0,-0.0041,-0.0197,56.0,-0.0345,-0.0667,0.1458,0.026,-0.0076,112.0,0.0927,0.4933,229.0,-0.006,0.0111,1949.0,-0.0637,-0.0204,756260.0,-0.0453,0.2787,304,0.1364,0.216,0.5833,-0.0379,0.1572,0.0
201906,53051,"pend oreille, wa",349900.0,0.0485,0.1111,122,0.3407,0.0796,46.0,0.15,-0.098,40,-0.3548,0.0,0,,-1.0,0.0,0.0,-0.0237,28.0,0.75,-0.4615,0.1321,0.0329,-0.1204,38.0,0.3818,-0.0256,178.0,-0.0657,0.033,1980.0,0.0939,-0.002,409552.0,-0.0544,0.0237,158,0.339,0.0822,0.3115,0.0093,-0.0337,0.0
201906,53009,"clallam, wa",429000.0,0.0161,0.0489,286,0.0772,0.2711,53.0,0.0984,0.2184,152,-0.0256,0.2667,0,-1.0,-1.0,0.0,-0.0033,-0.0217,80.0,0.4286,0.5385,0.1314,0.0288,0.0329,173.0,0.0745,-0.0942,207.0,-0.023,0.0296,1988.0,0.0081,-0.003,485197.0,0.0136,-0.0014,457,0.0817,0.1201,0.6049,-0.0015,-0.244,0.0
201906,53003,"asotin, wa",291950.0,-0.0613,0.1017,50,0.0309,-0.5192,34.0,-0.2273,-0.2688,36,-0.1818,0.125,0,,,0.0,0.0,0.0,8.0,0.3333,-0.6667,0.0808,0.0385,-0.0957,12.0,-0.6712,3.8,131.0,0.0022,0.0763,2103.0,0.0,-0.1112,362767.0,0.0086,0.1912,59,-0.2892,-0.4327,0.24,-0.5126,0.216,0.0
201906,53041,"lewis, wa",312472.0,0.0123,0.0812,216,0.1134,-0.073,40.0,-0.0643,0.0256,204,-0.0556,0.0408,0,-1.0,-1.0,0.0,-0.0036,-0.0343,76.0,0.52,-0.1364,0.1379,0.0437,-0.0336,114.0,0.0507,0.1633,171.0,0.0191,0.0892,1782.0,-0.0353,-0.0651,354493.0,-0.0002,0.0431,331,0.087,-0.009,0.5278,-0.0315,0.1072,0.0
201906,53077,"yakima, wa",335000.0,0.0314,0.1552,346,0.1234,0.039,40.0,0.0256,-0.0244,240,0.1215,0.2766,8,-0.4286,0.0,0.0096,-0.0088,-0.0004,108.0,0.1739,0.1739,0.1397,0.0221,0.0195,246.0,-0.012,-0.0353,157.0,0.0054,0.0841,2052.0,0.0325,0.0345,377539.0,0.0211,0.012,589,0.0613,0.0017,0.711,-0.0975,-0.0548,0.0
201906,53065,"stevens, wa",325000.0,0.0277,0.2505,229,0.0223,-0.1642,47.0,0.3623,-0.06,100,-0.2647,-0.0741,4,,-0.6667,0.0086,0.0086,-0.0156,48.0,0.0435,-0.3684,0.1026,0.0068,-0.0467,119.0,0.196,0.0439,151.0,0.0154,0.0882,2148.0,0.0096,0.0199,405888.0,-0.0023,0.1451,341,0.064,-0.112,0.5197,0.0755,0.1036,0.0
201906,53027,"grays harbor, wa",244000.0,-0.0276,0.1091,334,0.1399,-0.1117,51.0,-0.0599,0.0851,244,0.1091,-0.0161,0,-1.0,-1.0,0.0,-0.009,-0.0336,76.0,0.0857,-0.4242,0.1034,0.0003,-0.0698,136.0,0.0,-0.1656,172.0,-0.0021,0.1542,1467.0,-0.0209,-0.0336,288103.0,-0.0384,0.1127,470,0.0905,-0.1165,0.4072,-0.057,-0.0263,0.0
201906,53069,"wahkiakum, wa",327000.0,-0.0323,-0.0194,34,0.2143,0.1724,49.0,0.1667,-0.2344,12,-0.4,-0.25,0,,,0.0,0.0,0.0,8.0,,1.0,0.1538,0.1538,0.0705,4.0,0.0,0.3333,185.0,-0.0084,0.1295,1969.0,0.0,-0.0284,399923.0,-0.011,0.0864,37,0.0882,0.1212,0.1176,-0.0252,0.0142,0.0
201906,53025,"grant, wa",284900.0,-0.0016,0.1173,253,-0.0117,0.0905,54.0,0.4026,0.1489,140,-0.1765,-0.0789,4,,-0.8333,0.0072,0.0072,-0.0394,64.0,0.0667,0.0667,0.1042,0.0109,-0.0197,164.0,0.0754,0.3782,154.0,0.009,0.0789,1782.0,0.0,-0.0209,357105.0,-0.0087,0.1686,420,0.0231,0.1932,0.6482,0.0525,0.1353,0.0
201906,53059,"skamania, wa",499900.0,-0.005,-0.0546,34,0.0968,-0.1707,49.0,0.205,0.1279,12,-0.4,0.0,0,,,0.0,0.0,0.0,12.0,0.5,0.0,0.2553,0.1339,0.0331,1.0,-0.3333,-0.6667,207.0,-0.0289,-0.0772,2713.0,0.0781,0.1801,685635.0,0.0532,0.0532,35,0.0448,-0.1667,0.0294,-0.019,-0.0438,0.0
201906,53049,"pacific, wa",252450.0,-0.0184,-0.0096,175,0.0606,-0.0741,54.0,0.0286,-0.1,80,-0.2,0.3333,0,-1.0,-1.0,0.0,-0.0116,-0.0146,24.0,0.0,-0.25,0.0825,0.0041,-0.0347,39.0,0.2787,0.5,175.0,0.0066,0.0707,1512.0,0.0008,-0.0258,339639.0,-0.0044,0.0551,213,0.1008,0.0,0.2229,0.038,0.0853,0.0
201906,53075,"whitman, wa",295000.0,-0.0421,0.1706,112,0.1371,-0.0744,37.0,-0.075,-0.1591,68,-0.0556,0.3077,0,,-1.0,0.0,0.0,-0.0186,40.0,0.1111,0.1111,0.1725,0.0099,-0.0169,50.0,-0.0909,7.3333,142.0,0.033,0.1345,2190.0,-0.0173,0.1237,320453.0,-0.0084,0.1709,162,0.0588,0.2857,0.4464,-0.1119,0.3968,0.0
201906,53001,"adams, wa",174500.0,0.0242,-0.0693,37,0.2333,0.1212,56.0,-0.3253,0.2444,16,0.3333,0.0,0,,-1.0,0.0,0.0,-0.0313,4.0,1.0,-0.5,0.044,0.0095,-0.0548,25.0,0.1905,-0.0385,102.0,0.0057,-0.0211,1804.0,-0.0025,-0.0217,213647.0,-0.0249,-0.0246,61,0.1961,0.0339,0.6757,-0.0243,-0.1122,0.0
201906,53007,"chelan, wa",450000.0,0.009,-0.1429,371,0.1504,0.0785,45.0,0.0465,0.0227,188,-0.0208,0.0682,0,,-1.0,0.0,0.0,-0.0158,80.0,0.2903,0.1765,0.1301,0.022,-0.0046,53.0,0.0095,0.2045,245.0,-0.0163,0.0267,1994.0,0.0094,-0.0109,599285.0,-0.0076,-0.0066,423,0.1325,0.0818,0.1429,-0.0199,0.015,1.0
201906,53035,"kitsap, wa",485000.0,0.0266,0.1201,542,0.0607,0.1411,36.0,0.3091,0.2,604,-0.1065,-0.0503,20,0.0,-0.881,0.0115,0.0018,-0.0904,164.0,0.025,-0.3279,0.094,0.0034,-0.0355,594.0,0.1072,0.1271,219.0,0.0389,0.0753,2276.0,0.004,0.0542,689689.0,0.0613,0.1708,1141,0.082,0.1399,1.0959,0.046,-0.0135,0.0
201906,53021,"franklin, wa",313800.0,-0.0289,0.0265,118,-0.0598,-0.3371,48.0,0.0435,0.3151,112,0.0566,0.037,4,-0.5,-0.6667,0.0149,-0.0104,-0.0281,28.0,0.4,-0.3,0.0872,0.0239,-0.0531,92.0,0.0888,29.6667,160.0,-0.0341,0.043,1957.0,-0.04,-0.1125,358461.0,-0.0165,0.0185,209,-0.0188,0.1547,0.7797,0.1064,0.7628,0.0
201906,53031,"jefferson, wa",485950.0,0.0361,0.0406,139,0.214,-0.2147,46.0,0.1098,0.1375,108,0.0588,-0.069,0,-1.0,-1.0,0.0,-0.0059,-0.0329,20.0,-0.0909,-0.6667,0.08,0.0041,-0.1046,54.0,-0.0769,-0.2286,260.0,0.0785,0.059,1877.0,0.0176,-0.0587,610476.0,0.1234,0.077,190,0.0983,-0.2245,0.3885,-0.1224,-0.007,0.0
201906,53015,"cowlitz, wa",329300.0,0.0002,0.0977,266,0.1247,-0.0292,40.0,0.1511,0.0526,220,-0.0756,-0.0984,4,1.0,-0.8889,0.0072,0.0038,-0.0491,92.0,0.0,-0.1154,0.1733,0.0058,-0.0083,72.0,0.0827,-0.28,177.0,0.04,0.1001,1888.0,-0.0195,-0.0045,429430.0,-0.0133,0.1036,334,0.1041,-0.107,0.2707,-0.0105,-0.0943,0.0
201906,53063,"spokane, wa",351445.0,-0.0164,0.0824,1047,0.1424,-0.0685,32.0,0.0323,-0.0303,1144,0.0515,0.0438,64,-0.2381,-0.8667,0.0167,-0.0077,-0.1067,452.0,0.3452,-0.2893,0.1191,0.022,-0.0373,1564.0,0.0968,-0.0944,144.0,-0.0206,0.0566,2484.0,0.0195,0.0424,419480.0,-0.0246,0.0375,2639,0.1227,-0.0639,1.4938,-0.0621,-0.0427,0.0
201906,53047,"okanogan, wa",339950.0,0.0462,0.124,221,0.221,-0.0515,47.0,-0.2598,-0.0962,88,-0.2787,0.0,0,,,0.0,0.0,0.0,32.0,0.7778,-0.2727,0.0933,0.0429,-0.0342,42.0,0.12,0.5,192.0,0.0532,0.0352,1682.0,-0.0275,0.0383,437410.0,0.1189,0.0808,263,0.2037,0.0194,0.19,-0.0171,0.0699,0.0
201906,53023,"garfield, wa",181950.0,0.05,0.1408,8,0.0667,-0.3333,42.0,-0.215,0.1667,8,3.0,1.0,0,,,0.0,0.0,0.0,0.0,,,0.0,0.0,0.0,2.0,1.0,,85.0,0.0,0.0765,2012.0,0.0,0.001,203150.0,-0.0235,0.0648,10,0.1765,-0.1667,0.25,0.1167,,1.0
201906,53061,"snohomish, wa",550000.0,0.0,0.0476,1560,0.0974,0.3891,33.0,0.211,0.6923,1860,0.0508,0.0814,40,0.0,-0.9254,0.0083,-0.0004,-0.121,704.0,0.2527,0.4426,0.1469,0.0259,0.0288,1346.0,0.024,0.0128,266.0,-0.0012,0.0152,2101.0,-0.0006,0.0145,636998.0,-0.0103,0.0156,2904,0.0626,0.1843,0.8628,-0.0619,-0.3206,0.0
201906,53033,"king, wa",725000.0,-0.0163,-0.0196,4699,0.0971,0.4828,32.0,0.1228,0.4545,4504,-0.0384,0.0027,76,-0.0732,-0.9336,0.0061,-0.0004,-0.1051,1896.0,0.1408,0.3352,0.1539,0.0168,0.015,3118.0,0.0488,-0.0338,391.0,-0.0066,0.0581,2052.0,-0.0092,-0.0587,1048871.0,-0.03,-0.0744,7736,0.0584,0.2082,0.6635,-0.0306,-0.3548,0.0
201906,53055,"san juan, wa",785000.0,0.0136,0.0467,233,0.1122,0.0219,58.0,0.0502,-0.08,52,-0.4468,-0.1333,0,-1.0,,0.0,-0.0054,0.0,20.0,1.0,-0.5833,0.0676,0.0384,-0.0728,24.0,0.0667,-0.2,394.0,0.015,0.0008,1879.0,-0.0031,-0.0605,1195213.0,-0.0279,0.0271,257,0.1126,-0.0039,0.103,-0.0044,-0.0286,0.0
201905,53001,"adams, wa",170375.0,-0.0129,0.0682,30,0.0526,0.0,83.0,-0.1679,0.9529,12,-0.25,-0.5,0,,,0.0,0.0,0.0,2.0,,-0.5,0.0345,0.0345,-0.0243,21.0,0.1053,0.2727,101.0,-0.0735,0.055,1809.0,0.0243,-0.015,219102.0,-0.0433,0.1974,51,0.0968,0.2,0.7,0.0333,0.15,0.0
201905,53069,"wahkiakum, wa",337900.0,0.0343,0.0361,28,0.2174,0.0182,42.0,-0.2364,-0.497,20,0.6667,1.5,0,,,0.0,0.0,0.0,0.0,-1.0,-1.0,0.0,-0.1113,-0.1608,4.0,-0.2727,1.0,186.0,0.0588,0.1876,1969.0,0.0011,-0.1203,404351.0,0.0075,0.1289,34,0.193,0.1724,0.1429,-0.0963,0.0701,1.0
201905,53023,"garfield, wa",173288.0,0.0837,0.7372,8,-0.2857,-0.3182,54.0,0.2159,-0.4806,2,-0.6667,0.0,0,,,0.0,0.0,0.0,0.0,-1.0,-1.0,0.0,-0.1429,-0.5541,1.0,-0.5,,85.0,0.09,0.0542,2012.0,-0.1198,0.1464,208040.0,0.1894,0.2249,9,-0.1905,-0.2273,0.1333,-0.0571,,1.0
201905,53075,"whitman, wa",307975.0,-0.0252,0.2101,99,0.0765,-0.3276,40.0,-0.0533,-0.1111,72,0.1613,0.2414,0,-1.0,-1.0,0.0,-0.0187,-0.0206,36.0,0.2,0.125,0.1627,0.0288,0.0102,55.0,-0.1057,10.0,138.0,-0.0183,0.086,2229.0,-0.0453,0.1098,323177.0,-0.0187,0.1899,153,0.0066,0.0099,0.5584,-0.1138,0.5242,0.0
201905,53057,"skagit, wa",459975.0,-0.0327,-0.0135,354,0.0794,0.0696,42.0,0.0641,0.1942,378,0.2273,-0.0308,2,-0.75,-0.9474,0.0022,-0.0075,-0.0406,104.0,0.1304,-0.2353,0.1046,-0.0104,-0.0401,181.0,0.0649,-0.0838,240.0,0.0118,0.0836,1986.0,-0.0151,-0.0785,654280.0,0.0359,0.0157,529,0.0655,0.0,0.5106,-0.0069,-0.0855,0.0
201905,53019,"ferry, wa",325000.0,0.721,0.976,50,0.3333,-0.1304,38.0,-0.735,-0.5427,24,0.2,0.5,0,,,0.0,0.0,0.0,2.0,-0.5,-0.75,0.02,-0.038,-0.0656,16.0,0.1923,0.0,130.0,0.0376,0.243,1999.0,0.2806,0.0325,361002.0,0.1388,0.4468,64,0.28,-0.1233,0.31,-0.0367,0.0404,1.0
201905,53045,"mason, wa",329248.0,0.0005,0.1123,206,0.2269,0.0123,33.0,-0.1364,0.0076,234,0.4096,-0.0859,0,-1.0,-1.0,0.0,-0.0092,-0.0306,72.0,1.25,0.0588,0.1201,0.0468,0.0027,143.0,0.0476,0.0288,188.0,-0.0151,0.029,1758.0,-0.0045,0.0998,408478.0,-0.0541,0.1317,349,0.1389,0.0205,0.6959,-0.1191,0.0111,0.0
201905,53007,"chelan, wa",446000.0,0.05,-0.0625,323,0.1944,0.0804,43.0,-0.3558,-0.0652,192,0.1294,0.0667,0,,-1.0,0.0,0.0,-0.0112,62.0,0.6316,0.24,0.1081,0.0275,0.0116,53.0,0.129,0.4583,249.0,0.048,0.0674,1976.0,-0.0115,0.0335,603851.0,0.062,0.0366,374,0.1838,0.1183,0.1628,-0.0094,0.0422,0.0
201905,53003,"asotin, wa",311000.0,0.1276,0.1435,49,-0.5198,-0.5467,44.0,-0.102,-0.0833,44,0.0,0.375,0,,,0.0,0.0,0.0,6.0,-0.5,-0.5714,0.0423,-0.0386,-0.0632,37.0,-0.0395,,130.0,-0.0546,0.0448,2103.0,0.0806,-0.0876,359665.0,0.0796,0.1723,83,-0.217,-0.2243,0.7526,0.3763,,0.0
201905,53071,"walla walla, wa",379950.0,0.0327,0.1279,159,0.1654,0.1162,39.0,-0.48,-0.2427,94,0.2051,0.093,2,,-0.6667,0.0059,0.0059,-0.0212,50.0,0.1905,1.7778,0.1398,-0.0059,0.0596,103.0,0.1782,67.3333,169.0,0.0483,0.0721,2368.0,0.0101,0.0531,434235.0,0.0635,0.0717,262,0.1644,0.8258,0.6467,0.007,0.6361,0.0
201905,53077,"yakima, wa",324800.0,-0.0157,0.1144,308,0.0476,-0.0112,39.0,-0.1658,-0.025,214,0.0388,-0.1008,14,0.4,-0.125,0.0184,0.0043,-0.0022,92.0,0.3939,0.2432,0.1176,0.0249,0.0228,249.0,0.2029,0.0779,157.0,0.0075,0.0846,1988.0,-0.0218,0.0116,369742.0,-0.0259,0.008,555,0.1067,0.0249,0.8084,0.1044,0.0669,0.0
201905,53025,"grant, wa",285343.0,0.0194,0.1631,256,0.1991,0.1963,39.0,-0.1098,-0.1047,170,-0.15,0.1806,0,,-1.0,0.0,0.0,-0.0369,60.0,0.3043,-0.0625,0.0933,0.0055,-0.0426,153.0,0.1423,0.1597,152.0,0.0415,0.1139,1782.0,-0.0126,-0.0241,360227.0,-0.0036,0.1597,411,0.183,0.1847,0.5957,-0.0296,-0.0188,0.0
201905,53041,"lewis, wa",308675.0,0.0003,0.0554,194,0.043,0.0157,43.0,-0.3105,0.1958,216,0.5,0.0093,2,0.0,-0.875,0.0036,-0.0012,-0.0281,50.0,0.0,-0.2857,0.0942,-0.0261,-0.0403,109.0,0.1302,0.1186,168.0,-0.0004,0.0678,1847.0,0.0079,-0.0323,354552.0,0.0017,0.0216,305,0.0722,0.0555,0.5593,0.0431,0.0514,0.0
201905,53061,"snohomish, wa",549975.0,-0.0054,0.0526,1422,0.2415,0.6491,27.0,0.2111,0.6029,1770,0.0303,0.1911,40,-0.4737,-0.9251,0.0087,-0.0094,-0.1351,562.0,0.6337,0.5698,0.1209,0.0378,0.0207,1315.0,0.0696,0.0019,266.0,0.0051,0.0143,2102.0,-0.0327,0.03,643627.0,-0.0171,0.0326,2733,0.1512,0.2545,0.9247,-0.1486,-0.5973,0.0
201905,53047,"okanogan, wa",324925.0,0.01,0.0532,181,0.1138,-0.1581,64.0,-0.4174,0.4682,122,0.9677,0.3556,0,,-1.0,0.0,0.0,-0.0058,18.0,0.5,-0.3571,0.0504,0.0036,-0.0289,38.0,0.5306,0.3636,183.0,0.0856,-0.0311,1730.0,0.0156,0.065,390928.0,0.0346,-0.0555,219,0.1622,-0.0934,0.2072,0.0564,0.0793,0.0
201905,53059,"skamania, wa",502425.0,0.0227,-0.1466,31,-0.0746,0.0508,40.0,-0.0359,-0.0301,20,-0.1667,-0.0909,0,-1.0,,0.0,-0.0667,0.0,8.0,-0.3333,0.3333,0.1214,-0.0802,0.0404,2.0,-0.25,-0.25,213.0,0.0238,-0.1093,2516.0,0.0494,0.0466,651013.0,-0.0553,-0.1686,34,-0.0694,0.0635,0.0484,-0.0113,-0.0194,1.0
201905,53015,"cowlitz, wa",329225.0,0.0151,0.0985,237,0.0629,-0.0105,35.0,-0.0974,0.0373,238,0.2796,-0.0083,2,-0.75,-0.9444,0.0034,-0.0135,-0.0545,92.0,0.6429,0.2105,0.1675,0.0488,0.0375,67.0,0.1176,-0.3448,170.0,0.0024,0.0725,1926.0,0.0316,0.0191,435232.0,0.0372,0.0995,303,0.0784,-0.1037,0.2812,0.0138,-0.1435,0.0
201905,53033,"king, wa",737000.0,-0.0138,-0.01,4283,0.1804,0.7081,29.0,0.0755,0.6765,4684,0.1063,0.0152,82,0.2424,-0.9249,0.0066,0.0005,-0.1167,1662.0,0.4377,0.5533,0.137,0.027,0.0274,2973.0,0.078,-0.0515,394.0,-0.0117,0.0666,2071.0,-0.0097,-0.0671,1081343.0,-0.0189,-0.0574,7309,0.1459,0.2712,0.6941,-0.066,-0.5559,0.0
201905,53053,"pierce, wa",452345.0,0.0052,0.0835,1393,0.1957,0.0083,24.0,0.0326,0.0,2334,0.2182,-0.0504,46,-0.6618,-0.9087,0.0086,-0.0218,-0.0905,596.0,0.8861,0.0276,0.1077,0.0361,-0.005,1459.0,0.0444,-0.0952,208.0,0.0079,0.0576,2245.0,-0.0126,-0.0001,533557.0,-0.0099,0.0338,2855,0.1161,-0.0463,1.0474,-0.1518,-0.1198,0.0
201905,53039,"klickitat, wa",481000.0,0.0571,0.0155,80,0.2903,0.1189,32.0,-0.5154,-0.5299,60,0.2,0.7647,0,,,0.0,0.0,0.0,14.0,2.5,0.1667,0.0901,0.0519,-0.0174,0.0,,-1.0,230.0,-0.0059,0.2215,2322.0,0.0306,0.0096,603976.0,0.0138,0.019,80,0.2903,0.0811,0.0,,-0.021,1.0
201905,53021,"franklin, wa",323148.0,-0.0039,0.0851,126,-0.004,-0.4749,46.0,-0.2137,0.076,106,0.0816,0.2045,8,0.0,0.0,0.0253,0.0004,0.0015,20.0,0.0,-0.5238,0.0633,0.0026,-0.0615,85.0,-0.1011,27.1667,166.0,0.0181,0.0932,2039.0,-0.0129,-0.0591,364485.0,0.0029,0.0405,213,-0.047,-0.1143,0.6733,-0.0727,0.6608,0.0
201905,53063,"spokane, wa",357304.0,0.0209,0.0971,917,0.1378,-0.0634,31.0,0.0877,0.0,1088,0.1102,-0.0963,84,0.1351,-0.7971,0.0244,-0.0005,-0.081,336.0,0.6634,-0.3957,0.0971,0.0292,-0.0497,1426.0,0.1785,-0.1435,147.0,-0.015,0.1044,2437.0,0.0313,-0.0146,430056.0,-0.0062,0.0638,2351,0.1682,-0.1061,1.5559,0.0537,-0.1457,0.0
201905,53037,"kittitas, wa",448000.0,0.036,0.0223,165,0.1224,0.2453,32.0,-0.1899,0.1034,196,0.5077,0.1951,2,,-0.5,0.0041,0.0041,-0.0054,58.0,1.0714,0.5263,0.1198,0.0432,0.0192,103.0,0.4041,0.2349,231.0,-0.0161,0.0147,2081.0,0.0207,-0.0119,792148.0,0.0228,0.3654,268,0.205,0.2187,0.6212,0.1246,-0.0052,0.0
201905,53027,"grays harbor, wa",250925.0,0.0218,0.1279,293,-0.0034,-0.0998,54.0,0.1923,0.0236,220,0.236,-0.12,6,0.0,-0.7273,0.009,-0.001,-0.0212,70.0,0.8421,-0.2045,0.1031,0.0339,-0.0235,136.0,0.2535,-0.1082,172.0,0.0369,0.1526,1498.0,-0.008,-0.0042,299607.0,0.0522,0.1836,431,0.0682,-0.0964,0.4642,0.0951,-0.0043,0.0
201905,53029,"island, wa",464950.0,0.0355,0.0569,318,0.0799,0.2828,43.0,-0.0058,0.3231,316,0.2154,0.0064,2,-0.5,-0.9231,0.0024,-0.0035,-0.0347,126.0,0.9688,0.0328,0.1601,0.0577,-0.0052,144.0,0.1613,-0.0237,239.0,0.0188,0.0354,1935.0,0.0382,-0.0395,626809.0,0.0262,-0.0271,466,0.119,0.186,0.4535,0.0318,-0.1424,0.0
201905,53051,"pend oreille, wa",333725.0,0.146,0.0953,91,0.3788,-0.0667,40.0,-0.3191,-0.0244,62,0.7222,0.24,0,,-1.0,0.0,0.0,-0.01,16.0,0.6,-0.2727,0.0992,0.019,-0.0179,28.0,0.6176,-0.2143,190.0,-0.0244,0.1189,1810.0,0.0635,-0.0948,433133.0,-0.0279,0.1255,118,0.4303,-0.0958,0.3022,0.0446,-0.0568,0.0
201905,53013,"columbia, wa",175000.0,-0.1424,0.0341,23,-0.1818,-0.1176,123.0,-0.012,0.1442,8,0.3333,0.3333,0,,,0.0,0.0,0.0,4.0,1.0,1.0,0.0767,0.0227,0.0161,12.0,0.2632,,108.0,0.1923,0.0509,2186.0,-0.0127,0.2955,247554.0,0.021,0.0972,35,-0.0411,0.3725,0.5333,0.1879,,0.0
201905,53049,"pacific, wa",257191.0,-0.0053,0.0115,165,0.0577,-0.006,53.0,-0.2632,-0.1667,100,0.5625,0.2195,4,,,0.0116,0.0116,0.0116,24.0,0.5,0.0,0.0784,0.0093,-0.0117,31.0,0.0517,0.525,174.0,0.009,0.0393,1511.0,-0.0023,-0.0126,341141.0,-0.0131,0.0501,194,0.0459,0.0403,0.1848,-0.001,0.0644,0.0
201905,53073,"whatcom, wa",444675.0,0.0459,-0.0006,612,0.0881,0.1494,39.0,-0.0765,0.0608,700,0.3566,0.1824,4,,-0.9412,0.0021,0.0021,-0.0477,166.0,0.566,-0.1616,0.1017,0.0204,-0.0431,293.0,0.0597,0.1604,243.0,0.0231,0.0308,1870.0,0.0334,-0.034,570850.0,0.0197,0.0796,901,0.0771,0.1485,0.4791,-0.0128,0.0045,0.0
201905,53017,"douglas, wa",421225.0,0.1379,0.212,101,0.1543,-0.0146,31.0,0.23,0.3085,80,0.0,-0.0476,2,,-0.8889,0.0085,0.0085,-0.0602,20.0,0.6667,-0.1667,0.0808,0.0235,-0.0287,47.0,0.1625,0.0814,199.0,-0.0148,0.0592,2078.0,0.0515,0.0447,534777.0,0.082,0.3574,148,0.1746,0.0034,0.4604,0.0033,0.0409,0.0
201905,53011,"clark, wa",452000.0,-0.0058,-0.015,1665,0.0612,0.2764,37.0,-0.039,0.2333,1152,0.0454,-0.0526,76,0.1875,-0.2245,0.0305,0.0072,-0.0084,594.0,0.4279,0.1208,0.2062,0.0542,0.0027,67.0,-0.0147,0.0152,205.0,0.0074,0.0516,2243.0,-0.0007,-0.0609,532074.0,0.0062,-0.0409,1729,0.0556,0.2597,0.0402,-0.0031,-0.0104,0.0
201905,53067,"thurston, wa",403236.0,-0.0399,0.042,487,0.081,0.0062,27.0,-0.0992,0.0481,742,0.2492,0.0944,22,-0.5417,-0.8533,0.0107,-0.0205,-0.066,182.0,0.3788,-0.09,0.0991,0.0161,-0.009,582.0,0.0961,0.0992,192.0,0.0147,0.0951,2171.0,-0.0398,-0.0134,502176.0,-0.0238,0.1562,1072,0.0967,0.0577,1.194,0.0165,0.1011,0.0
201905,53005,"benton, wa",364002.0,-0.0284,0.0738,410,0.0433,-0.453,39.0,-0.1348,0.1079,408,0.3421,0.0968,28,0.5556,0.5556,0.0253,0.0068,0.0093,116.0,0.2609,-0.2162,0.1046,0.0104,-0.0287,325.0,0.1586,64.0,170.0,0.0099,0.1049,2175.0,-0.0108,-0.0102,397747.0,-0.0088,0.1111,735,0.1053,-0.0246,0.7927,0.0789,0.786,0.0
201905,53055,"san juan, wa",774500.0,-0.027,-0.0258,210,0.2216,-0.0412,55.0,-0.5068,-0.0179,94,0.6786,0.2368,2,0.0,,0.0054,-0.0027,0.0054,10.0,0.25,-0.5455,0.0292,-0.0001,-0.0429,23.0,0.0714,-0.1818,389.0,-0.0327,0.0045,1884.0,-0.0506,-0.0586,1229455.0,-0.0759,-0.0104,231,0.1938,-0.061,0.1074,-0.0151,-0.0185,0.0
201905,53043,"lincoln, wa",250000.0,-0.0455,0.0,42,0.037,-0.0562,57.0,0.14,1.0727,12,-0.5,-0.5,0,,-1.0,0.0,0.0,-0.0587,6.0,0.5,-0.4,0.0819,0.0129,-0.0206,15.0,0.381,-0.4821,151.0,-0.0136,0.156,1848.0,-0.0797,-0.1439,289697.0,-0.0538,-0.0641,55,0.101,-0.2534,0.3452,0.086,-0.284,1.0
201905,53009,"clallam, wa",422213.0,0.0236,0.069,266,0.1086,0.3342,48.0,-0.2249,0.3041,156,0.1818,-0.0602,2,,-0.5,0.0033,0.0033,-0.0039,56.0,0.037,0.2727,0.1025,-0.0076,0.0202,161.0,0.1338,-0.168,212.0,0.0165,0.0471,1972.0,0.0046,0.0077,478664.0,0.0044,0.0226,423,0.1148,0.0669,0.6064,0.0135,-0.366,0.0
201905,53031,"jefferson, wa",469000.0,-0.0087,0.0268,115,0.0751,-0.2589,41.0,-0.23,0.0,102,0.2143,-0.2609,2,,-0.8333,0.0059,0.0059,-0.0265,22.0,0.2222,-0.5769,0.0759,0.001,-0.0806,59.0,0.0541,-0.1875,242.0,0.0165,0.0095,1845.0,0.0257,-0.0152,543416.0,0.0061,-0.0172,173,0.0712,-0.2362,0.5109,-0.0102,0.0449,0.0
201905,53065,"stevens, wa",316238.0,0.0572,0.2043,224,0.2174,-0.161,35.0,-0.4077,-0.2813,136,0.283,0.0462,0,,-1.0,0.0,0.0,-0.0291,46.0,1.5556,-0.2813,0.0957,0.0453,-0.0388,100.0,0.3916,0.0585,149.0,0.076,0.1103,2128.0,-0.0474,-0.0164,406826.0,-0.027,0.145,321,0.2718,-0.1047,0.4442,0.0556,0.0921,0.0
201905,53035,"kitsap, wa",472450.0,-0.0081,0.0372,511,0.2024,0.2052,28.0,-0.0909,0.3415,676,0.0696,-0.1311,20,-0.375,-0.8276,0.0097,-0.011,-0.0605,160.0,0.4286,-0.1011,0.0905,0.0181,-0.0219,537.0,0.1096,0.0938,211.0,-0.0251,0.0214,2267.0,0.0023,0.0267,649878.0,0.0304,0.0549,1055,0.1607,0.1537,1.0499,-0.0877,-0.1069,0.0
201904,53037,"kittitas, wa",432416.0,-0.0092,0.0697,147,0.2049,0.3243,40.0,-0.3923,0.2154,130,0.413,0.3,0,-1.0,-1.0,0.0,-0.0149,-0.0268,28.0,0.0,-0.125,0.0766,-0.0278,-0.0473,73.0,0.3519,0.3519,234.0,0.0072,0.0159,2039.0,-0.0144,0.0341,774497.0,-0.0449,0.4293,222,0.2614,0.3537,0.4966,0.054,0.0101,0.0
201904,53027,"grays harbor, wa",245575.0,0.0389,0.1304,294,0.0389,-0.0485,46.0,-0.3851,-0.125,178,0.2714,0.0,6,-0.5,-0.625,0.0101,-0.013,-0.017,38.0,-0.2692,-0.5128,0.0692,-0.0306,-0.0608,109.0,0.096,0.069,166.0,0.0627,0.0989,1510.0,-0.0003,0.0193,284749.0,0.0427,0.1194,404,0.0591,-0.0254,0.369,0.0192,0.0406,0.0
201904,53031,"jefferson, wa",473136.0,-0.0104,0.0359,107,0.0143,-0.1744,53.0,-0.2993,-0.0139,84,0.3125,-0.3226,0,-1.0,-1.0,0.0,-0.0191,-0.0417,18.0,-0.25,-0.55,0.0749,-0.0399,-0.0505,56.0,0.3875,-0.0089,238.0,-0.0248,0.0183,1798.0,0.0093,-0.0357,540121.0,-0.0482,-0.0266,162,0.1138,-0.134,0.5211,0.1402,0.087,0.0
201904,53029,"island, wa",449000.0,0.0275,0.0467,294,0.0576,0.176,43.0,-0.3242,0.2536,260,0.2745,-0.1034,4,-0.5,-0.8571,0.0059,-0.0078,-0.0364,64.0,-0.1111,-0.3043,0.1023,-0.0212,-0.0366,124.0,0.24,0.0644,234.0,-0.0012,0.066,1864.0,0.0231,-0.0798,610777.0,0.0255,-0.0193,416,0.0976,0.1289,0.4218,0.0621,-0.0442,0.0
201904,53041,"lewis, wa",308584.0,-0.0178,0.0734,186,-0.0837,0.0538,62.0,-0.1389,0.3333,144,0.0286,-0.1111,2,-0.5,-0.8333,0.0048,-0.0047,-0.0203,50.0,0.1364,-0.1071,0.1204,0.0161,-0.0149,96.0,0.2308,0.2308,168.0,0.0026,0.152,1833.0,-0.01,-0.0513,353951.0,-0.0152,0.0081,284,0.0107,0.1248,0.5161,0.1319,0.0742,0.0
201904,53019,"ferry, wa",188839.0,0.0041,0.1412,38,-0.0132,-0.3421,142.0,-0.0374,-0.007,20,0.6667,1.5,0,,,0.0,0.0,0.0,4.0,,-0.5,0.058,0.058,-0.0473,13.0,0.3,0.0,126.0,-0.0619,0.2274,1561.0,0.076,-0.1029,317012.0,-0.0063,0.275,50,0.0638,-0.2857,0.3467,0.0835,0.1186,1.0
201904,53063,"spokane, wa",349985.0,0.0166,0.0769,806,0.1219,-0.0747,29.0,-0.2297,-0.1231,980,0.3536,-0.018,74,-0.4559,-0.7744,0.0249,-0.0299,-0.074,202.0,-0.2574,-0.4873,0.0679,-0.0417,-0.0526,1210.0,0.1612,-0.1766,149.0,0.0127,0.1053,2363.0,-0.0092,-0.0297,432735.0,0.0057,0.0786,2012,0.1445,-0.1369,1.5022,0.0509,-0.1859,0.0
201904,53007,"chelan, wa",424750.0,0.0033,-0.0761,270,-0.0217,0.0588,67.0,-0.2823,0.4278,170,0.371,0.0241,0,-1.0,-1.0,0.0,-0.009,-0.0459,38.0,0.1875,-0.2692,0.0806,0.0104,-0.0254,47.0,0.0568,0.1923,238.0,-0.0103,0.074,1999.0,0.0605,0.0538,568623.0,0.0115,-0.0278,316,-0.011,0.0731,0.1722,0.0128,0.0193,0.0
201904,53071,"walla walla, wa",367929.0,0.0208,0.1426,136,0.0074,-0.1082,75.0,-0.2188,0.4563,78,0.7727,-0.0714,0,,,0.0,0.0,0.0,42.0,0.5,0.2353,0.1457,0.0392,-0.0095,87.0,0.0235,,161.0,0.006,0.0589,2344.0,0.0332,0.0701,408319.0,0.0088,0.0499,225,0.0274,0.4754,0.6397,0.0101,,0.0
201904,53025,"grant, wa",279900.0,0.0602,0.114,214,0.0517,0.0596,43.0,-0.4075,0.1161,200,0.6667,0.1111,0,,-1.0,0.0,0.0,-0.0496,46.0,0.0455,-0.1154,0.0879,-0.0135,-0.0136,134.0,0.2027,0.0898,146.0,0.0189,0.077,1805.0,0.0047,-0.0302,361518.0,0.0422,0.1603,347,0.1051,0.076,0.6253,0.0785,0.0174,0.0
201904,53015,"cowlitz, wa",324336.0,0.0123,0.0763,223,0.0114,0.0854,39.0,-0.3362,0.0199,186,0.1923,-0.1913,8,0.0,-0.7143,0.0169,-0.0016,-0.0374,56.0,0.0769,-0.2,0.1187,-0.0014,-0.0192,60.0,0.0259,-0.1905,170.0,0.0001,0.1039,1867.0,0.0013,-0.0339,419614.0,0.0056,0.0477,281,0.0126,0.0054,0.2674,0.0038,-0.0911,0.0
201904,53017,"douglas, wa",370175.0,0.0106,0.057,88,0.0542,0.1589,25.0,-0.6094,-0.5327,80,0.5385,0.2121,0,,-1.0,0.0,0.0,-0.0539,12.0,0.5,-0.25,0.0573,-0.0002,-0.0304,40.0,0.2121,0.1594,202.0,0.0247,0.066,1976.0,0.0005,-0.026,494237.0,0.0162,0.1967,126,0.1053,0.1667,0.4571,0.0596,0.0002,0.0
201904,53021,"franklin, wa",324425.0,0.0423,0.0949,126,-0.2717,-0.451,59.0,0.0446,0.56,98,0.0652,-0.0577,8,1.0,0.3333,0.0249,0.0122,0.0064,20.0,-0.1667,-0.2857,0.0607,-0.0157,-0.0282,94.0,0.88,30.3333,163.0,0.0239,0.0629,2065.0,0.0081,-0.0282,363428.0,0.0487,0.0447,224,0.0068,-0.0325,0.746,0.457,0.733,0.0
201904,53009,"clallam, wa",412463.0,0.0327,0.0854,240,0.0837,0.3196,62.0,-0.3234,0.4148,132,0.2222,-0.1429,0,,-1.0,0.0,0.0,-0.0085,54.0,0.2273,0.4211,0.1102,0.0137,0.0329,142.0,0.2566,-0.1598,208.0,-0.0022,0.0953,1963.0,-0.0051,-0.0273,476553.0,0.0272,0.083,379,0.145,0.0875,0.5929,0.0816,-0.3382,0.0
201904,53059,"skamania, wa",491250.0,0.0529,-0.0548,34,0.0469,0.4565,42.0,-0.4715,-0.3128,24,0.2,0.0909,4,0.0,,0.0667,-0.0088,0.0667,12.0,2.0,1.0,0.2017,0.1248,0.0463,2.0,,1.0,208.0,0.0934,0.0214,2398.0,-0.0543,-0.0379,689141.0,0.0848,-0.0923,36,0.0909,0.5319,0.0597,,0.0162,0.0
201904,53073,"whatcom, wa",425171.0,-0.0012,-0.0325,562,0.0684,0.177,43.0,-0.213,0.0494,516,0.2772,0.1217,0,-1.0,-1.0,0.0,-0.0071,-0.0446,106.0,0.1522,-0.3537,0.0813,-0.0004,-0.0425,277.0,0.4107,0.2713,238.0,0.0128,0.0136,1810.0,-0.0292,-0.047,559811.0,-0.0074,0.0919,837,0.1586,0.201,0.492,0.1194,0.0365,0.0
201904,53077,"yakima, wa",329979.0,0.0313,0.1037,294,0.0068,0.012,47.0,-0.15,0.0506,206,0.1977,0.2118,10,-0.1667,0.6667,0.0141,-0.0047,0.0049,66.0,0.0313,0.1,0.0927,-0.0103,0.0087,207.0,0.1436,-0.0655,155.0,-0.0106,0.0743,2032.0,0.0112,0.0024,379570.0,0.0068,0.0001,502,0.0762,-0.03,0.7041,0.0842,-0.0584,0.0
201904,53033,"king, wa",747286.0,0.0163,0.0272,3629,0.0867,0.7883,27.0,-0.1719,0.325,4234,0.2753,0.2008,66,-0.5417,-0.945,0.006,-0.0108,-0.1432,1156.0,0.1115,0.5664,0.1101,-0.0118,0.0209,2758.0,0.467,0.1764,398.0,0.0102,0.0679,2091.0,0.0148,-0.0361,1102124.0,0.0051,-0.0432,6379,0.2233,0.4643,0.7601,0.1971,-0.3954,0.0
201904,53061,"snohomish, wa",552949.0,0.026,0.095,1145,0.0142,0.5804,23.0,-0.3382,0.1538,1718,0.3095,0.1546,76,-0.3871,-0.8577,0.0181,-0.0193,-0.1383,344.0,-0.0549,0.3871,0.0831,-0.0267,0.0105,1229.0,0.4062,0.0838,265.0,0.0093,0.0359,2173.0,0.0213,0.0716,654816.0,0.0392,0.0802,2374,0.1852,0.2774,1.0734,0.2992,-0.4919,0.0
201904,53049,"pacific, wa",258553.0,-0.0024,0.0087,156,0.0,0.047,71.0,-0.3015,-0.1121,64,0.4545,0.0667,0,,-1.0,0.0,0.0,-0.0083,16.0,-0.2,-0.6,0.0691,-0.021,-0.0986,29.0,0.2609,0.234,172.0,0.0044,0.0508,1514.0,-0.0102,-0.0193,345683.0,-0.0188,0.0858,185,0.0393,0.0602,0.1859,0.0385,0.0282,0.0
201904,53055,"san juan, wa",796000.0,0.0013,0.0613,172,0.0994,-0.0679,111.0,-0.2792,0.4416,56,0.5556,-0.3,2,,,0.0081,0.0081,0.0081,8.0,1.0,-0.7895,0.0293,0.0102,-0.0946,21.0,0.1667,-0.0455,402.0,-0.0235,0.0619,1985.0,0.0051,-0.009,1330500.0,-0.0031,0.019,194,0.1185,-0.0652,0.1224,0.0071,0.0029,0.0
201904,53047,"okanogan, wa",321700.0,0.0085,0.0989,163,0.0621,-0.0552,109.0,-0.2781,0.478,62,0.2917,-0.3261,0,,-1.0,0.0,0.0,-0.0065,12.0,0.5,-0.5385,0.0468,0.01,-0.0385,25.0,0.5313,0.0889,168.0,0.055,-0.0297,1703.0,-0.0194,0.1263,377855.0,-0.023,-0.0597,188,0.1124,-0.0384,0.1508,0.0462,0.02,0.0
201904,53013,"columbia, wa",204050.0,-0.0631,0.3173,28,0.0185,0.0784,125.0,0.0205,0.314,6,0.5,2.0,0,,,0.0,0.0,0.0,2.0,-0.75,0.0,0.0541,-0.1565,-0.0259,10.0,0.5833,,91.0,-0.0777,-0.1343,2214.0,0.0198,0.3413,242467.0,-0.0388,0.129,37,0.0735,0.4314,0.3455,0.1232,,1.0
201904,53075,"whitman, wa",315950.0,0.0817,0.2638,92,-0.0368,-0.4369,42.0,0.006,0.0764,62,0.4091,-0.0606,4,0.0,1.0,0.0187,-0.0043,0.0104,30.0,0.25,-0.1667,0.1338,0.0012,-0.0175,62.0,0.8088,7.7857,140.0,0.0189,0.0756,2334.0,0.1012,0.224,329341.0,0.058,0.2662,152,0.1692,-0.1032,0.6721,0.3142,0.6291,0.0
201904,53053,"pierce, wa",450000.0,0.0194,0.0634,1165,-0.0185,0.003,23.0,-0.2813,-0.1238,1916,0.338,-0.1121,136,-0.2609,-0.7472,0.0305,-0.0187,-0.0859,316.0,-0.0482,-0.3705,0.0716,-0.0171,-0.0369,1397.0,0.244,0.1555,206.0,0.013,0.0692,2274.0,0.0155,0.0154,538915.0,0.0316,0.0326,2558,0.1074,0.0791,1.1991,0.2531,0.1582,0.0
201904,53035,"kitsap, wa",476291.0,0.0186,0.128,425,0.1097,0.2801,30.0,-0.395,0.0254,632,0.58,0.0128,32,-0.1111,-0.6596,0.0207,-0.0099,-0.0515,112.0,0.12,-0.2222,0.0724,-0.0124,-0.0382,484.0,0.2241,0.5398,216.0,0.0246,0.0671,2262.0,0.0254,0.0845,630683.0,0.0695,0.0792,909,0.1677,0.4074,1.1376,0.1063,0.1919,0.0
201904,53039,"klickitat, wa",455000.0,0.0159,0.0033,62,0.1481,-0.1389,65.0,-0.3868,-0.1333,50,0.7857,0.3158,0,,,0.0,0.0,0.0,4.0,0.0,-0.5,0.0383,-0.0099,-0.0408,,,,232.0,0.0854,0.2377,2253.0,0.001,0.0224,595744.0,0.024,0.0454,62,0.1273,-0.1507,,,,0.0
201904,53067,"thurston, wa",419995.0,0.0426,0.1298,451,0.0124,0.0974,30.0,-0.2622,0.0,594,0.1602,-0.0166,48,-0.1429,-0.6471,0.0311,-0.0101,-0.059,132.0,0.0645,-0.3465,0.083,-0.0083,-0.0507,531.0,0.3263,0.1396,189.0,0.0091,0.1031,2261.0,0.0215,0.0319,514402.0,0.0507,0.2062,977,0.1548,0.1153,1.1776,0.2787,0.0436,0.0
201904,53005,"benton, wa",374625.0,0.0675,0.1288,393,-0.2012,-0.4402,45.0,-0.2054,0.3692,304,0.4074,-0.1059,18,-0.4375,-0.5,0.0184,-0.0186,-0.0159,92.0,0.5333,-0.2069,0.0941,0.0247,-0.017,281.0,0.7981,92.5,168.0,0.0188,0.099,2199.0,0.0257,0.0107,401259.0,0.0599,0.1282,665,0.0262,-0.0547,0.7137,0.3967,0.7095,0.0
201904,53045,"mason, wa",329075.0,0.0442,0.1977,168,0.0213,-0.0771,39.0,-0.4167,0.0132,166,0.537,-0.1443,4,,-0.8182,0.0092,0.0092,-0.0349,32.0,-0.2,-0.3846,0.0732,-0.0293,-0.035,137.0,0.1471,0.3,191.0,0.0665,0.1192,1766.0,-0.0076,0.1041,431834.0,0.0683,0.2665,306,0.0851,0.0794,0.8149,0.0893,0.2364,0.0
201904,53057,"skagit, wa",475521.0,-0.0078,0.0107,328,0.0917,0.1866,39.0,-0.4091,-0.0824,308,0.2833,-0.061,8,-0.3333,-0.7333,0.0097,-0.0086,-0.0314,92.0,0.4375,0.122,0.115,0.0178,0.0047,170.0,0.4244,0.3242,237.0,0.0157,0.0778,2016.0,-0.0272,-0.0677,631589.0,-0.0228,-0.0573,497,0.185,0.2444,0.5176,0.1209,0.0538,0.0
201904,53065,"stevens, wa",299125.0,0.0485,0.1395,184,0.1288,-0.1804,58.0,-0.4752,-0.0372,106,0.7667,0.0,0,-1.0,-1.0,0.0,-0.0144,-0.0108,18.0,-0.1,-0.5714,0.0504,-0.0216,-0.0471,72.0,0.2328,-0.0138,138.0,0.0288,0.0002,2233.0,-0.004,0.0582,418120.0,0.0243,0.1871,252,0.156,-0.1458,0.3886,0.0328,0.0656,0.0
201904,53043,"lincoln, wa",261911.0,-0.0363,0.1666,41,0.1912,0.0658,50.0,-0.2857,0.2739,24,0.0,-0.2,0,-1.0,,0.0,-0.0563,0.0,4.0,0.0,-0.5,0.069,0.0126,-0.0186,11.0,-0.25,-0.5625,153.0,0.2028,0.391,2008.0,-0.0783,-0.0053,306153.0,0.0281,0.0548,50,0.0532,-0.1951,0.2593,-0.1525,-0.3723,0.0
201904,53023,"garfield, wa",159900.0,-0.0345,0.066,11,-0.1923,-0.125,44.0,-0.45,-0.4534,6,0.5,0.5,0,,,0.0,0.0,0.0,2.0,,,0.1429,0.1429,0.1429,2.0,,,78.0,0.0333,-0.0364,2286.0,0.0458,0.1304,174917.0,-0.0184,-0.0803,11,-0.1923,-0.125,0.1905,,,0.0
201904,53001,"adams, wa",172604.0,0.1077,0.1281,29,-0.0172,0.0556,100.0,0.1466,1.1452,16,1.0,0.3333,0,,,0.0,0.0,0.0,0.0,-1.0,-1.0,0.0,-0.1455,-0.0435,19.0,0.0556,0.3103,109.0,0.0406,0.2018,1766.0,0.007,-0.0409,229012.0,0.0146,0.3124,47,-0.0106,0.1923,0.6667,0.046,0.1296,1.0
201904,53003,"asotin, wa",275814.0,0.0328,0.046,101,0.2169,0.0359,49.0,-0.1967,-0.0392,44,0.1,0.2941,0,,,0.0,0.0,0.0,12.0,2.0,-0.1429,0.0808,0.0472,-0.0306,38.0,,37.0,138.0,0.0099,0.0957,1946.0,-0.0721,-0.0971,333132.0,0.0137,0.0975,106,0.2619,0.0872,0.3762,,0.366,0.0
201904,53011,"clark, wa",454618.0,0.0044,-0.0051,1569,0.0616,0.4084,39.0,-0.1047,0.1493,1102,0.3245,0.1314,64,-0.1579,-0.0588,0.0234,-0.0086,-0.0085,416.0,0.3,0.1954,0.1519,0.0174,-0.0111,68.0,-0.0286,0.1724,204.0,-0.0007,0.05,2244.0,0.0072,-0.069,528820.0,-0.0145,-0.0497,1638,0.0588,0.3976,0.0433,-0.004,-0.0087,0.0
201904,53051,"pend oreille, wa",291200.0,0.0562,0.0382,66,0.2222,-0.0769,59.0,-0.227,-0.1667,36,0.8,-0.0526,0,,,0.0,0.0,0.0,10.0,1.5,-0.2857,0.0802,0.0386,-0.0436,17.0,0.0,-0.2273,195.0,0.0402,0.2024,1702.0,0.0,-0.1675,445561.0,-0.0657,0.1286,83,0.1786,-0.1033,0.2576,-0.0572,-0.0501,0.0
201904,53069,"wahkiakum, wa",326693.0,-0.037,0.1393,23,0.0952,0.0698,55.0,-0.4608,-0.4977,12,0.5,0.0,0,,,0.0,0.0,0.0,4.0,-0.5,1.0,0.1113,-0.1109,0.0678,6.0,-0.2143,0.1,176.0,0.0161,0.1583,1967.0,-0.1495,0.0564,401322.0,-0.0672,0.2653,29,0.0179,0.0755,0.2391,-0.0942,0.0066,0.0
201903,53011,"clark, wa",452643.0,0.0059,-0.0211,1478,0.0267,0.4562,43.0,-0.1963,0.303,832,0.2308,-0.0545,76,0.0,0.0556,0.0319,-0.0034,-0.0048,320.0,0.0127,0.2121,0.1345,-0.0034,-0.0067,70.0,0.037,0.4286,204.0,0.0025,0.051,2228.0,0.0004,-0.0722,536624.0,-0.005,-0.0647,1547,0.0289,0.4526,0.0474,0.0005,-0.0009,0.0
201903,53037,"kittitas, wa",436429.0,0.0179,0.0925,122,0.1349,0.4524,65.0,-0.3029,1.0313,92,0.7692,-0.1481,4,1.0,-0.5,0.0149,0.0053,-0.0142,28.0,0.0769,0.75,0.1045,-0.0223,0.0463,54.0,0.1739,0.1489,233.0,0.0212,0.0671,2069.0,-0.0238,0.0294,810945.0,-0.0142,0.548,176,0.1579,0.3233,0.4426,0.0147,-0.1169,1.0
201903,53055,"san juan, wa",795000.0,0.0,0.0325,156,0.0947,-0.0545,154.0,-0.1162,-0.1937,36,0.3846,-0.25,0,,,0.0,0.0,0.0,4.0,-0.6,-0.75,0.0191,-0.0357,-0.0513,18.0,0.2,0.0588,411.0,-0.0004,0.0988,1975.0,-0.0017,-0.057,1334640.0,0.0018,0.0154,173,0.0984,-0.0335,0.1154,0.0101,0.0124,0.0
201903,53007,"chelan, wa",423357.0,0.0508,-0.0685,276,-0.0316,0.2661,93.0,-0.1349,0.2568,124,0.4419,-0.0313,4,1.0,0.0,0.009,0.0041,-0.0014,32.0,0.1429,-0.2727,0.0702,0.0002,-0.0412,44.0,0.1,0.1282,240.0,-0.0066,0.0926,1884.0,0.0469,-0.0487,562174.0,0.0206,-0.0588,319,-0.0185,0.251,0.1594,0.0191,-0.0195,0.0
201903,53029,"island, wa",437000.0,0.0356,0.053,278,0.0202,0.2636,64.0,-0.1847,0.6842,204,0.2911,-0.1774,8,0.0,-0.6667,0.0137,-0.0022,-0.028,72.0,0.125,-0.1,0.1235,0.0024,-0.0249,100.0,0.5038,-0.0654,235.0,0.0093,0.0793,1822.0,0.008,-0.0858,595588.0,0.0326,-0.051,379,0.1313,0.159,0.3597,0.1157,-0.1267,0.0
201903,53067,"thurston, wa",402849.0,0.0307,0.1271,445,-0.0011,0.2092,41.0,-0.3333,0.2424,512,0.369,-0.1111,56,0.4737,-0.5333,0.0412,0.0062,-0.031,124.0,0.0333,0.0333,0.0913,-0.0111,0.0067,400.0,0.2924,-0.0544,188.0,0.0083,0.1105,2213.0,0.0218,0.0302,489587.0,0.0418,0.162,846,0.1205,0.0602,0.8989,0.2042,-0.2506,0.0
201903,53057,"skagit, wa",479271.0,-0.0117,0.0917,300,0.083,0.1673,66.0,-0.2392,0.32,240,0.7647,-0.1304,12,0.5,-0.5714,0.0182,0.0031,-0.0395,64.0,0.1034,0.0,0.0971,-0.0249,-0.0138,119.0,0.4083,0.19,234.0,0.0041,0.0639,2072.0,-0.0253,-0.0097,646333.0,-0.0214,-0.0129,419,0.1591,0.1607,0.3967,0.0916,0.0076,0.0
201903,53065,"stevens, wa",285286.0,0.0431,0.0766,163,0.0,-0.1641,111.0,-0.1462,0.099,60,1.7273,-0.25,4,1.0,,0.0144,0.0056,0.0144,20.0,-0.1667,-0.375,0.0719,-0.0349,-0.0244,58.0,0.2211,0.0,134.0,0.0071,0.0104,2242.0,0.0174,0.0391,408206.0,0.0249,0.1227,218,0.0406,-0.128,0.3558,0.0644,0.0584,0.0
201903,53077,"yakima, wa",319979.0,0.0721,0.1053,292,-0.0135,0.0618,55.0,-0.1635,0.2222,172,0.2647,0.0,12,1.0,0.5,0.0188,0.0085,0.0069,64.0,0.28,0.1429,0.1031,0.0181,0.0217,181.0,0.107,-0.134,157.0,0.0094,0.0775,2009.0,0.0097,0.0004,377020.0,0.0275,0.0211,466,0.031,-0.0332,0.6199,0.0675,-0.1401,0.0
201903,53001,"adams, wa",155829.0,-0.0482,0.0119,29,-0.1831,0.2609,87.0,0.1837,0.2429,8,0.0,-0.3333,0,,,0.0,0.0,0.0,8.0,0.3333,0.0,0.1455,0.0462,-0.0285,18.0,0.0909,0.3846,105.0,0.0068,-0.0041,1753.0,0.0206,0.0254,225725.0,0.0298,0.3061,47,-0.0874,0.3056,0.6207,0.1559,0.0555,0.0
201903,53005,"benton, wa",350924.0,0.0644,0.0429,492,-0.1954,-0.2178,56.0,-0.125,0.5135,216,0.125,-0.2603,32,0.4545,0.0,0.037,0.0123,0.0004,60.0,0.0714,-0.4444,0.0694,0.0032,-0.0493,156.0,2.5862,14.6,165.0,0.0107,0.0875,2144.0,0.0272,-0.0256,378566.0,0.049,0.0618,648,-0.0092,0.0205,0.3171,0.2459,0.3012,0.0
201903,53049,"pacific, wa",259171.0,0.0019,0.0392,156,-0.0189,0.047,102.0,-0.113,-0.1356,44,-0.1852,-0.2667,0,,-1.0,0.0,0.0,-0.0165,20.0,-0.2308,-0.1667,0.0901,-0.0206,-0.0147,23.0,0.4839,0.6429,172.0,0.0044,0.1287,1530.0,-0.0047,-0.0143,352311.0,0.0024,0.1287,178,0.0201,0.0788,0.1474,0.05,0.0535,0.0
201903,53003,"asotin, wa",267064.0,-0.0459,0.0473,83,0.2769,0.0122,61.0,-0.1867,0.1296,40,0.8182,0.25,0,,,0.0,0.0,0.0,4.0,-0.5,-0.8,0.0336,-0.06,-0.1569,,,,137.0,0.0486,0.1079,2097.0,-0.0477,0.0122,328644.0,0.0086,0.1034,84,0.2824,0.0244,,,,0.0
201903,53063,"spokane, wa",344269.0,0.0126,0.0826,718,0.0497,-0.0699,37.0,-0.1494,-0.0513,724,0.3558,-0.181,136,-0.2842,-0.5854,0.0548,-0.0347,-0.0551,272.0,-0.0993,-0.236,0.1096,-0.032,-0.0097,1042.0,0.1241,-0.1853,147.0,0.0129,0.1235,2385.0,0.0037,0.002,430283.0,0.0113,0.1179,1758,0.0964,-0.1399,1.4513,0.096,-0.2055,0.0
201903,53033,"king, wa",735286.0,0.0114,-0.0052,3339,0.1047,1.0347,32.0,-0.1688,1.0,3320,0.6387,0.1773,144,-0.2577,-0.8594,0.0169,-0.0118,-0.135,1040.0,0.104,1.2034,0.1219,-0.0222,0.0508,1880.0,0.5278,-0.0562,394.0,0.0144,0.0641,2061.0,-0.0069,-0.0676,1096579.0,-0.0071,-0.0736,5214,0.2332,0.418,0.563,0.1559,-0.6509,0.0
201903,53025,"grant, wa",263996.0,0.0555,0.0786,203,0.005,0.0973,73.0,-0.1728,-0.0267,120,0.25,-0.1429,0,-1.0,-1.0,0.0,-0.0243,-0.0419,44.0,0.2941,-0.0833,0.1014,0.011,-0.0127,111.0,0.2686,0.0777,144.0,0.0245,0.0969,1796.0,0.0042,-0.0496,346891.0,0.0448,0.1091,314,0.0753,0.1377,0.5468,0.1136,-0.01,0.0
201903,53019,"ferry, wa",188064.0,0.0747,0.2538,38,-0.0256,-0.3448,147.0,0.071,-0.2139,12,5.0,0.5,0,,,0.0,0.0,0.0,0.0,,-1.0,0.0,0.0,-0.0556,10.0,0.25,0.6667,134.0,-0.0105,0.3102,1451.0,0.0605,-0.2444,319035.0,0.0524,0.3573,47,0.0217,-0.2656,0.2632,0.058,0.1597,0.0
201903,53009,"clallam, wa",399396.0,0.0374,0.1444,221,0.0574,0.2849,92.0,-0.1521,0.8039,108,0.6875,0.0,0,,-1.0,0.0,0.0,-0.0179,44.0,0.5714,0.2222,0.0965,0.0235,0.0124,113.0,0.1357,-0.2042,209.0,0.0069,0.1118,1973.0,0.0051,0.026,463944.0,0.0228,0.1181,331,0.0906,0.0541,0.5113,0.0352,-0.3143,0.0
201903,53047,"okanogan, wa",319000.0,-0.0016,0.1393,153,0.0338,-0.0377,151.0,-0.1246,-0.0066,48,1.0,0.0,0,,-1.0,0.0,0.0,-0.0182,8.0,-0.2,-0.7143,0.0369,-0.018,-0.0946,16.0,0.5238,-0.2727,159.0,0.0021,-0.0106,1737.0,-0.0251,0.1486,386759.0,-0.0518,0.0036,169,0.0662,-0.0663,0.1046,0.0336,-0.0338,0.0
201903,53073,"whatcom, wa",425671.0,-0.0043,0.0016,526,0.0478,0.1689,54.0,-0.1563,0.1613,404,0.2393,-0.0734,8,-0.3333,-0.8462,0.0071,-0.0066,-0.0403,92.0,-0.2203,-0.3784,0.0817,-0.0398,-0.0562,196.0,0.4848,0.0595,235.0,0.0051,0.0507,1864.0,-0.0191,-0.0136,563976.0,-0.0084,0.1277,722,0.1397,0.1125,0.3726,0.1097,-0.0385,0.0
201903,53031,"jefferson, wa",478086.0,0.0034,0.1157,105,-0.0583,-0.1667,76.0,-0.0225,0.2991,64,0.3333,-0.1111,4,,-0.5,0.0191,0.0191,-0.0064,24.0,1.0,0.0,0.1148,0.0524,0.0126,40.0,0.5094,-0.1837,244.0,-0.0168,0.0411,1782.0,-0.0321,-0.0101,567493.0,-0.0318,0.0437,145,0.0584,-0.1761,0.381,0.1433,-0.0079,0.0
201903,53013,"columbia, wa",217800.0,0.1779,0.4291,27,0.0189,0.0,122.0,0.0893,0.1961,4,,0.0,0,,,0.0,0.0,0.0,8.0,1.0,,0.2105,0.1023,0.2105,6.0,0.0,,99.0,0.0384,-0.0506,2171.0,-0.0028,0.28,252262.0,-0.0031,0.2006,34,0.0462,0.2593,0.2222,-0.0042,,0.0
201903,53059,"skamania, wa",466571.0,0.0568,-0.2158,32,0.0667,0.6,79.0,-0.2512,-0.373,20,0.6667,4.0,4,,,0.0755,0.0755,0.0755,4.0,1.0,0.0,0.0769,0.0334,-0.0712,,,,191.0,0.075,-0.0102,2535.0,-0.0181,-0.1432,635281.0,0.2407,-0.0692,33,0.1,0.5714,,,,1.0
201903,53071,"walla walla, wa",360429.0,0.0681,0.109,135,-0.0426,-0.0816,96.0,0.0378,0.6696,44,0.2941,-0.5217,0,,,0.0,0.0,0.0,28.0,0.0769,0.0,0.1065,0.0072,-0.0171,85.0,0.0429,84.0,160.0,0.0173,0.09,2269.0,0.0505,0.0408,404752.0,0.0303,0.0869,219,-0.0157,0.4898,0.6296,0.0516,0.6228,0.0
201903,53027,"grays harbor, wa",236386.0,0.025,0.0794,283,0.0328,-0.0439,74.0,-0.2563,0.48,140,0.0606,-0.3,12,0.2,-0.25,0.023,0.002,-0.0045,52.0,-0.2121,-0.2778,0.0998,-0.0311,-0.0208,99.0,0.1716,0.1124,156.0,0.0383,0.0249,1511.0,0.0022,-0.0008,273092.0,0.0299,0.0604,381,0.0628,-0.0078,0.3498,0.0414,0.0491,0.0
201903,53061,"snohomish, wa",538929.0,0.0169,0.0887,1129,0.0153,0.8848,34.0,-0.299,0.7,1312,0.5508,0.1469,124,-0.0746,-0.7304,0.0374,-0.017,-0.124,364.0,-0.0319,0.6545,0.1098,-0.0346,0.0273,874.0,0.354,-0.0896,263.0,0.0185,0.0454,2128.0,0.0045,0.0611,630141.0,0.029,0.0641,2003,0.1397,0.2574,0.7741,0.1937,-0.8285,0.0
201903,53023,"garfield, wa",165614.0,-0.0252,0.2268,13,-0.1034,0.1818,80.0,-0.1795,-0.1209,4,,,0,,,0.0,0.0,0.0,0.0,-1.0,,0.0,-0.2762,0.0,,,,75.0,0.0294,-0.0184,2186.0,0.0408,0.081,178189.0,-0.0152,-0.0296,13,-0.1034,0.1818,,,,0.0
201903,53035,"kitsap, wa",467601.0,0.0508,0.1693,383,-0.0026,0.1969,50.0,-0.2188,0.5152,400,0.3333,-0.0909,36,0.125,-0.64,0.0306,-0.0021,-0.0595,100.0,-0.1379,-0.1667,0.0849,-0.0325,-0.0301,395.0,0.2783,0.4312,211.0,0.0239,0.0618,2206.0,0.0293,0.0741,589697.0,0.0637,0.1272,778,0.1251,0.301,1.0313,0.2266,0.1688,0.0
201903,53051,"pend oreille, wa",275693.0,0.0404,-0.0807,54,0.0693,-0.069,76.0,-0.1508,-0.1958,20,0.6667,0.25,0,-1.0,,0.0,-0.0206,0.0,4.0,-0.5,-0.5,0.0417,-0.0625,-0.0444,17.0,0.0625,-0.1053,187.0,0.0707,0.2457,1702.0,0.0,-0.1494,476915.0,0.0056,0.182,70,0.0769,-0.0909,0.3148,-0.002,-0.0128,0.0
201903,53043,"lincoln, wa",271786.0,0.0721,0.8119,34,0.0794,0.2143,70.0,-0.3204,-0.3636,24,1.4,1.0,4,1.0,,0.0563,0.0213,0.0563,4.0,0.0,0.0,0.0563,-0.022,-0.0206,14.0,-0.2,-0.3333,127.0,0.2252,0.707,2179.0,-0.0201,0.2227,297800.0,0.0599,0.4042,47,-0.0208,-0.06,0.4118,-0.1438,-0.3382,1.0
201903,53041,"lewis, wa",314171.0,-0.0026,0.1856,203,0.0175,0.1154,72.0,-0.1479,0.2203,140,0.1475,-0.1463,4,1.0,-0.75,0.0095,0.0048,-0.0276,44.0,-0.2903,-0.2143,0.1043,-0.0759,-0.0382,78.0,0.0833,-0.0127,168.0,0.0062,0.1565,1851.0,-0.015,-0.0126,359424.0,-0.0329,0.077,281,0.02,0.0684,0.3842,0.0233,-0.0498,0.0
201903,53017,"douglas, wa",366279.0,0.0149,0.0586,83,-0.0235,-0.117,64.0,-0.2809,-0.2195,52,0.625,-0.0714,0,,-1.0,0.0,0.0,-0.0719,8.0,-0.6364,-0.3333,0.0576,-0.0829,-0.013,33.0,0.32,0.7368,197.0,0.0393,0.0686,1975.0,-0.0054,-0.0219,486352.0,0.0484,0.2264,114,0.0411,0.0088,0.3976,0.1035,0.1955,0.0
201903,53075,"whitman, wa",292100.0,0.0488,0.1568,95,-0.0821,-0.3709,42.0,0.012,0.3333,44,-0.0435,-0.3889,4,1.0,0.0,0.023,0.0131,0.0044,24.0,0.7143,0.2,0.1326,0.0506,0.0433,34.0,1.8333,4.6667,137.0,0.0265,0.0362,2120.0,0.0749,0.1136,311289.0,0.0504,0.1899,130,0.1017,-0.1772,0.3579,0.242,0.3182,0.0
201903,53069,"wahkiakum, wa",339243.0,-0.0021,0.2159,21,0.1053,-0.125,102.0,-0.2595,-0.1673,8,-0.3333,1.0,0,,,0.0,0.0,0.0,8.0,1.0,1.0,0.2222,0.0843,0.0889,7.0,0.1667,0.1667,173.0,0.0392,0.112,2312.0,-0.0097,0.4239,430246.0,-0.032,0.4238,28,0.1429,-0.0667,0.3333,0.0175,0.0833,1.0
201903,53021,"franklin, wa",311250.0,0.0346,0.0208,173,-0.1878,-0.2136,56.0,0.0,0.697,92,0.1795,0.0,4,-0.5,-0.8889,0.0127,-0.0133,-0.092,24.0,-0.25,0.5,0.0764,-0.0275,0.031,50.0,5.6667,15.6667,159.0,0.0093,0.0401,2049.0,0.0173,-0.0337,346547.0,0.0378,-0.0002,222,0.0045,0.0045,0.289,0.2538,0.2754,0.0
201903,53045,"mason, wa",315136.0,0.0299,0.2146,164,-0.0602,-0.1038,66.0,-0.1646,0.5172,108,0.2273,-0.3721,0,-1.0,-1.0,0.0,-0.0103,-0.0426,40.0,-0.0909,-0.0909,0.1026,-0.016,-0.0208,119.0,0.161,0.2268,179.0,0.0474,0.0938,1779.0,-0.0032,0.0941,404239.0,0.0568,0.2159,282,0.0199,0.0,0.7256,0.1382,0.1956,0.0
201903,53015,"cowlitz, wa",320386.0,0.0107,0.0717,220,-0.0476,0.236,58.0,-0.2318,0.1959,156,0.0541,-0.1522,8,0.0,-0.6,0.0185,-0.0004,-0.0262,52.0,-0.2121,-0.1333,0.1201,-0.0357,-0.0215,58.0,0.1154,-0.1077,170.0,0.0095,0.1171,1864.0,0.0011,-0.0898,417262.0,0.0089,-0.0725,277,-0.0177,0.1399,0.2636,0.0385,-0.1015,0.0
201903,53053,"pierce, wa",441429.0,0.0101,0.0387,1187,-0.0549,0.1114,32.0,-0.2099,0.0667,1432,0.2034,-0.2062,184,-0.0612,-0.5929,0.0492,-0.012,-0.0632,332.0,-0.0778,-0.1531,0.0887,-0.0176,-0.0107,1123.0,0.1909,0.0788,204.0,0.0111,0.0825,2239.0,0.0002,-0.0021,522407.0,0.0258,0.0111,2310,0.0543,0.0886,0.9461,0.1953,-0.0286,0.0
201903,53039,"klickitat, wa",447857.0,0.0179,0.06,54,0.0385,-0.0526,106.0,-0.0681,0.0495,28,1.3333,0.1667,0,,,0.0,0.0,0.0,4.0,1.0,0.0,0.0482,0.0179,-0.0059,,,,214.0,0.0791,0.1394,2250.0,0.0051,-0.0011,581795.0,0.0274,0.0209,55,0.0,-0.0678,,,,0.0
201902,53059,"skamania, wa",441500.0,-0.0656,-0.0897,30,0.0345,0.0,106.0,-0.2214,0.099,12,0.0,0.5,0,,,0.0,0.0,0.0,2.0,,-0.5,0.0435,0.0435,-0.0899,0.0,-1.0,-1.0,177.0,-0.0827,-0.1074,2582.0,0.0429,-0.084,512034.0,-0.0326,-0.1704,30,0.0,-0.0625,0.0,-0.0345,-0.0667,0.0
201902,53057,"skagit, wa",484963.0,0.1035,0.1521,277,-0.0948,0.0674,87.0,-0.0253,0.1122,136,-0.0286,-0.3874,8,-0.5,-0.7333,0.0151,-0.0167,-0.0339,58.0,-0.4423,-0.2564,0.122,-0.0764,-0.0041,85.0,-0.0117,-0.1378,233.0,0.0176,0.116,2126.0,0.0253,0.0095,660487.0,0.0404,0.0388,362,-0.0695,-0.0041,0.3051,0.0256,-0.0726,0.0
201902,53073,"whatcom, wa",427500.0,0.0302,-0.001,502,-0.003,0.1396,64.0,-0.1111,-0.1409,326,0.3583,-0.0944,12,-0.4,-0.7,0.0137,-0.0088,-0.0272,118.0,-0.1061,0.0172,0.1215,-0.0274,-0.002,132.0,-0.0865,-0.2303,234.0,-0.002,0.0687,1901.0,0.0442,-0.0146,568775.0,0.0165,0.1493,634,-0.0201,0.0445,0.2629,-0.024,-0.1264,0.0
201902,53065,"stevens, wa",273500.0,-0.0055,0.1837,163,-0.0712,-0.1398,130.0,0.07,0.04,22,-0.3529,-0.5417,2,0.0,0.0,0.0088,0.0002,0.0018,24.0,0.3333,-0.2,0.1069,0.0299,0.0025,48.0,0.4615,-0.0206,134.0,-0.0155,0.0503,2204.0,0.0175,0.0592,398277.0,0.0123,0.1641,210,0.0072,-0.1009,0.2914,0.1062,0.0355,0.0
201902,53003,"asotin, wa",279900.0,0.1311,0.0282,65,-0.0152,-0.037,75.0,-0.1018,-0.2574,22,0.0,0.2222,0,,,0.0,0.0,0.0,8.0,0.3333,-0.2,0.0936,0.0191,-0.033,1.0,0.0,-0.5,130.0,0.0725,0.0089,2203.0,0.0099,0.0925,325857.0,-0.0074,0.0627,66,-0.0224,-0.0296,0.0154,0.0002,-0.0142,0.0
201902,53075,"whitman, wa",278500.0,0.0118,0.1587,104,0.1695,-0.0921,42.0,-0.4071,0.3607,46,0.2105,-0.4889,2,,,0.0099,0.0099,0.0099,14.0,0.75,0.4,0.082,0.0117,0.0392,12.0,1.4,1.6667,134.0,-0.0073,0.076,1972.0,0.0379,-0.0385,296354.0,0.0423,0.1874,118,0.262,-0.0042,0.1159,0.0594,0.0765,0.0
201902,53045,"mason, wa",306000.0,0.0408,0.256,175,-0.1275,-0.0251,79.0,-0.0247,-0.0706,88,-0.12,-0.3529,4,0.0,-0.5,0.0103,-0.0004,-0.0105,44.0,-0.2143,-0.0435,0.1186,-0.0312,-0.0021,103.0,0.3758,0.4336,171.0,0.0236,0.0884,1785.0,0.0015,0.117,382504.0,0.0226,0.2442,277,0.0036,0.1194,0.5874,0.2149,0.188,0.0
201902,53069,"wahkiakum, wa",339950.0,0.0566,0.2976,19,-0.0952,-0.24,138.0,0.0846,0.0998,12,,2.0,0,,,0.0,0.0,0.0,4.0,0.0,1.0,0.1379,-0.0299,0.0754,6.0,1.4,1.0,166.0,0.0123,0.0622,2335.0,0.0638,0.3841,444484.0,0.0704,0.5219,25,0.0426,-0.125,0.3158,0.1967,0.1958,1.0
201902,53041,"lewis, wa",315000.0,-0.0195,0.2582,200,-0.0025,0.0127,85.0,-0.0689,0.006,122,0.0702,0.1296,2,-0.5,-0.8333,0.0047,-0.006,-0.0291,62.0,0.069,0.0333,0.1802,0.0306,0.021,72.0,-0.0069,0.036,167.0,0.0259,0.1485,1880.0,-0.0034,0.0589,371656.0,-0.0216,0.1358,276,0.0036,0.0357,0.3609,-0.0016,0.0081,0.0
201902,53033,"king, wa",727000.0,0.0461,0.0168,3023,0.0055,1.2102,39.0,-0.4167,1.0263,2026,-0.0297,-0.1106,194,-0.0396,-0.6511,0.0286,-0.0035,-0.0794,942.0,-0.2512,1.0658,0.1441,-0.0682,0.0604,1231.0,0.0024,-0.2995,389.0,0.0311,0.0729,2075.0,0.0323,-0.0416,1104416.0,0.04,-0.08,4228,0.0002,0.3262,0.4071,-0.0012,-0.8773,1.0
201902,53009,"clallam, wa",385000.0,-0.0109,0.1952,209,-0.0913,-0.2216,109.0,0.0769,0.4183,64,-0.0588,-0.3725,0,,,0.0,0.0,0.0,28.0,-0.1765,-0.3,0.073,-0.013,-0.0327,100.0,0.2134,4.8529,207.0,0.0376,0.1678,1963.0,-0.0056,0.0851,453587.0,0.03,0.228,304,-0.0426,0.0743,0.4761,0.1196,0.4128,0.0
201902,53017,"douglas, wa",360900.0,0.0255,0.0175,85,-0.0909,-0.15,89.0,-0.0729,0.1195,32,0.0667,-0.2,0,,-1.0,0.0,0.0,-0.0267,22.0,0.1,0.5714,0.1404,0.0028,0.05,25.0,-0.0196,1.0833,190.0,0.0072,0.0316,1986.0,0.0304,-0.0191,463903.0,0.0627,0.1405,110,-0.072,-0.0179,0.2941,0.0214,0.1741,0.0
201902,53015,"cowlitz, wa",317000.0,-0.0224,0.0462,231,-0.1397,0.2222,76.0,-0.1703,0.0414,148,0.2759,-0.075,8,-0.3333,-0.7143,0.0189,-0.0089,-0.0428,66.0,0.0,0.1786,0.1558,0.0007,0.0242,52.0,0.2235,-0.3418,168.0,0.0159,0.0943,1862.0,-0.0037,-0.0979,413596.0,0.0217,-0.1016,282,-0.0932,0.0425,0.2251,0.0668,-0.1929,0.0
201902,53023,"garfield, wa",169900.0,0.0303,0.431,15,-0.0938,0.45,98.0,0.1239,0.0156,0,-1.0,-1.0,0,,,0.0,0.0,0.0,4.0,0.0,,0.2762,0.0262,0.2762,,,,73.0,-0.0352,0.0232,2100.0,0.0061,0.0915,180938.0,-0.0106,0.066,15,-0.0938,0.45,,,,1.0
201902,53035,"kitsap, wa",444995.0,0.0698,0.0993,384,-0.06,0.1725,64.0,-0.0483,0.7297,300,0.0,-0.3802,32,-0.6,-0.5556,0.0326,-0.0472,-0.0386,116.0,-0.1471,0.0,0.1174,-0.0225,0.0011,309.0,0.0804,0.1954,206.0,0.0113,0.0674,2143.0,0.0212,0.0039,554403.0,0.0629,0.0511,692,-0.0036,0.1671,0.8047,0.1046,0.0154,0.0
201902,53025,"grant, wa",250105.0,0.0417,0.0478,202,0.0412,-0.0098,88.0,-0.0831,-0.1041,96,0.5484,-0.1111,10,-0.4444,0.25,0.0243,-0.0285,0.0025,34.0,-0.0556,-0.0556,0.0904,-0.0155,-0.0073,88.0,-0.0223,0.3359,140.0,0.0443,0.068,1789.0,-0.0065,-0.0193,332006.0,0.0435,0.0839,292,0.03,0.0916,0.4332,-0.0282,0.1121,0.0
201902,53037,"kittitas, wa",428750.0,0.063,0.1079,108,-0.1365,0.4626,93.0,-0.1012,0.1767,52,0.625,-0.1875,2,-0.5,0.0,0.0096,-0.0098,-0.0015,26.0,0.1818,0.1818,0.1267,0.0213,0.0042,46.0,0.2778,0.0952,228.0,0.0871,-0.0312,2119.0,0.0017,0.0832,822593.0,0.0868,0.5833,152,-0.0349,0.316,0.4279,0.1388,-0.1435,0.0
201902,53055,"san juan, wa",795000.0,0.0,0.0461,143,-0.0206,-0.0806,174.0,0.0295,-0.0817,26,0.3,-0.4348,0,,-1.0,0.0,0.0,-0.0184,10.0,-0.4444,0.0,0.0549,-0.0419,0.0047,15.0,0.0,0.0714,412.0,-0.0108,0.0481,1978.0,-0.0115,-0.0636,1332227.0,-0.0182,-0.037,158,-0.0187,-0.0708,0.1053,0.0022,0.0149,0.0
201902,53067,"thurston, wa",390858.0,0.0088,0.0791,446,-0.0973,0.1992,62.0,-0.0502,0.6078,374,0.1835,-0.1798,38,-0.2083,-0.5957,0.035,-0.0113,-0.0435,120.0,-0.2857,-0.0164,0.1024,-0.0565,-0.0072,310.0,0.1506,-0.159,186.0,0.0101,0.1019,2166.0,0.0062,0.0131,469921.0,0.0193,0.1507,755,-0.0053,0.0107,0.6947,0.1496,-0.2959,0.0
201902,53043,"lincoln, wa",253500.0,0.015,0.8208,32,0.0,-0.1818,103.0,0.1046,-0.0507,10,0.6667,0.25,2,,,0.0351,0.0351,0.0351,4.0,-0.3333,-0.3333,0.0783,-0.0229,-0.0035,18.0,-0.0278,-0.0541,104.0,-0.1391,0.3628,2224.0,-0.0085,0.3184,280981.0,0.0017,0.3611,48,-0.0495,-0.1429,0.5556,-0.0159,0.075,1.0
201902,53021,"franklin, wa",300850.0,0.0031,0.0349,213,-0.0759,-0.0229,56.0,0.0821,0.0874,78,-0.0488,-0.22,8,0.3333,-0.5556,0.026,0.0089,-0.0298,32.0,-0.2,0.7778,0.1039,-0.0236,0.0481,8.0,1.5,2.0,157.0,-0.0032,0.0471,2014.0,-0.0011,-0.0254,333936.0,-0.0002,0.0013,221,-0.0515,0.0068,0.0352,0.0222,0.0237,0.0
201902,53049,"pacific, wa",258691.0,-0.0017,0.0389,159,0.0063,0.0461,115.0,0.0748,0.0575,54,1.7,0.2857,0,,,0.0,0.0,0.0,26.0,0.1818,0.1818,0.1106,0.0003,0.0026,16.0,0.1923,0.55,171.0,0.0412,0.1263,1537.0,-0.0238,-0.0195,351458.0,-0.0113,0.1327,175,0.0175,0.0805,0.0975,0.0152,0.0317,0.0
201902,53047,"okanogan, wa",319500.0,0.0804,0.1487,148,-0.1243,0.0034,173.0,0.0748,0.1405,24,-0.2,-0.4,0,,,0.0,0.0,0.0,10.0,-0.4444,-0.375,0.0548,-0.0258,-0.0266,11.0,-0.4,-0.3,159.0,-0.1022,0.0182,1782.0,0.051,0.1991,407885.0,0.0101,0.0601,159,-0.1547,-0.0276,0.0709,-0.0326,-0.0307,0.0
201902,53077,"yakima, wa",298450.0,0.0295,0.1021,296,-0.0295,0.0368,66.0,-0.1349,-0.1262,136,0.0794,-0.236,6,0.0,2.0,0.0103,-0.0008,0.0068,50.0,-0.0741,0.5625,0.0849,-0.0083,0.0322,164.0,0.2066,-0.0917,156.0,0.0136,0.1272,1990.0,0.0229,0.0043,366937.0,0.0268,0.0503,452,0.0439,-0.03,0.5524,0.1081,-0.0781,0.0
201902,53005,"benton, wa",329700.0,-0.0149,-0.0185,612,-0.0643,0.0107,64.0,-0.0448,0.2929,192,0.0213,-0.2615,22,0.1,-0.0833,0.0247,0.0013,-0.0044,56.0,-0.5333,-0.2821,0.0662,-0.0737,-0.0283,44.0,1.6364,6.25,163.0,0.0071,0.0962,2087.0,-0.0139,-0.0557,360869.0,0.0016,0.0369,654,-0.0232,0.0765,0.0711,0.0459,0.0612,0.0
201902,53031,"jefferson, wa",476450.0,-0.0046,0.1596,112,0.0045,-0.1323,78.0,-0.0906,-0.389,48,0.3333,-0.2,0,-1.0,-1.0,0.0,-0.0334,-0.0185,12.0,-0.25,-0.25,0.0624,-0.0376,-0.0086,27.0,0.359,-0.2639,248.0,0.0232,0.0577,1841.0,-0.0421,0.034,586123.0,0.0294,0.0936,137,0.0379,-0.1722,0.2377,0.062,-0.0425,0.0
201902,53029,"island, wa",421975.0,0.0485,0.04,273,-0.0856,0.2854,79.0,0.0129,0.068,158,0.1127,-0.2818,8,-0.3333,-0.6364,0.0159,-0.0077,-0.0257,64.0,-0.36,0.1429,0.1211,-0.0929,0.0139,67.0,0.2202,-0.2926,233.0,0.013,0.1051,1808.0,0.0053,-0.0941,576757.0,0.0022,-0.0329,335,-0.0523,0.0984,0.244,0.0612,-0.1994,0.0
201902,53053,"pierce, wa",437000.0,0.0407,0.0602,1256,-0.0889,0.1711,41.0,-0.3361,0.125,1190,-0.0034,-0.2263,196,-0.1091,-0.3797,0.0612,-0.0025,-0.0286,360.0,-0.3684,-0.1388,0.1063,-0.0668,-0.0123,943.0,0.0908,-0.0187,202.0,0.0051,0.0982,2239.0,0.014,-0.0225,509264.0,0.0239,0.0179,2191,-0.0199,0.0801,0.7508,0.1237,-0.1452,0.0
201902,53063,"spokane, wa",340000.0,-0.0036,0.0711,684,-0.1,-0.1314,44.0,-0.2162,0.0545,534,0.0723,-0.1551,190,0.25,-0.0404,0.0895,0.0106,0.0115,302.0,-0.0131,-0.1371,0.1416,-0.004,0.0028,927.0,0.1544,-0.1622,145.0,0.0229,0.1317,2376.0,-0.0039,0.011,425465.0,0.0187,0.1153,1604,0.0279,-0.1496,1.3553,0.2987,-0.0498,0.0
201902,53013,"columbia, wa",184900.0,-0.0946,0.2335,27,-0.0364,-0.209,112.0,0.3023,0.1852,0,-1.0,-1.0,0,,,0.0,0.0,0.0,4.0,0.0,1.0,0.1082,0.0054,0.0606,6.0,0.0909,,95.0,-0.1446,-0.083,2177.0,0.0929,0.2798,253052.0,-0.0426,0.262,33,-0.0152,-0.0299,0.2264,0.0264,,1.0
201902,53001,"adams, wa",163725.0,-0.0509,0.0512,36,0.0597,0.6512,74.0,-0.3033,-0.3163,8,-0.3333,1.0,0,,,0.0,0.0,0.0,6.0,0.5,2.0,0.0992,0.0307,0.0538,17.0,0.0313,0.5,104.0,-0.0147,-0.0186,1718.0,-0.0445,-0.1306,219188.0,-0.0345,0.215,52,0.051,0.6349,0.4648,-0.0128,-0.0468,1.0
201902,53027,"grays harbor, wa",230625.0,0.0097,0.0549,274,0.0111,-0.0318,100.0,-0.0221,0.2839,132,0.3469,-0.0959,10,0.0,-0.1667,0.0211,-0.0012,-0.0023,66.0,0.2222,0.375,0.1309,0.0084,0.0371,85.0,0.1046,0.0974,150.0,-0.0022,0.0139,1508.0,0.0111,-0.0063,265159.0,0.0158,0.0264,359,0.0346,0.0,0.3084,0.0261,0.0363,0.0
201902,53007,"chelan, wa",402900.0,-0.0019,-0.0536,285,-0.0104,0.3134,108.0,0.0941,-0.0271,86,-0.0652,0.0488,2,0.0,0.0,0.0049,0.0003,-0.0008,28.0,0.0769,0.2727,0.0699,0.0036,0.0028,40.0,0.6667,0.4286,242.0,0.0043,0.1688,1800.0,-0.0456,-0.0973,550817.0,-0.0109,-0.0021,325,0.0433,0.3211,0.1404,0.057,0.0113,0.0
201902,53039,"klickitat, wa",440000.0,-0.0112,0.1,52,0.04,-0.0459,114.0,0.0557,0.1911,12,-0.3333,-0.4545,0,,,0.0,0.0,0.0,2.0,-0.5,-0.5,0.0303,-0.0313,-0.0223,3.0,0.0,0.2,198.0,0.0538,0.125,2239.0,-0.0151,-0.0269,566257.0,0.0126,-0.0166,55,0.0377,-0.0351,0.0577,-0.0023,0.0118,0.0
201902,53061,"snohomish, wa",529987.0,0.0372,0.0851,1112,-0.052,1.0422,49.0,-0.1491,1.4872,846,-0.0579,-0.1455,134,0.0469,-0.5074,0.0544,0.0068,-0.064,376.0,-0.3262,1.186,0.1444,-0.075,0.0735,646.0,0.0669,-0.2199,258.0,0.0137,0.0424,2119.0,0.02,0.0473,612353.0,0.0346,0.0501,1758,-0.0137,0.2403,0.5805,0.0647,-0.9393,1.0
201902,53051,"pend oreille, wa",265000.0,-0.0568,0.0196,51,-0.0194,-0.1789,90.0,-0.3333,-0.1557,12,0.0,0.0,2,0.0,,0.0206,-0.0054,0.0206,8.0,0.3333,1.0,0.1042,0.0263,0.0584,16.0,0.0323,-0.0588,175.0,0.0421,0.1045,1702.0,-0.0356,-0.0235,474281.0,0.0027,0.1941,65,0.0,-0.1558,0.3168,0.0159,0.0404,0.0
201902,53071,"walla walla, wa",337450.0,0.0074,0.0578,141,-0.1048,0.0144,93.0,0.1526,0.0602,34,-0.3462,-0.4333,0,,,0.0,0.0,0.0,26.0,-0.381,-0.0714,0.0993,-0.0477,-0.0323,82.0,0.2937,80.5,157.0,0.0362,0.1345,2160.0,0.0005,0.0276,392859.0,0.0436,0.0481,223,0.0023,0.595,0.578,0.178,0.5708,0.0
201902,53019,"ferry, wa",175000.0,-0.0138,0.1968,39,0.0263,-0.339,137.0,0.1181,-0.252,2,-0.5,-0.6667,0,,,0.0,0.0,0.0,0.0,-1.0,-1.0,0.0,-0.0727,-0.0514,8.0,-0.1579,-0.0588,135.0,0.0165,0.2883,1368.0,-0.0158,-0.1253,303161.0,-0.0546,0.3632,46,-0.0108,-0.3185,0.2051,-0.0449,0.0611,0.0
201902,53011,"clark, wa",450000.0,0.0001,-0.02,1440,-0.0191,0.4863,54.0,-0.2411,0.3718,676,0.0181,-0.0815,76,-0.3091,-0.1163,0.0353,-0.0135,-0.012,316.0,-0.1939,0.1791,0.1379,-0.04,-0.0152,68.0,0.0,0.5882,203.0,0.0069,0.0573,2227.0,-0.0143,-0.0789,539295.0,0.0189,-0.0592,1504,-0.0218,0.4886,0.0469,0.0009,0.003,0.0
201901,53041,"lewis, wa",321250.0,0.0202,0.285,200,-0.1837,-0.0971,91.0,0.074,0.0371,114,0.14,0.1176,4,-0.5,1.0,0.0107,-0.0078,0.006,58.0,-0.0938,-0.0333,0.1496,0.0021,-0.0121,73.0,-0.1369,0.0902,162.0,0.0103,0.1127,1886.0,0.0043,0.0584,379863.0,0.0311,0.1721,275,-0.1682,-0.0452,0.3625,0.0196,0.0623,0.0
201901,53027,"grays harbor, wa",228400.0,0.0095,0.0749,271,-0.1584,-0.0623,102.0,0.2409,0.097,98,0.1136,-0.2687,10,-0.375,0.25,0.0222,-0.0061,0.0055,54.0,-0.2895,-0.2286,0.1225,-0.0307,-0.0185,77.0,-0.2273,0.1007,151.0,0.0032,0.0299,1491.0,-0.006,-0.0126,261024.0,0.0028,0.0436,347,-0.1671,-0.0335,0.2823,-0.0252,0.0418,0.0
201901,53019,"ferry, wa",177450.0,-0.2025,0.1832,38,-0.1364,-0.3214,123.0,-0.0296,-0.2572,4,0.0,1.0,0,,,0.0,0.0,0.0,4.0,,0.0,0.0727,0.0727,0.0116,10.0,0.1875,0.2667,133.0,-0.0428,0.1943,1390.0,-0.1488,-0.109,320679.0,-0.0906,0.4138,47,-0.0882,-0.2677,0.25,0.0682,0.1161,1.0
201901,53049,"pacific, wa",259141.0,0.0053,0.0551,158,-0.1271,0.0161,107.0,0.0918,-0.0776,20,-0.2857,-0.2308,0,-1.0,,0.0,-0.0169,0.0,22.0,-0.0833,0.2222,0.1103,0.006,0.012,13.0,-0.0714,0.2381,164.0,-0.0249,0.0825,1575.0,0.0083,-0.0079,355458.0,0.0229,0.1583,172,-0.116,0.0331,0.0823,0.0049,0.0148,0.0
201901,53011,"clark, wa",449950.0,0.001,-0.0012,1468,-0.1079,0.4338,71.0,0.0846,0.0763,664,0.395,0.0506,110,0.5278,0.6667,0.0489,0.0181,0.0093,392.0,0.0769,0.6471,0.1779,0.0107,0.0333,68.0,0.1638,0.6463,202.0,0.0115,0.0551,2259.0,-0.0017,-0.0578,529303.0,0.0026,-0.06,1537,-0.0964,0.4466,0.046,0.0107,0.0059,0.0
201901,53023,"garfield, wa",164900.0,0.0,0.2502,16,0.0667,0.4545,87.0,0.1644,-0.2695,4,,0.0,0,,,0.0,0.0,0.0,4.0,0.0,,0.25,-0.0167,0.25,,,,76.0,-0.0081,0.1024,2087.0,-0.0465,-0.0061,182881.0,-0.012,0.0614,16,0.0667,0.4545,,,,0.0
201901,53075,"whitman, wa",275250.0,0.1235,0.1559,89,-0.0781,0.0172,70.0,-0.0278,-0.2708,38,0.9,0.5833,0,,-1.0,0.0,0.0,-0.0138,8.0,-0.3333,0.3333,0.0703,-0.034,0.0229,5.0,0.0,0.0,135.0,0.0834,0.1775,1900.0,0.015,-0.0978,284320.0,0.105,0.1723,94,-0.0743,0.0331,0.0565,0.0044,-0.001,0.0
201901,53037,"kittitas, wa",403337.0,0.0109,0.051,125,-0.207,0.431,104.0,0.1277,0.1823,32,-0.2,-0.2,4,,0.0,0.0194,0.0194,-0.0033,22.0,0.1,0.5714,0.1054,0.0049,0.0242,36.0,-0.2653,-0.0526,210.0,0.0173,-0.0414,2116.0,0.0045,0.1149,756908.0,0.0693,0.4757,158,-0.2391,0.2651,0.2892,-0.0229,-0.1476,0.0
201901,53059,"skamania, wa",472500.0,-0.0734,-0.0318,29,-0.0333,-0.1077,136.0,0.1681,0.2374,12,2.0,1.0,0,,,0.0,0.0,0.0,0.0,,-1.0,0.0,0.0,-0.0957,1.0,0.0,0.0,193.0,0.0381,-0.082,2476.0,-0.0226,-0.0254,529299.0,-0.1671,-0.0841,30,-0.0625,-0.0909,0.0345,0.0011,0.0037,1.0
201901,53039,"klickitat, wa",445000.0,0.0,0.1237,50,-0.2308,-0.0654,108.0,0.2676,-0.0791,18,1.25,0.125,0,,,0.0,0.0,0.0,4.0,0.0,0.0,0.0616,0.0203,0.0128,3.0,0.0,-0.4,188.0,-0.0513,0.0569,2273.0,0.013,-0.0414,559228.0,0.0138,-0.0691,53,-0.209,-0.094,0.06,0.0138,-0.0335,0.0
201901,53017,"douglas, wa",351925.0,-0.0059,0.0058,94,-0.2208,-0.0788,96.0,0.0,0.0909,30,0.25,-0.1667,0,-1.0,-1.0,0.0,-0.0252,-0.0128,20.0,-0.375,0.1111,0.1376,-0.0599,0.0308,26.0,0.02,0.275,189.0,-0.0012,0.0203,1928.0,0.0352,-0.0524,436536.0,0.0187,0.0945,118,-0.169,-0.0167,0.2727,0.0644,0.0757,0.0
201901,53073,"whatcom, wa",414950.0,0.0001,-0.0188,504,-0.1274,0.103,72.0,0.0141,-0.1056,240,-0.0476,-0.1724,20,0.0,-0.375,0.0226,0.0017,-0.0145,132.0,0.0313,0.1579,0.1489,0.009,0.0283,145.0,0.2143,-0.0767,234.0,-0.0012,0.0607,1820.0,-0.0146,-0.0459,559550.0,0.0089,0.0803,647,-0.0804,0.0607,0.287,0.0808,-0.0558,0.0
201901,53015,"cowlitz, wa",324275.0,0.046,0.1223,269,-0.0929,0.2488,91.0,0.2297,-0.0082,116,0.16,-0.0645,12,-0.25,-0.5385,0.0278,-0.0061,-0.0304,66.0,0.2692,-0.0571,0.1551,0.0361,-0.0159,43.0,-0.0341,-0.3657,166.0,0.0161,0.1001,1869.0,-0.0016,-0.0543,404817.0,0.0291,-0.0873,311,-0.0772,0.1227,0.1583,0.0096,-0.1533,0.0
201901,53005,"benton, wa",334675.0,0.0204,0.0426,654,-0.0873,0.0883,67.0,0.072,0.072,188,0.175,-0.0505,20,1.5,-0.3333,0.0234,0.0148,-0.014,120.0,0.1538,-0.0164,0.1399,0.0227,-0.0146,17.0,0.2692,1.0625,162.0,0.0199,0.0972,2117.0,-0.0049,-0.0268,360300.0,-0.0051,0.0593,670,-0.0791,0.1075,0.0252,0.0071,0.0119,0.0
201901,53045,"mason, wa",294000.0,-0.0279,0.2309,200,-0.1031,0.005,81.0,0.0519,-0.1777,100,0.3158,0.25,4,-0.5,-0.5,0.0107,-0.0104,-0.0107,56.0,0.2727,-0.1765,0.1498,0.0503,-0.0485,75.0,-0.1235,-0.0197,167.0,0.0258,0.0727,1782.0,-0.0315,0.0896,374067.0,0.0035,0.245,276,-0.0938,0.0018,0.3725,-0.0087,-0.0094,0.0
201901,53063,"spokane, wa",341225.0,0.0469,0.1407,760,-0.1639,-0.1209,56.0,-0.075,-0.1048,498,0.3105,-0.0778,152,-0.3667,-0.0843,0.0789,-0.0221,0.0083,306.0,-0.317,-0.1307,0.1456,-0.037,-0.0019,803.0,-0.1412,-0.2034,142.0,0.0386,0.1467,2385.0,0.0123,0.0388,417646.0,0.0402,0.1561,1560,-0.1503,-0.1635,1.0566,0.028,-0.1094,0.0
201901,53001,"adams, wa",172500.0,-0.1062,0.0455,34,0.0806,0.2885,106.0,0.099,-0.0517,12,0.5,1.0,0,,,0.0,0.0,0.0,4.0,-0.5,-0.3333,0.0685,-0.0648,-0.0703,16.0,-0.2,0.3333,106.0,-0.0138,-0.0307,1798.0,-0.0143,-0.1487,227021.0,-0.0649,0.1571,49,0.0,0.3611,0.4776,-0.1675,0.0161,1.0
201901,53021,"franklin, wa",299925.0,-0.0231,0.0008,231,0.011,0.0154,52.0,-0.1375,-0.2762,82,0.5769,0.1714,6,-0.25,-0.8333,0.0171,-0.0068,-0.1124,40.0,0.6667,0.6667,0.1276,0.0537,0.0399,3.0,0.0,-0.4,158.0,0.0372,0.0828,2016.0,-0.0303,-0.0409,333994.0,-0.0238,-0.013,233,0.0087,0.013,0.013,-0.0001,-0.009,0.0
201901,53025,"grant, wa",240094.0,0.0046,0.0484,194,-0.2016,-0.0913,96.0,0.0815,0.0185,62,-0.38,-0.1143,18,0.5,0.5,0.0529,0.0225,0.019,36.0,0.2857,-0.0526,0.1058,0.0451,-0.006,90.0,-0.1139,0.432,134.0,-0.0111,0.0394,1801.0,0.0104,-0.0025,318152.0,0.0375,0.0796,284,-0.1512,0.0253,0.4613,0.0457,0.1686,0.0
201901,53009,"clallam, wa",389250.0,0.011,0.2349,230,-0.1481,-0.1771,101.0,0.0951,0.044,68,0.2143,-0.2444,0,,,0.0,0.0,0.0,34.0,-0.15,0.4167,0.086,-0.0062,0.02,82.0,-0.1277,2.3469,200.0,0.0026,0.1491,1974.0,0.003,0.097,440379.0,-0.0038,0.1903,317,-0.1291,0.0801,0.3565,0.0084,0.2689,0.0
201901,53053,"pierce, wa",419925.0,0.0156,0.0649,1379,-0.176,0.2124,61.0,0.0,0.1619,1194,0.2284,-0.0643,220,0.0,-0.2029,0.0637,-0.0071,-0.0189,570.0,-0.0625,0.1585,0.1732,0.003,0.0218,865.0,-0.0881,0.0219,201.0,0.0112,0.0906,2208.0,0.0174,-0.0064,497381.0,0.0139,0.0264,2236,-0.1355,0.127,0.6271,0.0605,-0.1169,0.0
201901,53007,"chelan, wa",403675.0,-0.0055,-0.0501,288,-0.1028,0.2886,98.0,0.1039,-0.0296,92,0.2778,0.1795,2,,-0.6667,0.0046,0.0046,-0.0141,26.0,-0.4091,-0.2353,0.0663,-0.0439,-0.0471,24.0,-0.2258,-0.0769,241.0,0.012,0.1746,1886.0,-0.0157,-0.0435,556913.0,-0.0125,0.038,312,-0.1023,0.251,0.0833,-0.0132,-0.033,0.0
201901,53065,"stevens, wa",275000.0,0.0,0.1506,176,-0.1091,-0.1,122.0,0.0995,0.0474,34,0.4167,0.0,2,-0.5,,0.0086,-0.0061,0.0086,18.0,-0.3571,-0.1,0.077,-0.0216,0.0017,33.0,-0.3085,-0.1333,136.0,-0.0077,0.0654,2166.0,0.0179,0.0314,393448.0,-0.0262,0.1681,208,-0.1545,-0.0897,0.1852,-0.0534,-0.0071,0.0
201901,53071,"walla walla, wa",334960.0,0.015,0.1755,158,-0.0156,0.117,80.0,0.1146,-0.0776,52,0.625,0.1818,0,,-1.0,0.0,0.0,-0.0222,42.0,0.3125,0.3125,0.147,0.0852,-0.0142,63.0,-0.0735,62.0,152.0,-0.0158,0.0991,2159.0,-0.0119,0.0573,376429.0,-0.0134,0.0631,222,-0.022,0.5634,0.4,-0.025,0.3929,0.0
201901,53051,"pend oreille, wa",280950.0,0.0002,-0.0618,52,-0.2945,-0.2426,134.0,0.0407,0.0982,12,0.5,1.0,2,-0.5,0.0,0.026,-0.0121,0.004,6.0,0.5,0.0,0.0779,0.0434,0.0093,16.0,-0.3542,0.1071,168.0,-0.0653,0.0887,1765.0,0.023,-0.0889,472992.0,0.06,0.183,65,-0.3158,-0.2121,0.301,-0.0278,0.0951,1.0
201901,53043,"lincoln, wa",249750.0,-0.0301,0.7968,32,-0.2841,-0.2025,93.0,0.0971,0.0247,6,-0.5,-0.25,0,,-1.0,0.0,0.0,-0.0339,6.0,-0.25,-0.25,0.1012,-0.0278,-0.0206,18.0,0.2,-0.122,120.0,0.1908,0.6686,2243.0,0.1121,0.318,280500.0,0.0099,0.4054,51,-0.1293,-0.1721,0.5714,0.2305,0.0524,1.0
201901,53013,"columbia, wa",204225.0,0.0806,0.3079,28,-0.0517,-0.1129,86.0,0.1781,-0.2788,4,0.0,-0.6,0,,,0.0,0.0,0.0,4.0,,,0.1028,0.1028,0.1028,6.0,0.1,,111.0,-0.0184,0.098,1992.0,0.0675,0.1281,264299.0,0.0307,0.2927,33,-0.0294,0.0645,0.2,0.0276,,0.0
201901,53055,"san juan, wa",795000.0,0.0,0.06,146,-0.1917,-0.1074,169.0,0.1592,-0.0188,20,0.25,-0.3333,0,-1.0,-1.0,0.0,-0.0187,-0.0098,18.0,0.125,0.2857,0.0968,0.0172,0.0256,15.0,0.3636,0.0345,416.0,0.0008,0.0545,2001.0,-0.0184,-0.0834,1356945.0,0.0107,-0.0598,161,-0.1597,-0.0958,0.1031,0.042,0.0141,0.0
201901,53057,"skagit, wa",439463.0,-0.0011,0.1,306,-0.1257,0.1354,89.0,0.1266,-0.0139,140,0.0938,-0.2135,16,-0.2,0.1429,0.0317,-0.0025,0.005,104.0,0.8571,0.3,0.1984,0.0922,0.0476,86.0,-0.1186,-0.0707,229.0,-0.0116,0.0937,2074.0,0.0229,0.0058,634820.0,0.0276,0.0223,389,-0.121,0.0688,0.2794,0.0023,-0.062,0.0
201901,53035,"kitsap, wa",415944.0,0.0147,0.0389,409,-0.1697,0.1997,67.0,0.0346,0.2063,300,0.1194,-0.2611,80,0.8182,0.1765,0.0799,0.0368,0.012,136.0,0.0625,0.1148,0.1399,0.0147,0.021,286.0,-0.1006,0.1282,204.0,0.0069,0.0677,2099.0,-0.0059,-0.0244,521598.0,-0.0127,-0.0122,694,-0.1237,0.1713,0.7001,0.0538,-0.0444,0.0
201901,53047,"okanogan, wa",295725.0,0.0233,-0.011,169,-0.1378,0.0696,161.0,0.1146,0.0826,30,0.0714,0.3636,0,,,0.0,0.0,0.0,18.0,-0.25,0.2857,0.0807,-0.0206,0.0115,18.0,0.0294,0.4583,177.0,0.0736,0.0676,1695.0,0.0065,0.121,403826.0,0.044,-0.023,188,-0.1197,0.1029,0.1036,0.0168,0.0276,0.0
201901,53061,"snohomish, wa",510963.0,0.022,0.0648,1173,-0.1809,1.2195,57.0,0.0179,0.3902,898,0.3129,0.1032,128,-0.0857,-0.3905,0.0476,-0.006,-0.0558,558.0,0.0649,1.6321,0.2194,0.0186,0.1135,605.0,-0.0487,-0.1556,254.0,0.001,0.0601,2077.0,0.0242,0.0117,591879.0,0.0081,0.0271,1782,-0.1112,0.4205,0.5158,0.0716,-0.84,0.0
201901,53033,"king, wa",694972.0,0.0296,0.0147,3006,-0.1971,1.3735,66.0,0.1,0.7368,2088,0.3249,0.0136,202,0.0306,-0.5049,0.0322,-0.004,-0.0623,1258.0,-0.1336,1.9256,0.2123,-0.0185,0.116,1228.0,-0.1282,-0.1488,377.0,0.024,0.1344,2010.0,0.0131,-0.0966,1061896.0,0.0567,-0.1195,4227,-0.1623,0.5793,0.4083,0.0323,-0.7302,0.0
201901,53031,"jefferson, wa",478675.0,0.0077,0.1915,111,-0.075,-0.1429,86.0,0.0823,-0.2613,36,0.0,-0.3077,6,0.5,2.0,0.0334,0.0143,0.025,16.0,-0.3333,-0.2727,0.1,-0.0356,0.0007,20.0,-0.22,-0.4,242.0,0.0039,0.0604,1922.0,0.0207,0.0749,569358.0,0.0178,0.0582,132,-0.0897,-0.1976,0.1757,-0.0327,-0.0753,0.0
201901,53067,"thurston, wa",387448.0,-0.004,0.1011,494,-0.1357,0.3108,65.0,0.0615,0.0702,316,-0.0125,-0.1596,48,-0.25,-0.5,0.0463,-0.0056,-0.0435,168.0,0.1667,0.1507,0.1589,0.037,0.0174,269.0,-0.0561,-0.0756,184.0,0.0102,0.0968,2153.0,-0.0106,0.0277,461031.0,0.0294,0.1737,759,-0.1133,0.1278,0.5451,0.046,-0.2278,0.0
201901,53069,"wahkiakum, wa",321725.0,0.0085,0.1742,21,-0.1923,-0.1765,127.0,0.1651,-0.0645,0,,-1.0,0,,,0.0,0.0,0.0,4.0,0.0,0.0,0.1678,0.0299,0.0408,3.0,0.25,0.0,164.0,-0.0027,0.0731,2195.0,0.097,0.1288,415253.0,0.027,0.3633,24,-0.1897,-0.1607,0.119,0.0421,0.021,1.0
201901,53029,"island, wa",402450.0,-0.0619,-0.0182,298,-0.0387,0.3454,78.0,0.0333,-0.0578,142,0.0143,-0.2198,12,0.0,-0.4,0.0236,-0.0006,-0.0151,100.0,0.25,0.1905,0.2139,0.0527,0.0462,55.0,-0.1484,-0.3663,230.0,0.0084,0.0774,1798.0,-0.0357,-0.074,575513.0,-0.0272,-0.0388,354,-0.0497,0.1552,0.1829,-0.0236,-0.2054,0.0
201901,53003,"asotin, wa",247450.0,0.0,-0.0294,66,-0.0571,0.0233,84.0,0.1284,-0.1211,22,0.8333,0.2222,0,,,0.0,0.0,0.0,6.0,0.5,0.0,0.0745,0.0173,0.0026,1.0,0.0,0.0,122.0,0.0228,-0.0694,2181.0,-0.0797,0.1482,328279.0,-0.0163,0.1253,67,-0.0429,0.0388,0.0152,0.0009,-0.0004,0.0
201901,53077,"yakima, wa",289900.0,-0.0335,0.1267,305,-0.0896,-0.0209,76.0,-0.0256,-0.1059,126,0.2115,0.0161,6,0.5,,0.0111,0.0032,0.0111,54.0,0.0385,0.1739,0.0932,0.0053,0.0155,136.0,-0.2213,-0.1286,154.0,-0.0004,0.13,1946.0,-0.0268,-0.0179,357344.0,-0.0196,0.105,433,-0.1443,-0.0648,0.4443,-0.0751,-0.0549,0.0
201812,53021,"franklin, wa",307010.0,0.0322,0.0411,228,-0.1076,-0.1231,60.0,0.1881,0.1321,52,-0.1875,0.0,8,3.0,,0.0239,0.0175,0.0239,24.0,-0.5714,0.2,0.0738,-0.0909,0.0128,3.0,0.2,-0.4,152.0,-0.008,0.0648,2079.0,0.0245,-0.0069,342125.0,0.0189,0.0527,231,-0.1047,-0.125,0.0132,0.0034,-0.0061,0.0
201812,53043,"lincoln, wa",257500.0,-0.0831,0.8525,44,0.1,-0.1538,85.0,0.0272,-0.1866,12,0.2,0.5,0,-1.0,-1.0,0.0,-0.0563,-0.0482,8.0,-0.3333,0.0,0.129,-0.0377,0.0209,15.0,-0.1892,-0.3182,101.0,-0.1241,0.4643,2017.0,-0.0782,0.0681,277758.0,-0.0673,0.39,58,0.0,-0.2267,0.3409,-0.1216,-0.0822,1.0
201812,53063,"spokane, wa",325943.0,0.0004,0.1458,909,-0.174,-0.213,60.0,0.2245,-0.0323,380,-0.2276,-0.1284,240,0.1111,0.0526,0.1011,0.0264,0.0126,448.0,-0.2727,0.0182,0.1826,-0.0411,-0.003,935.0,-0.2009,-0.1382,137.0,0.0234,0.1422,2356.0,-0.0008,0.0457,401493.0,-0.0043,0.1396,1836,-0.1885,-0.1774,1.0286,-0.0346,0.0892,0.0
201812,53065,"stevens, wa",275000.0,0.0,0.1224,197,-0.1166,-0.1581,111.0,0.1755,-0.0792,24,-0.2,0.2,4,1.0,-0.5,0.0147,0.0082,-0.0117,28.0,-0.4815,-0.125,0.0986,-0.0614,0.001,47.0,-0.3691,-0.0962,137.0,-0.0238,0.071,2128.0,0.0081,0.0231,404039.0,0.0214,0.2178,246,-0.1689,-0.1307,0.2386,-0.0955,0.0164,0.0
201812,53069,"wahkiakum, wa",319000.0,-0.0092,0.1105,26,-0.0189,0.04,109.0,0.2749,0.0283,0,-1.0,-1.0,0,,,0.0,0.0,0.0,4.0,-0.6667,0.0,0.1379,-0.2287,0.0129,2.0,-0.6,-0.5,165.0,0.0394,0.0391,2001.0,-0.0529,0.0314,404349.0,-0.0025,0.2926,29,-0.0794,0.0357,0.0769,-0.1118,-0.0831,1.0
201812,53019,"ferry, wa",222500.0,-0.0632,0.3131,44,-0.0833,-0.3231,127.0,0.2463,-0.0964,4,-0.6,0.0,0,,,0.0,0.0,0.0,0.0,-1.0,-1.0,0.0,-0.0541,-0.0533,8.0,-0.2,0.1429,139.0,0.0621,0.2125,1633.0,0.008,-0.0805,352640.0,0.0303,0.4276,51,-0.1207,-0.2917,0.1818,-0.0265,0.0741,0.0
201812,53031,"jefferson, wa",475000.0,0.0411,0.1176,120,-0.1892,-0.3064,79.0,0.0712,-0.2719,36,-0.3333,-0.3571,4,0.0,0.0,0.0191,0.0019,0.0004,24.0,-0.3684,0.2,0.1356,-0.0086,0.0417,25.0,-0.4048,-0.3902,241.0,0.0092,0.0496,1883.0,-0.0329,0.0363,559380.0,0.0003,0.0553,145,-0.2368,-0.3224,0.2083,-0.0755,-0.0287,0.0
201812,53061,"snohomish, wa",499950.0,0.0005,0.0525,1432,-0.1433,1.0694,56.0,0.2727,0.2727,684,-0.3893,0.0,140,-0.1026,-0.4262,0.0537,0.0045,-0.0595,524.0,-0.4112,0.8194,0.2008,-0.0446,0.0734,636.0,-0.2206,-0.2797,254.0,-0.0062,0.0744,2028.0,0.0143,-0.0083,587111.0,-0.0018,0.0261,2005,-0.1986,0.273,0.4441,-0.0441,-0.8319,0.0
201812,53047,"okanogan, wa",289000.0,-0.0016,-0.0334,196,-0.0733,0.0316,144.0,0.1613,0.0286,28,-0.125,0.4,0,,-1.0,0.0,0.0,-0.0166,24.0,-0.25,0.5,0.1013,-0.0226,0.0375,17.0,-0.4426,-0.0556,165.0,-0.0541,-0.0649,1684.0,0.0058,0.1152,386794.0,-0.0406,-0.0574,213,-0.118,0.024,0.0867,-0.0575,-0.008,0.0
201812,53007,"chelan, wa",405900.0,-0.0549,-0.0448,321,-0.1277,0.284,89.0,0.1125,0.0349,72,-0.3333,0.2,0,-1.0,,0.0,-0.0125,0.0,44.0,-0.3889,0.0,0.1103,-0.0258,-0.0093,31.0,-0.1733,0.1071,238.0,0.0013,0.1632,1916.0,-0.029,-0.042,563946.0,-0.0229,0.0401,347,-0.1464,0.2482,0.0966,-0.0053,-0.0154,0.0
201812,53025,"grant, wa",238988.0,-0.0001,0.0349,243,-0.0338,0.0083,89.0,0.1867,0.1125,100,-0.0385,0.9231,12,-0.4545,2.0,0.0304,-0.0142,0.0181,28.0,-0.5,-0.4615,0.0608,-0.0657,-0.0866,101.0,0.0151,0.4853,136.0,-0.0198,0.0427,1782.0,0.0003,-0.01,306643.0,-0.0232,0.0422,334,-0.0375,0.0809,0.4156,0.02,0.1335,1.0
201812,53009,"clallam, wa",385000.0,0.0033,0.2421,270,-0.0753,-0.2059,92.0,0.2267,0.0395,56,-0.3,0.0769,0,-1.0,,0.0,-0.0116,0.0,40.0,-0.2308,0.6667,0.0922,-0.0087,0.0264,94.0,-0.2167,3.9474,199.0,0.0051,0.1444,1968.0,-0.0013,0.0855,442038.0,-0.0116,0.1621,364,-0.1176,0.04,0.3481,-0.0628,0.2923,0.0
201812,53057,"skagit, wa",439950.0,-0.0152,0.0863,350,-0.1128,0.1327,79.0,0.254,-0.1023,128,-0.2889,0.0323,20,-0.2308,-0.1667,0.0342,-0.0028,-0.0119,56.0,-0.5821,-0.2632,0.1063,-0.0765,-0.0321,97.0,-0.2538,-0.03,231.0,0.0094,0.1293,2027.0,0.0046,-0.0375,617758.0,0.0178,0.0047,442,-0.1589,0.0807,0.2771,-0.0524,-0.0465,0.0
201812,53033,"king, wa",675000.0,0.015,0.0305,3744,-0.2007,1.468,60.0,0.3636,0.3333,1576,-0.4048,0.1832,196,-0.3333,-0.6776,0.0362,0.0006,-0.0967,1452.0,-0.4206,1.3419,0.2308,-0.033,0.1015,1408.0,-0.29,-0.2327,368.0,0.0223,0.1314,1984.0,0.0097,-0.1063,1004936.0,0.0283,-0.132,5046,-0.2453,0.5058,0.3761,-0.0473,-0.8336,0.0
201812,53035,"kitsap, wa",409900.0,0.0,0.0931,492,-0.1611,0.1469,65.0,0.1712,0.1404,268,-0.3679,-0.1829,44,-0.3333,-0.3125,0.0431,-0.0032,-0.0144,128.0,-0.4435,-0.0588,0.1252,-0.0457,-0.0175,318.0,-0.152,0.1778,202.0,0.0082,0.0667,2111.0,-0.0061,0.0193,528300.0,-0.0213,-0.0112,792,-0.1856,0.133,0.6463,0.007,0.017,0.0
201812,53029,"island, wa",429000.0,-0.0069,0.034,310,-0.0882,0.161,75.0,0.1364,-0.0066,140,-0.3069,0.129,12,1.0,-0.25,0.0242,0.0142,-0.0063,80.0,-0.5238,0.1765,0.1613,-0.0888,0.0035,64.0,-0.4047,-0.4019,228.0,0.0003,0.0988,1865.0,-0.0453,-0.0526,591618.0,-0.0496,0.0378,372,-0.1733,-0.0133,0.2065,-0.1097,-0.1943,0.0
201812,53041,"lewis, wa",314900.0,0.0532,0.2596,245,-0.1508,-0.0858,85.0,0.2901,-0.0059,100,-0.1525,0.1905,8,-0.6667,0.0,0.0184,-0.0294,-0.0008,64.0,-0.4754,0.2308,0.1475,-0.0943,0.005,84.0,0.0244,0.3333,161.0,0.0136,0.1261,1878.0,0.0243,0.067,368393.0,0.0639,0.1699,330,-0.1057,-0.003,0.3429,0.0586,0.1078,0.0
201812,53015,"cowlitz, wa",310000.0,0.0337,0.0881,296,-0.1204,0.117,74.0,0.3156,-0.0133,100,-0.359,-0.1667,16,-0.1111,-0.2,0.0339,0.0011,-0.0052,52.0,-0.5593,-0.2778,0.119,-0.0998,-0.0326,44.0,-0.3231,-0.4943,163.0,0.012,0.1114,1872.0,0.0337,-0.039,393355.0,0.0377,-0.0725,337,-0.1617,-0.0399,0.1486,-0.0445,-0.1797,0.0
201812,53055,"san juan, wa",795000.0,0.0199,0.1111,180,-0.0698,-0.0674,146.0,0.1451,-0.0395,16,-0.4286,-0.3333,4,0.0,,0.0187,0.0031,0.0187,16.0,-0.3846,-0.3333,0.0796,-0.0292,-0.0289,11.0,-0.5,-0.5217,416.0,0.0389,0.0884,2039.0,0.001,0.0114,1342633.0,0.0312,-0.0398,191,-0.1137,-0.1157,0.0611,-0.0526,-0.0581,0.0
201812,53077,"yakima, wa",299950.0,0.0282,0.1581,335,-0.0809,-0.0563,78.0,0.3565,-0.037,104,-0.1875,0.3684,4,-0.6667,0.0,0.0079,-0.0093,0.0012,52.0,-0.4694,0.0833,0.0878,-0.0484,0.0139,174.0,-0.1429,-0.13,154.0,0.002,0.146,1999.0,0.0058,0.022,364494.0,-0.0091,0.164,506,-0.0964,-0.0899,0.5194,-0.0375,-0.044,0.0
201812,53059,"skamania, wa",509950.0,-0.0217,0.171,30,-0.1176,-0.25,116.0,0.1542,0.4684,4,-0.3333,-0.5,0,,,0.0,0.0,0.0,0.0,-1.0,,0.0,-0.1401,0.0,1.0,0.0,-0.5,186.0,-0.0164,-0.1058,2533.0,0.022,0.1168,635511.0,-0.0327,0.1733,32,-0.0857,-0.2381,0.0333,0.0039,-0.0167,0.0
201812,53049,"pacific, wa",257763.0,0.0,0.0662,181,-0.0812,0.1104,98.0,-0.1009,-0.0392,28,-0.0667,0.1667,4,,0.0,0.0169,0.0169,-0.0025,24.0,1.0,1.0,0.1043,0.0539,0.0533,14.0,0.0,0.0,168.0,0.0088,0.1069,1562.0,0.0077,-0.0238,347491.0,0.0078,0.1219,194,-0.0806,0.096,0.0773,0.0063,-0.0085,0.0
201812,53067,"thurston, wa",389000.0,0.0039,0.1117,571,-0.0616,0.2717,61.0,0.22,0.1296,320,-0.3074,0.039,64,0.0667,-0.3333,0.0519,0.0069,-0.0315,144.0,-0.4894,0.0,0.122,-0.0728,-0.0096,285.0,-0.1822,-0.0924,182.0,0.013,0.0953,2176.0,-0.0059,0.0187,447883.0,-0.0101,0.1518,856,-0.106,0.1102,0.4991,-0.0736,-0.2002,0.0
201812,53071,"walla walla, wa",330000.0,-0.0073,0.2658,160,-0.0909,-0.0476,72.0,0.1803,-0.027,32,-0.4483,-0.2727,0,,,0.0,0.0,0.0,32.0,-0.1579,0.3333,0.0618,-0.0998,-0.0478,68.0,67.0,67.0,154.0,-0.0042,0.1222,2185.0,0.0116,0.0774,381524.0,0.0114,0.1128,227,0.2825,0.3432,0.425,0.4193,0.419,0.0
201812,53013,"columbia, wa",189000.0,-0.0244,0.2201,29,-0.0794,0.0741,73.0,0.1496,-0.3364,4,0.0,0.0,0,,,0.0,0.0,0.0,0.0,-1.0,,0.0,-0.0465,0.0,5.0,,,113.0,-0.0169,0.1291,1866.0,0.0674,0.0419,256435.0,0.0744,0.2054,34,0.0794,0.2593,0.1724,,,0.0
201812,53011,"clark, wa",449500.0,0.0217,0.0216,1645,-0.0881,0.3651,65.0,0.1712,0.0833,476,-0.3737,-0.0703,72,0.2,0.0,0.0308,0.0068,-0.0081,364.0,-0.3746,1.2195,0.1672,-0.0477,0.0573,58.0,-0.1714,0.4146,200.0,0.0046,0.0581,2263.0,0.0103,-0.0516,527908.0,0.005,-0.0314,1701,-0.093,0.3696,0.0353,-0.0035,0.0012,0.0
201812,53037,"kittitas, wa",399000.0,0.0057,0.0364,157,-0.1671,0.1894,92.0,0.1833,0.0,40,-0.1667,0.0,0,-1.0,-1.0,0.0,-0.0117,-0.018,20.0,-0.6667,0.0,0.1005,-0.0926,-0.001,49.0,-0.1901,0.4412,206.0,-0.0081,-0.0068,2106.0,0.0316,0.125,707831.0,0.0513,0.4358,207,-0.1687,0.2105,0.3121,-0.0089,0.0545,0.0
201812,53017,"douglas, wa",354000.0,-0.0013,0.0292,120,-0.0551,0.0526,96.0,0.1779,0.2152,24,-0.2941,-0.5714,4,1.0,,0.0252,0.0157,0.0252,32.0,-0.0588,1.6667,0.1975,0.0431,0.1269,25.0,-0.3333,0.5625,189.0,-0.0035,0.0276,1862.0,-0.017,-0.085,428507.0,-0.0246,0.0899,142,-0.1368,0.0923,0.2083,-0.0869,0.068,0.0
201812,53023,"garfield, wa",164900.0,0.0233,0.2398,15,0.2,0.0,75.0,0.1641,-0.3493,0,-1.0,,0,,,0.0,0.0,0.0,4.0,,0.0,0.2667,0.2667,0.0,,,,76.0,-0.0057,0.0769,2189.0,0.0504,0.126,185093.0,0.0169,0.1013,15,0.2,0.0,,,,0.0
201812,53053,"pierce, wa",413475.0,0.0348,0.0916,1673,-0.1365,0.2551,61.0,0.2079,0.1296,972,-0.2967,-0.1818,220,-0.0598,-0.3373,0.0708,0.0131,-0.024,608.0,-0.3476,0.3571,0.1701,-0.0304,0.0355,948.0,-0.2017,0.0238,198.0,0.0063,0.0909,2170.0,0.0072,-0.006,490574.0,0.0097,0.043,2586,-0.1729,0.1448,0.5666,-0.0463,-0.128,0.0
201812,53039,"klickitat, wa",445000.0,-0.0471,-0.0252,65,-0.1824,-0.0441,85.0,0.1684,-0.2672,8,-0.3333,-0.3333,0,,,0.0,0.0,0.0,4.0,0.0,-0.5,0.0412,0.0061,-0.06,3.0,-0.3333,0.5,198.0,-0.0529,0.0616,2244.0,-0.0192,-0.0447,551631.0,-0.0251,-0.0563,67,-0.2024,-0.0429,0.0462,-0.0104,0.0167,0.0
201812,53045,"mason, wa",302450.0,0.0115,0.2134,223,-0.0591,-0.1044,77.0,0.1324,-0.125,76,-0.3559,0.0556,8,-0.2,0.0,0.0211,-0.0003,-0.0003,44.0,-0.2143,-0.0833,0.0995,-0.0237,-0.0137,85.0,-0.1667,0.0494,163.0,-0.0256,0.047,1840.0,0.0398,0.0952,372771.0,0.0208,0.2016,304,-0.1201,-0.0588,0.3812,-0.0492,0.0559,0.0
201812,53075,"whitman, wa",245000.0,-0.0476,0.0208,96,-0.139,-0.0769,72.0,0.0141,-0.2836,20,-0.4118,0.25,0,,,0.0,0.0,0.0,12.0,-0.25,0.0,0.1043,0.0003,0.0083,5.0,-0.2308,0.25,125.0,0.0009,0.1012,1872.0,-0.0488,-0.146,257291.0,-0.05,0.0386,101,-0.1404,-0.0648,0.0521,-0.0062,0.0136,0.0
201812,53001,"adams, wa",193000.0,-0.0128,0.0997,31,-0.1014,-0.1389,96.0,0.1707,-0.1193,8,0.3333,0.0,0,-1.0,,0.0,-0.0351,0.0,8.0,1.0,,0.1333,0.0649,0.1333,20.0,0.0526,0.4286,108.0,-0.0444,0.0085,1824.0,-0.0211,-0.1035,242765.0,0.0675,0.2253,49,-0.0755,0.0652,0.6452,0.0944,0.2563,0.0
201812,53003,"asotin, wa",247450.0,0.0344,-0.0479,70,-0.2432,-0.125,74.0,0.2131,-0.092,12,-0.25,0.5,0,,,0.0,0.0,0.0,4.0,-0.75,-0.6667,0.0571,-0.0821,-0.0777,1.0,,0.0,119.0,-0.0008,-0.0251,2370.0,0.0843,0.1427,333735.0,0.052,0.1605,70,-0.2432,-0.125,0.0143,,0.0018,0.0
201812,53073,"whatcom, wa",414900.0,-0.0101,0.0122,577,-0.087,0.0491,71.0,0.2456,-0.0719,252,-0.28,-0.0597,20,-0.4444,-0.1667,0.0208,-0.0108,-0.0065,128.0,-0.3725,-0.3191,0.1399,-0.0369,-0.0383,119.0,-0.3296,-0.3866,235.0,-0.0009,0.0652,1847.0,-0.0318,-0.0222,554611.0,-0.0004,0.0909,703,-0.1283,-0.0664,0.2062,-0.0746,-0.1465,0.0
201812,53027,"grays harbor, wa",226250.0,-0.019,0.1318,322,-0.0955,0.0769,82.0,0.159,-0.0465,88,-0.4634,0.0,16,-0.1111,1.0,0.0283,0.0003,0.0116,76.0,-0.0732,0.2667,0.1532,0.0312,0.0411,99.0,-0.1391,0.1,150.0,-0.0066,0.0311,1500.0,-0.0032,0.0388,260301.0,-0.0141,0.0656,416,-0.1168,0.0585,0.3075,-0.0156,0.0065,0.0
201812,53051,"pend oreille, wa",280905.0,0.0008,-0.0633,73,-0.2108,-0.131,129.0,0.1727,0.0932,8,-0.4286,0.0,4,,0.0,0.0381,0.0381,0.0053,4.0,-0.7143,-0.75,0.0345,-0.0651,-0.1165,24.0,-0.0204,0.2,180.0,0.0573,0.252,1725.0,0.0088,-0.1375,446229.0,0.0875,0.1261,95,-0.1775,-0.0686,0.3288,0.0639,0.0907,0.0
201812,53005,"benton, wa",328000.0,0.0054,0.0285,716,-0.1177,0.0273,63.0,0.2376,0.1574,160,-0.3443,0.0526,8,0.3333,0.0,0.0086,0.0029,-0.0015,104.0,-0.4526,0.1304,0.1172,-0.0588,0.0156,13.0,0.3,0.3,159.0,0.0159,0.0927,2127.0,-0.0084,-0.0297,362151.0,0.0058,0.0676,727,-0.1129,0.0327,0.0182,0.0058,0.0038,0.0
201811,53001,"adams, wa",195500.0,0.0249,0.0625,35,-0.0676,-0.1585,82.0,0.1549,-0.0575,6,-0.6667,-0.4,2,-0.5,0.0,0.0351,-0.0122,0.0094,4.0,-0.3333,-0.3333,0.0684,-0.0174,-0.0279,19.0,0.0,0.0556,112.0,0.0742,0.0569,1863.0,-0.0108,-0.0758,227424.0,-0.0084,0.1642,53,-0.0536,-0.0862,0.5507,0.0372,0.1117,0.0
201811,53061,"snohomish, wa",499725.0,-0.0006,0.0724,1672,-0.0953,0.7197,44.0,0.2055,0.0864,1120,-0.0953,0.0769,156,-0.1136,-0.48,0.0492,0.0048,-0.062,890.0,-0.2741,0.969,0.2455,-0.0573,0.0936,816.0,-0.0245,-0.2135,256.0,-0.0157,0.0861,2000.0,-0.0047,-0.0067,588173.0,-0.0011,0.0542,2502,-0.0676,0.2498,0.4882,0.0354,-0.5792,0.0
201811,53053,"pierce, wa",399556.0,0.0115,0.0888,1938,-0.1187,0.2106,51.0,0.1609,0.0632,1382,-0.1793,-0.0799,234,-0.3641,-0.2548,0.0576,-0.0144,-0.0221,932.0,-0.2568,0.3314,0.2005,-0.0494,0.0296,1188.0,-0.0423,0.0722,197.0,0.0082,0.103,2155.0,0.0072,-0.0007,485843.0,0.0067,0.0543,3127,-0.0911,0.1516,0.6129,0.0489,-0.0791,0.0
201811,53059,"skamania, wa",521250.0,0.0323,0.2386,34,-0.2444,-0.1605,101.0,0.3137,0.4105,6,0.0,-0.4,0,,,0.0,0.0,0.0,6.0,-0.25,-0.25,0.1401,-0.0155,0.0066,1.0,,0.0,189.0,-0.0405,-0.1075,2479.0,0.0023,0.2406,656966.0,0.0442,0.2439,35,-0.2222,-0.1566,0.0294,0.0294,0.0047,0.0
201811,53063,"spokane, wa",325825.0,0.0344,0.2058,1101,-0.1389,-0.2283,49.0,0.225,-0.0577,492,-0.3724,-0.0646,216,-0.194,-0.1496,0.0746,-0.0066,-0.0043,616.0,-0.1743,0.0033,0.2238,-0.0025,0.0403,1170.0,-0.0722,-0.1375,134.0,0.0072,0.1513,2358.0,0.0003,0.0272,403245.0,0.013,0.1871,2263,-0.105,-0.1869,1.0632,0.0765,0.1119,0.0
201811,53037,"kittitas, wa",396725.0,0.0041,-0.0264,189,-0.1233,0.122,78.0,0.244,-0.1114,48,-0.2941,-0.3846,4,-0.5,-0.3333,0.0117,-0.0128,-0.0106,60.0,-0.0909,1.3077,0.1931,0.0077,0.1004,61.0,-0.0163,0.4235,208.0,-0.0285,-0.0043,2042.0,-0.0001,0.0246,673308.0,0.0034,0.2612,249,-0.0995,0.1801,0.321,0.0349,0.068,0.0
201811,53071,"walla walla, wa",332435.0,-0.0076,0.2338,176,-0.0356,-0.0638,61.0,-0.0161,-0.0543,58,-0.1944,-0.1714,0,-1.0,-1.0,0.0,-0.008,-0.0075,38.0,-0.2692,-0.1364,0.1616,-0.0425,-0.0092,1.0,0.0,,155.0,-0.0242,0.1221,2160.0,0.0122,0.035,377217.0,-0.0331,0.0693,177,-0.0301,-0.0585,0.0057,0.0002,,0.0
201811,53057,"skagit, wa",446750.0,-0.0147,0.0681,395,-0.09,0.045,63.0,0.0957,-0.131,180,-0.1964,-0.011,26,0.1818,-0.0714,0.0369,0.0087,-0.005,134.0,-0.2118,0.2642,0.1828,-0.0251,0.0336,130.0,-0.0941,0.1712,229.0,0.0003,0.1223,2018.0,-0.0037,-0.0262,606945.0,-0.0079,0.0264,526,-0.0869,0.0802,0.3295,-0.0015,0.0355,0.0
201811,53017,"douglas, wa",354450.0,-0.0221,0.0366,127,-0.0896,0.0809,82.0,0.2636,0.1985,34,-0.1905,-0.0556,2,-0.6667,-0.5,0.0094,-0.0181,-0.0151,34.0,-0.3462,0.5455,0.1544,-0.0983,0.0019,38.0,0.0417,8.375,190.0,0.0081,0.0738,1894.0,-0.0481,-0.0756,439313.0,-0.0393,0.1018,165,-0.06,0.3539,0.2953,0.0372,0.2612,0.0
201811,53023,"garfield, wa",161150.0,0.0,0.0743,13,0.087,-0.0385,64.0,-0.3934,-0.4286,4,0.0,,0,,,0.0,0.0,0.0,0.0,-1.0,,0.0,-0.125,0.0,,,,77.0,-0.0166,-0.0515,2084.0,-0.0163,0.1451,182026.0,-0.0345,0.0132,13,0.087,-0.0385,,,,0.0
201811,53039,"klickitat, wa",467000.0,0.038,0.0224,80,-0.1311,-0.0592,73.0,-0.0849,-0.2156,12,-0.5,-0.25,0,,,0.0,0.0,0.0,4.0,-0.7778,-0.5,0.0351,-0.1267,-0.0426,5.0,1.25,8.0,209.0,0.0464,0.1099,2288.0,0.0205,-0.0103,565862.0,0.0641,-0.0446,84,-0.1016,-0.0118,0.0566,0.0347,0.0507,0.0
201811,53055,"san juan, wa",779500.0,-0.0051,0.0741,194,-0.1,-0.0515,128.0,0.1617,0.0119,28,-0.3913,-0.2222,4,,-0.3333,0.0156,0.0156,-0.0067,26.0,-0.4091,-0.0714,0.1088,-0.0478,0.0114,22.0,-0.12,-0.3889,400.0,-0.0005,0.0736,2037.0,0.0041,-0.0012,1301991.0,0.0106,-0.0562,216,-0.1077,-0.1021,0.1137,-0.0026,-0.0628,0.0
201811,53073,"whatcom, wa",419125.0,-0.0246,0.0118,632,-0.0351,-0.0133,57.0,0.0755,-0.2028,350,-0.1706,-0.1379,36,-0.2174,0.0,0.0317,-0.0065,0.0018,204.0,-0.2714,-0.157,0.1768,-0.0377,-0.0097,178.0,-0.1213,-0.2447,235.0,-0.008,0.0842,1908.0,-0.0205,0.0004,554843.0,-0.0122,0.075,807,-0.0611,-0.0835,0.2809,-0.0275,-0.086,0.0
201811,53005,"benton, wa",326250.0,0.0034,0.0359,812,-0.0704,0.0056,51.0,0.1099,0.0745,244,-0.0687,-0.0161,6,-0.5714,-0.7273,0.0057,-0.0064,-0.017,190.0,-0.0865,0.2025,0.1761,-0.0075,0.0301,10.0,0.5385,0.4286,157.0,-0.0057,0.0965,2145.0,-0.0065,-0.0347,360051.0,-0.0115,0.0656,820,-0.0672,0.0086,0.0123,0.0049,0.0036,0.0
201811,53009,"clallam, wa",383725.0,0.0012,0.2834,292,-0.0715,-0.2989,75.0,0.1811,-0.026,80,-0.1837,0.0811,6,0.0,2.0,0.0116,0.0016,0.0076,52.0,-0.4468,0.1818,0.1008,-0.0742,0.0152,120.0,-0.2661,5.0,198.0,-0.0172,0.1492,1971.0,0.0168,0.0848,447232.0,0.0127,0.1892,413,-0.1397,-0.0373,0.411,-0.1089,0.3629,0.0
201811,53047,"okanogan, wa",289450.0,0.0,-0.0269,212,-0.1523,0.0024,124.0,0.1429,0.0377,32,-0.3043,0.3333,0,,,0.0,0.0,0.0,32.0,-0.3846,0.2308,0.1238,-0.0348,0.0271,31.0,0.1091,0.3261,175.0,-0.0061,-0.0407,1674.0,0.0159,0.1259,403173.0,-0.0016,-0.0108,242,-0.1282,0.0321,0.1442,0.034,0.0352,0.0
201811,53067,"thurston, wa",387475.0,0.0199,0.1406,609,-0.1143,0.1546,50.0,0.1696,-0.0476,462,-0.061,0.0744,60,-0.375,-0.4118,0.0451,-0.0151,-0.0299,282.0,-0.1557,0.2368,0.1947,-0.0232,0.0273,349.0,-0.149,-0.1384,180.0,0.0043,0.0885,2189.0,0.0089,0.0248,452453.0,0.0111,0.1488,958,-0.128,0.029,0.5727,-0.0234,-0.1948,0.0
201811,53015,"cowlitz, wa",299900.0,-0.0159,0.0715,337,-0.0358,0.0943,56.0,0.0922,-0.1,156,-0.1789,-0.0488,18,-0.4375,0.125,0.0328,-0.0192,0.0049,118.0,-0.1061,-0.0167,0.2188,0.0096,0.0085,65.0,-0.1034,-0.1975,161.0,0.0165,0.099,1811.0,0.01,-0.0565,379082.0,-0.0012,-0.0535,402,-0.0337,0.0482,0.1932,-0.0146,-0.0702,0.0
201811,53011,"clark, wa",439950.0,0.004,0.0068,1804,-0.0272,0.2909,56.0,0.0882,0.0571,760,-0.013,0.0644,60,-0.2308,-0.1429,0.0239,-0.0048,-0.0107,582.0,-0.2402,0.3857,0.2149,-0.0678,0.0203,70.0,-0.1954,0.4,199.0,0.0052,0.055,2240.0,0.0063,-0.0602,525278.0,-0.0023,-0.0068,1876,-0.0302,0.2957,0.0388,-0.0081,0.003,0.0
201811,53027,"grays harbor, wa",230625.0,-0.0132,0.1023,356,-0.0607,0.044,71.0,0.072,-0.1372,164,0.0123,0.2059,18,0.2857,0.5,0.028,0.0077,0.0079,82.0,-0.3279,0.1389,0.1221,-0.0669,-0.0031,115.0,-0.1575,0.1675,151.0,-0.0006,0.0437,1505.0,-0.0267,0.0183,264025.0,-0.0241,0.0597,471,-0.0737,0.0705,0.323,-0.0371,0.0342,0.0
201811,53043,"lincoln, wa",280850.0,0.013,0.7903,40,-0.1111,-0.322,83.0,-0.1491,-0.3133,10,0.25,-0.375,4,1.0,,0.0563,0.031,0.0563,12.0,0.5,0.0,0.1667,0.0585,0.0469,19.0,-0.119,-0.3019,116.0,-0.0941,0.5288,2188.0,0.0624,0.1247,297793.0,-0.0111,0.3072,58,-0.1212,-0.3256,0.4625,-0.0042,0.0133,1.0
201811,53003,"asotin, wa",239225.0,-0.0285,-0.04,93,-0.0704,-0.0704,61.0,-0.1528,-0.0929,16,-0.4667,-0.1111,0,,,0.0,0.0,0.0,16.0,-0.2,-0.2727,0.1392,-0.0208,-0.0445,,,,119.0,-0.0161,-0.0025,2186.0,-0.0273,-0.0092,317236.0,-0.0234,0.1263,93,-0.0704,-0.0704,,,,0.0
201811,53075,"whitman, wa",257250.0,0.0101,0.0321,112,-0.063,-0.1801,71.0,-0.1497,-0.1839,34,0.3077,0.8889,0,-1.0,-1.0,0.0,-0.051,-0.0116,16.0,-0.3333,0.3333,0.1041,-0.052,0.03,7.0,0.0833,0.1818,124.0,-0.0309,0.0419,1968.0,0.0293,-0.0851,270835.0,-0.0083,0.0782,118,-0.0524,-0.1667,0.0583,0.0079,0.0179,1.0
201811,53035,"kitsap, wa",409894.0,-0.011,0.1352,587,-0.1154,0.0703,56.0,0.1746,0.0673,424,-0.094,-0.1654,66,-0.25,-0.2979,0.0463,-0.0078,-0.0224,230.0,-0.2945,0.055,0.171,-0.055,-0.0031,375.0,-0.0942,0.2019,200.0,0.0044,0.0744,2124.0,0.0019,0.0341,539779.0,-0.0108,0.0558,973,-0.0974,0.1282,0.6394,0.015,0.07,0.0
201811,53069,"wahkiakum, wa",321950.0,-0.0154,0.0375,27,-0.0862,0.0,86.0,0.0118,-0.05,2,-0.75,0.0,0,,,0.0,0.0,0.0,12.0,0.5,1.0,0.3667,0.1683,0.2048,5.0,0.0,-0.4444,159.0,-0.0276,-0.1053,2113.0,0.0117,0.0821,405378.0,-0.0027,0.199,32,-0.0735,-0.125,0.1887,0.0163,-0.1509,0.0
201811,53045,"mason, wa",299000.0,0.0224,0.1889,237,-0.2007,-0.1856,68.0,0.0837,-0.1707,118,-0.0328,0.2292,10,-0.4444,0.0,0.0214,-0.014,0.0018,56.0,-0.4717,-0.3171,0.1232,-0.0749,-0.0441,102.0,-0.1429,0.0303,167.0,-0.0043,0.0702,1770.0,0.0037,0.058,365180.0,-0.0116,0.142,346,-0.1754,-0.113,0.4304,0.029,0.0902,0.0
201811,53019,"ferry, wa",237500.0,-0.083,0.138,48,-0.1351,-0.3043,102.0,0.0125,-0.1847,10,0.25,4.0,0,,-1.0,0.0,0.0,-0.0213,4.0,-0.6,1.0,0.0541,-0.0808,0.0281,10.0,-0.1304,0.1111,131.0,0.0636,0.1012,1620.0,-0.008,-0.1573,342259.0,-0.01,0.2983,58,-0.1343,-0.2564,0.2083,0.0011,0.0779,1.0
201811,53013,"columbia, wa",193725.0,-0.0953,0.2712,32,0.2353,0.0,64.0,0.2271,-0.244,4,-0.6,1.0,0,,,0.0,0.0,0.0,2.0,0.0,-0.5,0.0465,-0.0011,-0.0736,,,,115.0,-0.0922,0.2908,1748.0,0.0108,-0.0239,238686.0,-0.0504,0.2306,32,0.2353,0.0,,,,1.0
201811,53033,"king, wa",665000.0,-0.0148,0.0232,4684,-0.12,1.119,44.0,0.2055,0.1733,2648,-0.1647,0.122,294,-0.2423,-0.6211,0.0355,0.0002,-0.093,2506.0,-0.2222,1.5519,0.2639,-0.0452,0.1245,1983.0,-0.0845,-0.148,360.0,-0.0012,0.1107,1965.0,-0.0175,-0.1068,977301.0,-0.0016,-0.1001,6687,-0.1082,0.4743,0.4234,0.0164,-0.6296,0.0
201811,53007,"chelan, wa",429500.0,-0.0524,0.0136,368,-0.1024,0.2958,80.0,0.0526,0.0323,108,-0.0357,0.1489,6,0.0,,0.0125,0.0022,0.0125,72.0,-0.2653,1.0,0.1361,-0.0335,0.0475,38.0,-0.1935,1.2727,238.0,-0.0204,0.1578,1973.0,-0.0072,-0.0302,577150.0,-0.0286,0.0613,407,-0.1056,0.3483,0.1019,-0.0115,0.0438,0.0
201811,53077,"yakima, wa",291725.0,0.0265,0.1669,365,-0.0594,-0.1444,58.0,0.2042,-0.0726,128,-0.3043,-0.0448,12,2.0,2.0,0.0172,0.0121,0.012,98.0,-0.125,0.1136,0.1363,-0.0061,0.0211,203.0,-0.0876,-0.031,153.0,0.017,0.1504,1988.0,0.0373,0.024,367838.0,0.0197,0.194,560,-0.0789,-0.1125,0.5569,-0.0173,0.0651,0.0
201811,53025,"grant, wa",239000.0,-0.028,0.0263,252,-0.116,-0.0364,75.0,0.1111,0.0526,104,-0.0877,0.4444,22,0.5714,1.2,0.0446,0.0182,0.0211,56.0,-0.3636,0.037,0.1264,-0.05,0.0063,100.0,-0.0787,0.1775,138.0,-0.0021,0.0711,1782.0,-0.0115,-0.0125,313926.0,-0.0285,0.0824,347,-0.1022,0.0014,0.3956,0.016,0.0719,0.0
201811,53029,"island, wa",432000.0,0.0047,0.0287,340,-0.0798,0.0256,66.0,0.1946,0.082,202,-0.0098,-0.0561,6,-0.7857,-0.625,0.01,-0.0301,-0.0152,168.0,0.0244,0.377,0.2501,0.0009,0.0731,108.0,0.1497,-0.1699,228.0,-0.009,0.0752,1953.0,0.0053,-0.0235,622463.0,0.0137,0.0932,450,-0.0217,-0.0302,0.3162,0.0631,-0.0745,0.0
201811,53065,"stevens, wa",275000.0,-0.0148,0.0895,223,-0.144,-0.1978,94.0,0.019,-0.1048,30,-0.4643,-0.1667,2,-0.8,-0.75,0.0065,-0.0187,-0.0142,54.0,-0.0357,0.2273,0.16,0.0211,0.0436,75.0,-0.1582,0.0276,140.0,-0.006,0.1272,2111.0,0.004,-0.0281,395558.0,0.0383,0.1864,296,-0.1482,-0.1506,0.3341,-0.0057,0.0733,0.0
201811,53051,"pend oreille, wa",280679.0,-0.0794,-0.0782,93,-0.1778,-0.0609,110.0,0.068,0.0304,14,-0.3,0.4,0,-1.0,,0.0,-0.0128,0.0,14.0,-0.5625,0.0,0.0996,-0.0971,0.0008,25.0,-0.0755,-0.1833,170.0,-0.0028,0.0936,1710.0,-0.165,-0.1543,410325.0,-0.0213,0.1303,116,-0.1538,-0.087,0.2649,0.0293,-0.0397,0.0
201811,53031,"jefferson, wa",456250.0,-0.023,0.0735,148,-0.1345,-0.2449,74.0,0.1434,-0.1873,54,-0.3077,-0.1563,4,-0.6,-0.3333,0.0173,-0.0223,-0.0017,38.0,-0.2083,-0.2692,0.1442,-0.0242,-0.0331,42.0,-0.0233,-0.1515,239.0,0.0063,0.0639,1947.0,-0.0265,0.056,559187.0,-0.0243,0.0354,190,-0.1121,-0.2276,0.2838,0.0323,0.0312,0.0
201811,53049,"pacific, wa",257763.0,0.0034,0.0352,197,-0.0343,0.1691,109.0,0.0506,0.0792,30,-0.25,-0.1667,0,-1.0,-1.0,0.0,-0.0152,-0.0184,12.0,-0.3333,-0.4,0.0505,-0.0227,-0.0386,14.0,0.037,-0.0968,167.0,-0.0288,0.1057,1550.0,0.0023,-0.0727,344810.0,-0.0071,0.1124,211,-0.0299,0.1499,0.0711,0.0049,-0.0209,0.0
201811,53041,"lewis, wa",299000.0,-0.0008,0.1963,289,-0.0237,0.0304,66.0,0.1008,-0.1149,118,-0.1061,0.0926,24,0.2,2.0,0.0478,0.0098,0.0308,122.0,-0.0317,0.525,0.2417,0.0112,0.0752,82.0,-0.1841,-0.0682,159.0,-0.0117,0.1166,1834.0,-0.0049,0.0437,346281.0,0.0073,0.0998,369,-0.0729,-0.0014,0.2842,-0.0559,-0.0301,0.0
201811,53021,"franklin, wa",297425.0,0.0257,0.0517,256,-0.0572,-0.194,51.0,0.0359,0.1477,64,-0.2889,-0.2889,2,-0.8571,-0.8,0.0064,-0.0345,-0.0184,56.0,0.2174,0.2727,0.1647,0.0371,0.0594,3.0,1.5,-0.5455,153.0,0.0019,0.0859,2029.0,0.012,-0.0225,335771.0,0.0191,0.0714,258,-0.0515,-0.195,0.0098,0.0061,-0.0076,0.0
201810,53033,"king, wa",675000.0,-0.0059,0.0409,5323,0.0358,0.9413,37.0,0.0139,0.1774,3170,-0.2043,0.0246,388,-0.1709,-0.5773,0.0354,-0.0057,-0.0745,3222.0,0.0841,1.5653,0.3091,0.0547,0.1586,2166.0,-0.0424,-0.1343,360.0,-0.0048,0.1119,2000.0,-0.005,-0.0836,978859.0,-0.0116,-0.0732,7498,0.0137,0.43,0.4069,-0.0333,-0.5056,0.0
201810,53013,"columbia, wa",214125.0,-0.0441,0.4285,26,0.0625,-0.2817,52.0,-0.3912,-0.1411,10,0.25,0.0,0,,,0.0,0.0,0.0,2.0,-0.5,,0.0476,-0.0667,0.0476,,,,127.0,0.0133,0.2862,1730.0,-0.05,0.0247,251343.0,-0.0394,0.2607,26,0.0625,-0.2817,,,,0.0
201810,53035,"kitsap, wa",414444.0,0.0109,0.1067,663,-0.0236,0.095,47.0,0.2434,-0.0258,468,-0.1818,-0.1429,88,-0.0435,0.0,0.0541,-0.0029,-0.0068,326.0,-0.151,0.0795,0.2259,0.0002,0.0244,414.0,-0.019,0.1862,200.0,-0.0076,0.0584,2120.0,-0.0117,0.0274,545652.0,0.0111,0.031,1078,-0.0249,0.1172,0.6244,0.0029,0.0481,0.0
201810,53071,"walla walla, wa",334990.0,0.0,0.1622,183,0.0311,-0.0344,62.0,0.069,0.2917,72,-0.1818,-0.2,2,,,0.008,0.008,0.008,52.0,-0.0714,-0.1613,0.2041,-0.0173,-0.0079,1.0,0.0,-0.5,159.0,-0.01,0.1021,2134.0,-0.0233,0.0131,390124.0,-0.0408,0.0728,183,0.0253,-0.0445,0.0055,-0.0002,-0.0051,0.0
201810,53023,"garfield, wa",161150.0,0.0072,0.1081,12,-0.1154,-0.303,106.0,-0.0495,0.3974,4,0.0,1.0,0,,,0.0,0.0,0.0,2.0,-0.5,-0.5,0.125,-0.1103,-0.0952,,,,78.0,-0.0155,0.0015,2119.0,0.0166,0.1011,188527.0,-0.0032,0.1094,12,-0.1154,-0.303,,,,1.0
201810,53061,"snohomish, wa",500000.0,-0.0195,0.086,1848,0.0379,0.5187,37.0,0.0429,0.0282,1238,-0.1544,-0.0578,176,-0.3803,-0.4884,0.0444,-0.0269,-0.0556,1226.0,0.2309,0.8299,0.3028,0.0604,0.1184,837.0,-0.1542,-0.2276,260.0,0.0006,0.1023,2009.0,-0.0096,0.004,588841.0,-0.0112,0.0793,2684,-0.005,0.1619,0.4528,-0.1028,-0.4375,0.0
201810,53065,"stevens, wa",279125.0,0.015,0.1111,261,-0.0923,-0.1859,92.0,0.2138,-0.0107,56,-0.0667,-0.125,10,1.5,4.0,0.0252,0.016,0.0208,56.0,-0.3,0.12,0.1389,-0.045,0.0357,89.0,0.0663,0.0351,141.0,0.0378,0.1351,2103.0,-0.0083,-0.0264,380965.0,0.0128,0.1562,348,-0.0583,-0.1366,0.3397,0.0505,0.0725,0.0
201810,53049,"pacific, wa",256888.0,-0.0034,0.029,204,-0.0642,0.2289,104.0,0.1925,0.0533,40,-0.0909,-0.1304,4,,1.0,0.0152,0.0152,0.0063,18.0,-0.55,-0.4,0.0732,-0.0562,-0.05,14.0,-0.3864,-0.413,172.0,-0.005,0.1654,1546.0,0.0013,-0.0911,347293.0,0.0107,0.0744,218,-0.0823,0.1508,0.0662,-0.0347,-0.0724,0.0
201810,53069,"wahkiakum, wa",327000.0,0.0381,0.0695,29,-0.0645,-0.1343,85.0,-0.0059,0.0563,8,-0.3333,0.0,0,,,0.0,0.0,0.0,8.0,-0.3333,0.0,0.1984,-0.0085,0.0431,5.0,-0.2857,-0.3333,163.0,-0.0157,-0.0568,2088.0,0.0177,0.0515,406465.0,-0.0065,0.0966,34,-0.1053,-0.15,0.1724,-0.0534,-0.0515,0.0
201810,53021,"franklin, wa",289975.0,0.0277,0.0619,271,-0.0037,-0.1491,49.0,0.0833,0.0052,90,-0.0625,-0.2857,14,0.75,0.0,0.0408,0.0189,0.0061,46.0,-0.1786,-0.2069,0.1276,-0.0246,-0.0156,1.0,0.0,-0.7143,153.0,-0.0052,0.1018,2005.0,0.0482,-0.0266,329470.0,0.0219,0.0708,272,0.0,-0.1513,0.0037,0.0,-0.0073,0.0
201810,53041,"lewis, wa",299250.0,0.0008,0.2018,296,-0.0215,-0.0498,60.0,0.2143,-0.1793,132,-0.2826,-0.1538,20,0.6667,2.3333,0.0381,0.0171,0.0271,126.0,-0.0156,0.3404,0.2306,0.0348,0.0588,101.0,-0.1625,0.0635,160.0,0.0114,0.1353,1843.0,-0.0115,0.0669,343781.0,0.0074,0.1309,398,-0.0723,-0.0185,0.3401,-0.0572,0.0362,0.0
201810,53025,"grant, wa",245875.0,0.0036,0.0309,285,-0.029,-0.0139,68.0,0.1842,-0.1,114,-0.05,-0.05,14,-0.125,-0.3636,0.0265,-0.0039,-0.019,88.0,0.0,0.0233,0.1764,0.034,0.0057,108.0,-0.0847,0.2203,139.0,-0.015,0.0824,1802.0,0.0012,-0.0318,323125.0,-0.0215,0.0791,387,-0.0619,0.0252,0.3796,-0.0231,0.0729,0.0
201810,53037,"kittitas, wa",395100.0,-0.0098,-0.0422,215,-0.057,0.0997,63.0,0.1682,-0.183,68,-0.3462,-0.0811,8,1.0,1.0,0.0245,0.0134,0.0111,66.0,-0.175,0.0,0.1854,-0.0406,-0.0046,62.0,-0.1458,0.2813,214.0,-0.0203,0.0332,2042.0,-0.0004,-0.0009,671017.0,0.0099,0.2527,277,-0.0783,0.1355,0.286,-0.0297,0.0405,0.0
201810,53019,"ferry, wa",259000.0,-0.0226,0.2154,56,-0.1716,-0.2792,100.0,0.2377,0.0637,8,1.0,1.0,0,,,0.0,0.0,0.0,10.0,-0.1667,0.25,0.1348,-0.0063,0.0399,12.0,0.15,0.3529,123.0,-0.0364,0.037,1633.0,0.0,-0.1595,345731.0,0.0641,0.233,67,-0.1299,-0.2209,0.2072,0.058,0.0968,1.0
201810,53029,"island, wa",429975.0,-0.0194,0.0239,370,0.0264,-0.0173,55.0,0.105,-0.0905,204,-0.1774,-0.0811,28,0.0,0.5556,0.0401,0.0029,0.0153,164.0,-0.1458,-0.0575,0.2493,-0.0106,0.0183,94.0,-0.3125,-0.2996,230.0,-0.0029,0.0784,1943.0,-0.0113,-0.0196,614022.0,-0.008,0.0508,460,-0.065,-0.1016,0.253,-0.1247,-0.102,0.0
201810,53017,"douglas, wa",362450.0,-0.028,0.0955,140,-0.0313,0.0814,65.0,0.3438,0.0403,42,-0.3824,-0.0455,6,0.5,,0.0275,0.0094,0.0275,52.0,0.1818,1.0,0.2528,0.0822,0.1044,36.0,-0.2,4.5385,188.0,-0.0222,0.0567,1990.0,0.002,-0.0363,457276.0,-0.0464,0.1234,175,-0.0789,0.2821,0.2581,-0.0544,0.2077,0.0
201810,53005,"benton, wa",325130.0,0.0004,0.0491,873,-0.0102,0.0246,46.0,0.0833,0.103,262,-0.2202,-0.0507,14,-0.3,-0.125,0.012,-0.0053,-0.0016,208.0,-0.037,0.0505,0.1836,0.0137,0.0076,7.0,5.5,-0.3158,158.0,0.0005,0.1068,2159.0,-0.0096,-0.0242,364249.0,0.0096,0.0841,879,-0.0051,0.0263,0.0074,0.0063,-0.0037,0.0
201810,53067,"thurston, wa",379925.0,0.0131,0.1326,687,-0.0392,0.1724,43.0,0.0962,-0.145,492,-0.1277,0.0165,96,-0.1724,-0.1273,0.0602,-0.0026,-0.01,334.0,-0.1302,0.1597,0.218,0.0102,0.0257,410.0,-0.1557,-0.091,179.0,0.0016,0.091,2170.0,0.0073,0.0276,447496.0,0.0045,0.1335,1098,-0.0804,0.0593,0.5961,-0.0823,-0.1727,0.0
201810,53053,"pierce, wa",395000.0,0.0,0.0972,2199,-0.0211,0.1707,44.0,0.1447,0.0357,1684,-0.1023,-0.0768,368,-0.08,-0.0564,0.072,-0.0026,-0.0081,1254.0,-0.0939,0.2981,0.2499,0.011,0.0523,1240.0,-0.106,0.0576,195.0,-0.006,0.0937,2139.0,0.0033,0.004,482610.0,-0.0016,0.0471,3440,-0.0624,0.1277,0.564,-0.0535,-0.0603,0.0
201810,53009,"clallam, wa",383250.0,0.0112,0.2604,315,-0.0172,-0.3448,64.0,0.1759,-0.0522,98,-0.4024,0.1395,6,0.5,0.5,0.0101,0.004,0.0035,94.0,-0.1897,-0.06,0.1751,-0.0059,0.0115,164.0,0.0031,9.5484,202.0,0.0158,0.1536,1938.0,-0.0112,0.0735,441607.0,-0.0242,0.1468,480,0.001,-0.0274,0.5199,0.0105,0.4876,0.0
201810,53043,"lincoln, wa",277250.0,0.1554,0.7404,45,-0.1,-0.3333,97.0,-0.0558,0.0318,8,-0.3333,-0.2,2,,,0.0253,0.0253,0.0253,8.0,-0.5,-0.4286,0.1082,-0.08,-0.0325,21.0,0.1053,-0.1429,128.0,0.0162,0.6661,2059.0,0.1148,0.059,301135.0,0.1128,0.3256,66,-0.0435,-0.2865,0.4667,0.0867,0.1037,1.0
201810,53003,"asotin, wa",246250.0,-0.0725,0.0265,100,-0.0149,-0.1116,72.0,0.0827,0.1429,30,0.5,0.1538,0,,,0.0,0.0,0.0,20.0,0.0,-0.0909,0.16,-0.0066,-0.0076,,,,121.0,-0.0319,0.0518,2247.0,0.0085,0.0485,324833.0,-0.0459,0.1802,100,-0.0149,-0.1116,,,,0.0
201810,53059,"skamania, wa",504950.0,0.01,0.2744,45,-0.0625,0.0227,77.0,0.1591,0.2803,6,-0.25,-0.25,0,,,0.0,0.0,0.0,8.0,-0.6667,-0.4286,0.1556,-0.2623,-0.0741,0.0,-1.0,-1.0,197.0,0.1089,-0.0754,2473.0,-0.0423,0.2977,629152.0,0.0232,0.1888,45,-0.1,0.0112,0.0,-0.0208,-0.0227,0.0
201810,53001,"adams, wa",190750.0,0.0395,0.0367,37,-0.075,-0.1778,71.0,-0.1125,0.0597,18,0.5,0.5,4,0.0,,0.0473,-0.0053,0.0473,6.0,-0.25,-0.25,0.0859,-0.0336,-0.0332,19.0,-0.0952,-0.1364,105.0,-0.0225,-0.0137,1884.0,-0.0405,-0.0826,229345.0,-0.0215,0.139,56,-0.0667,-0.1111,0.5135,-0.0115,0.0246,0.0
201810,53031,"jefferson, wa",467000.0,0.0174,0.0883,171,-0.0339,-0.2192,65.0,0.1026,-0.1887,78,-0.1136,-0.0714,10,-0.1667,0.25,0.0396,0.0025,0.0178,48.0,-0.25,-0.1429,0.1684,-0.0297,0.0178,43.0,-0.3281,-0.3228,238.0,0.0128,0.0562,2000.0,0.0373,0.0867,573088.0,0.0081,0.0465,214,-0.112,-0.2504,0.2515,-0.1101,-0.0385,0.0
201810,53077,"yakima, wa",284196.0,-0.0366,0.137,388,0.0306,-0.1389,48.0,0.038,-0.1279,184,-0.0213,0.1646,4,,0.0,0.0051,0.0051,0.0002,112.0,0.0769,0.0,0.1423,0.0107,0.0118,223.0,-0.0111,-0.0305,151.0,0.0115,0.1215,1916.0,-0.0355,-0.0282,360715.0,-0.0255,0.181,608,0.0167,-0.1079,0.5742,-0.0242,0.0642,0.0
201810,53063,"spokane, wa",315000.0,0.0328,0.1446,1278,-0.0398,-0.2402,40.0,0.0,-0.1011,784,-0.0798,-0.0151,268,-0.3021,2.7222,0.0812,-0.0274,0.0629,746.0,-0.1285,0.2997,0.2263,-0.0148,0.0813,1261.0,-0.0687,-0.1537,133.0,0.0124,0.1525,2357.0,-0.0071,0.0016,398065.0,0.0229,0.1568,2528,-0.0567,-0.1996,0.9867,-0.0306,0.1008,0.0
201810,53011,"clark, wa",438200.0,0.0099,0.024,1855,-0.0346,0.2392,51.0,0.0851,0.1087,770,-0.1594,-0.0253,78,0.5,0.7727,0.0288,0.0094,0.0108,766.0,-0.1374,0.2852,0.2827,-0.0261,0.0252,87.0,0.0235,0.3385,198.0,0.0001,0.0571,2226.0,0.0066,-0.0635,526499.0,-0.0025,0.0071,1934,-0.0369,0.237,0.0469,0.0027,0.0035,0.0
201810,53073,"whatcom, wa",429675.0,0.0016,0.0249,655,-0.0121,-0.1427,53.0,0.0816,-0.1382,422,0.055,0.055,46,-0.2333,0.2105,0.0382,-0.0087,0.0102,280.0,0.0769,-0.0411,0.2144,0.0244,0.0082,202.0,-0.1062,-0.1459,237.0,-0.0059,0.0902,1948.0,0.0438,0.016,561683.0,0.0572,0.071,859,-0.0272,-0.141,0.3084,-0.0325,-0.0012,0.0
201810,53007,"chelan, wa",453250.0,-0.0336,0.0391,410,-0.0553,0.2294,76.0,0.0483,0.0167,112,-0.1515,0.0182,6,,2.0,0.0102,0.0102,0.0061,98.0,-0.2344,0.1395,0.1696,-0.0241,-0.0199,47.0,-0.0313,4.1667,242.0,0.0052,0.1437,1988.0,0.0226,-0.0141,594119.0,0.0326,0.0485,455,-0.0571,0.3348,0.1134,0.0028,0.0864,0.0
201810,53027,"grays harbor, wa",233700.0,0.0165,0.1484,379,-0.0453,0.0188,66.0,0.0154,-0.1373,162,-0.1383,0.1739,14,-0.125,0.1667,0.0203,-0.0015,0.002,122.0,-0.1528,0.2708,0.189,0.0044,0.0307,137.0,-0.1361,0.2409,151.0,0.0057,0.0582,1546.0,-0.0064,0.0465,270535.0,-0.0121,0.102,509,-0.0838,0.0495,0.3602,-0.0378,0.0645,0.0
201810,53075,"whitman, wa",254675.0,0.0106,0.0213,119,-0.1439,-0.281,84.0,0.2652,0.1284,26,0.0833,0.0833,8,1.0,3.0,0.051,0.0282,0.0412,24.0,0.0,-0.2,0.1561,0.0197,0.0015,6.0,-0.25,-0.1429,128.0,0.0358,0.1047,1912.0,0.0214,-0.0852,273095.0,0.0313,0.0964,124,-0.1448,-0.277,0.0504,-0.0071,0.0081,0.0
201810,53039,"klickitat, wa",449925.0,-0.0526,-0.035,92,0.0517,-0.0317,80.0,-0.0245,-0.0245,24,0.2,0.7143,0,,,0.0,0.0,0.0,18.0,-0.1,-0.1,0.1618,-0.02,-0.0283,2.0,-0.3333,1.0,200.0,0.0006,0.0093,2242.0,-0.0097,0.0016,531776.0,-0.0249,-0.0941,94,0.0389,-0.026,0.0219,-0.0126,0.0113,1.0
201810,53047,"okanogan, wa",289450.0,0.0036,-0.0351,250,-0.0513,0.0418,109.0,0.1667,0.026,46,-0.1786,0.0455,0,-1.0,,0.0,-0.011,0.0,52.0,0.0833,0.4444,0.1587,0.0097,0.0465,28.0,-0.0517,-0.1406,176.0,-0.0272,-0.0715,1648.0,0.0064,0.0752,403807.0,0.0004,0.0365,277,-0.0546,0.0165,0.1102,0.0,-0.0234,0.0
201810,53045,"mason, wa",292450.0,-0.0248,0.1515,297,-0.0405,-0.1202,63.0,0.255,-0.1224,122,-0.1757,-0.1408,18,-0.3571,-0.1,0.0354,-0.0126,0.0007,106.0,-0.2206,0.0,0.1981,-0.0193,0.018,119.0,-0.0775,0.128,168.0,-0.051,0.0654,1763.0,-0.0096,0.0496,369470.0,-0.0349,0.1365,419,-0.0346,-0.052,0.4013,-0.0161,0.0883,0.0
201810,53015,"cowlitz, wa",304750.0,0.0162,0.0847,349,0.0058,0.056,52.0,0.0729,-0.019,190,-0.1038,-0.1441,32,-0.2,0.6,0.0521,-0.0092,0.0228,132.0,-0.0571,0.0476,0.2091,-0.0182,0.0093,73.0,-0.1761,-0.3468,159.0,-0.0005,0.0619,1793.0,-0.0391,-0.0548,379526.0,0.0162,-0.0416,416,-0.0348,-0.0513,0.2077,-0.0459,-0.1281,0.0
201810,53051,"pend oreille, wa",304900.0,-0.0543,-0.0196,113,-0.0854,-0.0964,103.0,0.2716,0.0564,20,0.0,0.1111,2,-0.5,,0.0128,-0.0104,0.0128,32.0,-0.1111,0.4545,0.1967,0.0092,0.0747,27.0,-0.2206,-0.1719,170.0,0.0057,0.0818,2048.0,0.0,0.0323,419257.0,-0.0054,0.1442,137,-0.125,-0.125,0.2356,-0.0409,-0.0215,0.0
201810,53055,"san juan, wa",783500.0,0.066,0.0482,215,-0.057,-0.038,110.0,0.2194,-0.0045,46,-0.0417,-0.08,0,,-1.0,0.0,0.0,-0.0128,44.0,0.0,0.2222,0.1565,0.0224,0.04,25.0,-0.2188,-0.2958,400.0,0.0336,0.0391,2028.0,0.0327,-0.0218,1288375.0,-0.0157,-0.0429,242,-0.0712,-0.0747,0.1163,-0.0241,-0.0426,0.0
201810,53057,"skagit, wa",453425.0,-0.0332,0.0888,434,-0.028,0.0446,58.0,0.15,-0.065,224,-0.125,-0.0744,22,-0.45,-0.3125,0.0282,-0.02,-0.0112,170.0,-0.0116,0.0759,0.2079,0.0006,0.0014,144.0,-0.0035,0.0749,229.0,-0.005,0.1285,2025.0,-0.0501,-0.0252,611777.0,-0.0258,0.0555,576,-0.0311,0.056,0.331,0.0082,0.0093,0.0
201809,53039,"klickitat, wa",474900.0,0.0744,0.0818,87,0.0235,-0.1122,82.0,0.0449,0.2443,20,-0.2857,-0.375,0,,,0.0,0.0,0.0,20.0,0.25,-0.1667,0.1818,0.0478,0.026,3.0,-0.25,0.5,200.0,0.0229,0.0394,2264.0,-0.0161,0.0594,545356.0,-0.017,-0.0542,90,0.0169,-0.1,0.0345,-0.0126,0.0141,0.0
201809,53037,"kittitas, wa",399000.0,-0.0208,-0.0911,228,0.2128,0.0556,54.0,-0.0446,-0.0776,104,-0.2464,0.1304,4,-0.6,,0.0111,-0.0133,0.0111,80.0,-0.1304,0.4286,0.226,-0.0001,0.0893,72.0,-0.1771,0.2414,218.0,-0.0201,0.0156,2043.0,0.0485,0.0032,664421.0,-0.0497,0.223,300,0.0909,0.1111,0.3158,-0.1496,0.0473,0.0
201809,53061,"snohomish, wa",509950.0,-0.0088,0.1088,1780,0.0947,0.3841,35.0,0.2727,0.2069,1464,-0.1062,0.0861,284,-0.1548,3.4375,0.0713,-0.0068,0.0416,996.0,-0.0311,0.9762,0.2425,0.0057,0.0752,989.0,-0.1038,-0.1082,260.0,0.0031,0.1031,2029.0,-0.0037,-0.0017,595505.0,-0.0058,0.0934,2697,-0.0095,0.1261,0.5556,-0.123,-0.3067,0.0
201809,53005,"benton, wa",325000.0,-0.0207,0.0322,882,0.0115,0.0639,42.0,0.0769,-0.0233,336,0.0244,-0.0345,20,-0.2308,0.6667,0.0173,-0.0041,0.0073,216.0,0.2135,0.102,0.1698,0.0235,0.0125,1.0,-0.75,-0.9,157.0,0.0054,0.1002,2180.0,-0.0047,-0.0222,360798.0,-0.0012,0.0673,883,0.0115,0.0562,0.0011,-0.0035,-0.0109,0.0
201809,53059,"skamania, wa",499950.0,-0.0477,0.2224,48,-0.1028,0.0667,66.0,-0.0112,0.4348,8,-0.5556,-0.6,0,,,0.0,0.0,0.0,24.0,-0.1429,1.0,0.4179,0.0313,0.2333,1.0,0.0,0.0,178.0,-0.1979,-0.1549,2582.0,0.0884,0.355,614907.0,-0.0044,0.3135,50,-0.0909,0.087,0.0208,0.0021,-0.0014,0.0
201809,53025,"grant, wa",245000.0,-0.0519,0.0161,293,0.0655,-0.0901,57.0,0.0556,-0.2297,120,-0.1892,0.1111,16,-0.4667,0.3333,0.0304,-0.0248,0.0029,88.0,-0.1538,0.1,0.1424,-0.0478,-0.0007,118.0,-0.0407,0.2292,141.0,-0.0041,0.083,1800.0,-0.0092,-0.0196,330216.0,-0.0142,0.1137,412,0.0339,0.0198,0.4027,-0.0445,0.1046,0.0
201809,53053,"pierce, wa",395000.0,-0.0112,0.0822,2246,0.067,0.1264,38.0,0.1429,0.0,1876,-0.1893,0.0,400,-0.2,4.2632,0.0746,-0.0091,0.0532,1384.0,0.0663,0.5516,0.2389,0.016,0.0095,1387.0,-0.092,0.1607,197.0,0.0005,0.0964,2132.0,-0.0189,-0.0202,483372.0,-0.0169,0.0277,3669,0.0099,0.1505,0.6175,-0.1081,0.0182,0.0
201809,53065,"stevens, wa",275000.0,-0.0044,0.07,287,-0.0401,-0.1753,76.0,0.216,-0.0617,60,-0.25,0.1538,4,-0.3333,,0.0092,-0.0036,0.0092,80.0,-0.2727,0.6667,0.1839,-0.0402,0.0811,83.0,-0.0978,-0.1075,136.0,0.0137,0.1016,2120.0,-0.0149,-0.01,376145.0,0.0229,0.1426,369,-0.0526,-0.1614,0.2892,-0.0185,0.022,0.0
201809,53011,"clark, wa",433900.0,-0.0336,0.0104,1921,0.0378,0.2722,47.0,0.1899,0.119,916,-0.0785,-0.0338,52,-0.4468,-0.1333,0.0194,-0.013,-0.0051,888.0,-0.0633,0.414,0.3088,-0.0178,0.0541,85.0,0.0559,0.2879,198.0,0.01,0.0641,2212.0,-0.0409,-0.0727,527801.0,-0.0277,0.0104,2008,0.0415,0.2749,0.0442,0.0008,0.0005,0.0
201809,53003,"asotin, wa",265500.0,-0.0093,0.1086,101,-0.0472,-0.0648,67.0,0.4696,0.1271,20,-0.3333,-0.375,0,,-1.0,0.0,0.0,-0.0278,20.0,-0.0909,-0.1667,0.1667,-0.0056,0.0,,,,125.0,0.0223,0.1684,2228.0,-0.0128,0.005,340471.0,0.028,0.2507,101,-0.0472,-0.0648,,,,0.0
201809,53021,"franklin, wa",282153.0,-0.0073,0.0647,272,0.0402,-0.1111,45.0,0.2329,-0.0426,96,-0.0588,0.1429,8,-0.2,-0.3333,0.0219,-0.0049,-0.0091,56.0,0.037,-0.125,0.1522,0.0103,-0.0167,1.0,-0.5,-0.75,154.0,-0.0045,0.1321,1913.0,-0.0376,-0.0803,322397.0,-0.0132,0.0796,272,0.0323,-0.1197,0.0037,-0.004,-0.0094,0.0
201809,53063,"spokane, wa",305000.0,-0.0317,0.1091,1331,0.0382,-0.2324,40.0,0.0667,-0.0909,852,-0.1162,-0.0897,384,-0.04,5.8571,0.1086,0.0029,0.0957,856.0,0.1146,0.297,0.2411,0.0363,0.0887,1354.0,-0.1086,-0.1652,131.0,-0.0098,0.137,2374.0,0.0008,-0.0071,389138.0,-0.017,0.134,2680,-0.0406,-0.2055,1.0173,-0.1676,0.0819,0.0
201809,53069,"wahkiakum, wa",315000.0,-0.0374,0.0081,31,0.0,-0.1389,85.0,0.2782,-0.0503,12,0.2,0.0,0,,,0.0,0.0,0.0,12.0,0.0,2.0,0.2069,-0.0747,0.1253,7.0,-0.0667,1.3333,166.0,-0.0213,-0.0137,2052.0,-0.0057,0.0534,409115.0,-0.0057,0.1542,38,0.027,-0.05,0.2258,-0.0161,0.1425,0.0
201809,53051,"pend oreille, wa",322400.0,0.0571,0.0434,123,-0.0238,-0.1745,81.0,0.1613,0.0253,20,-0.4118,0.25,4,0.0,,0.0233,0.0028,0.0233,36.0,-0.1429,0.8,0.1875,-0.0346,0.0875,34.0,-0.0685,-0.0811,169.0,-0.0047,0.0314,2048.0,0.0245,0.113,421531.0,0.0237,0.1897,156,-0.0311,-0.1522,0.2764,-0.0133,0.0281,0.0
201809,53071,"walla walla, wa",334975.0,0.0001,0.1837,177,0.0695,-0.0684,58.0,0.045,0.16,88,-0.1852,-0.0833,0,,,0.0,0.0,0.0,56.0,0.0769,0.0769,0.2214,0.0304,0.0142,1.0,0.0,-0.6667,161.0,0.0101,0.1184,2185.0,-0.0058,0.0316,406730.0,-0.0264,0.1273,178,0.0691,-0.0777,0.0056,-0.0004,-0.0101,0.0
201809,53043,"lincoln, wa",239950.0,-0.0103,0.2696,50,-0.1453,-0.2754,103.0,0.2082,0.2047,12,2.0,0.0,0,-1.0,,0.0,-0.0813,0.0,16.0,-0.1111,0.3333,0.1882,-0.0015,0.0801,19.0,-0.24,-0.3667,125.0,-0.0086,0.5303,1847.0,-0.0269,-0.1095,270613.0,-0.0271,0.1055,69,-0.1687,-0.303,0.38,-0.0474,-0.0548,0.0
201809,53009,"clallam, wa",379000.0,-0.0307,0.2178,320,0.0614,-0.3613,54.0,0.2558,-0.0769,164,0.2813,-0.0465,4,0.0,0.0,0.006,-0.0008,-0.0001,116.0,0.234,0.0,0.181,0.0223,-0.0302,163.0,0.0516,15.3,199.0,-0.0041,0.1421,1960.0,-0.0116,0.067,452560.0,-0.0245,0.1452,479,0.0493,-0.0608,0.5094,-0.0047,0.4894,0.0
201809,53057,"skagit, wa",469000.0,-0.0227,0.1193,446,0.0396,0.0136,50.0,0.0989,0.0,256,-0.1795,-0.1111,40,0.25,0.4286,0.0482,0.0142,0.0086,172.0,0.0886,0.2286,0.2072,0.0392,0.024,144.0,-0.1166,0.007,230.0,-0.004,0.127,2132.0,0.0009,0.0265,627987.0,-0.0165,0.0933,594,-0.0025,0.0206,0.3229,-0.0571,-0.0021,0.0
201809,53007,"chelan, wa",469000.0,-0.0204,0.044,434,0.0272,0.2471,73.0,0.1983,0.1154,132,-0.2667,0.0,0,-1.0,,0.0,-0.0212,0.0,128.0,0.1429,0.6,0.1936,0.0125,0.0163,48.0,0.0549,2.6923,241.0,0.0038,0.1199,1944.0,-0.0198,-0.0184,575345.0,0.0031,0.0242,482,0.0366,0.3426,0.1106,0.0029,0.0732,0.0
201809,53035,"kitsap, wa",409975.0,-0.0399,0.0539,679,0.0899,0.0257,38.0,0.1692,-0.1556,572,-0.1437,-0.0338,92,-0.4026,1.0909,0.0569,-0.0314,0.03,384.0,0.2,0.3714,0.2258,0.0395,-0.0165,422.0,-0.1125,0.2635,201.0,-0.0105,0.0571,2145.0,-0.0076,0.0273,539643.0,-0.0516,-0.002,1105,0.0064,0.1094,0.6215,-0.1417,0.117,0.0
201809,53073,"whatcom, wa",429000.0,0.019,0.0489,663,-0.0038,-0.1885,49.0,0.225,-0.0755,400,-0.177,-0.0909,60,-0.0323,0.3636,0.0469,0.0024,0.0137,260.0,-0.0845,-0.1333,0.1901,-0.0122,-0.0239,226.0,-0.0794,-0.0088,238.0,0.0102,0.114,1866.0,0.0162,-0.0327,531273.0,0.0167,-0.0021,883,-0.0173,-0.1469,0.3409,-0.028,0.0618,0.0
201809,53033,"king, wa",679000.0,-0.0197,0.0611,5139,0.1616,0.8032,36.0,0.2203,0.2414,3984,0.0797,0.2146,468,-0.3276,4.85,0.0411,-0.0242,0.0232,2972.0,0.2042,2.5213,0.2544,0.023,0.105,2262.0,-0.1204,-0.0779,362.0,0.0199,0.1407,2010.0,-0.0451,-0.0864,990307.0,-0.0294,-0.0442,7396,0.0577,0.3861,0.4402,-0.1411,-0.4205,0.0
201809,53075,"whitman, wa",252000.0,0.0084,0.012,139,-0.0915,-0.2147,66.0,0.1478,-0.1538,24,-0.5,-0.4,4,,,0.0227,0.0227,0.0227,24.0,-0.4286,-0.4,0.1364,-0.0584,-0.0523,8.0,-0.1111,0.1429,124.0,-0.0057,0.0658,1872.0,-0.0032,-0.1,264804.0,0.0061,0.0595,145,-0.0994,-0.212,0.0576,-0.0013,0.018,0.0
201809,53041,"lewis, wa",299000.0,0.0061,0.196,302,0.0709,-0.0958,49.0,0.071,-0.1552,184,-0.0515,0.3143,12,-0.4545,2.0,0.021,-0.0171,0.0132,128.0,0.0847,0.1852,0.1958,-0.0027,0.0014,120.0,0.165,0.2903,159.0,0.0099,0.107,1864.0,-0.0003,0.0591,341248.0,-0.0115,0.1012,429,0.1128,0.0214,0.3974,0.0321,0.1189,0.0
201809,53029,"island, wa",438500.0,-0.0134,0.0083,360,0.0496,-0.0886,50.0,0.1696,-0.1379,248,-0.1079,0.0,28,-0.125,6.0,0.0372,-0.0049,0.0297,192.0,0.0213,0.3714,0.2599,0.0091,0.0528,136.0,-0.0145,-0.0073,230.0,0.0004,0.0694,1965.0,-0.0253,-0.0382,618977.0,-0.0119,0.0346,492,0.0165,-0.0752,0.3778,-0.0246,0.0309,0.0
201809,53055,"san juan, wa",735000.0,0.0251,0.0244,228,-0.0236,-0.1618,90.0,0.0909,-0.1176,48,-0.1111,-0.25,0,-1.0,,0.0,-0.0061,0.0,44.0,-0.0435,-0.1538,0.1341,-0.0098,-0.0192,32.0,0.0,0.1034,387.0,-0.0143,0.0149,1964.0,0.0184,-0.018,1308982.0,0.0799,0.0437,260,-0.0189,-0.0614,0.1404,0.0033,0.0337,0.0
201809,53031,"jefferson, wa",459000.0,-0.0128,0.0929,177,-0.0275,-0.2892,59.0,0.0636,-0.1875,88,-0.3333,-0.1538,12,0.2,0.5,0.0372,0.0084,0.0172,64.0,-0.0857,-0.2,0.1981,0.018,0.0231,64.0,-0.0448,0.0159,235.0,-0.0074,0.0708,1928.0,-0.0331,0.043,568509.0,-0.0652,0.0703,241,-0.0302,-0.2072,0.3616,-0.0065,0.1086,0.0
201809,53013,"columbia, wa",224000.0,0.4461,0.4009,24,-0.2,-0.2727,85.0,0.2319,-0.2766,8,0.0,1.0,0,,,0.0,0.0,0.0,4.0,0.0,-0.6667,0.1143,0.031,-0.1257,,,,125.0,0.1014,0.3151,1821.0,0.0795,0.0114,261646.0,0.1627,0.285,24,-0.2,-0.2727,,,,1.0
201809,53017,"douglas, wa",372900.0,0.0101,0.0937,144,0.1077,0.0992,48.0,0.0667,0.0667,68,-0.0811,-0.15,4,-0.3333,,0.0182,-0.0045,0.0182,44.0,-0.0435,0.5714,0.1705,-0.0124,-0.0149,45.0,-0.0909,8.0,192.0,0.011,0.1121,1986.0,-0.0005,-0.0689,479541.0,0.0521,0.1644,190,0.0526,0.4179,0.3125,-0.0683,0.2743,0.0
201809,53027,"grays harbor, wa",229900.0,0.0222,0.1367,397,-0.0341,-0.0936,65.0,0.1354,-0.0441,188,-0.0874,0.3056,16,-0.2727,1.0,0.0218,-0.0072,0.0097,144.0,-0.1,0.2,0.1846,-0.0271,-0.0055,158.0,0.0096,0.549,150.0,0.0029,0.0723,1556.0,0.0132,0.0585,273855.0,0.0179,0.1516,555,-0.0246,0.0694,0.398,0.0172,0.1651,0.0
201809,53067,"thurston, wa",375000.0,0.0,0.161,715,0.0303,0.0362,39.0,0.1556,-0.025,564,-0.1215,0.1016,116,-0.0794,2.2222,0.0628,-0.0048,0.0358,384.0,0.0105,0.2468,0.2078,0.0021,0.0145,485.0,-0.0637,0.0521,179.0,0.0083,0.0883,2154.0,-0.0239,0.0403,445474.0,0.0114,0.1478,1194,-0.0132,0.0825,0.6783,-0.0681,0.0102,0.0
201809,53023,"garfield, wa",159995.0,0.0459,0.0996,13,-0.037,-0.2353,111.0,0.48,0.2907,4,1.0,0.0,0,,,0.0,0.0,0.0,4.0,-0.3333,,0.2353,-0.1291,0.2353,,,,79.0,-0.0022,0.1545,2084.0,0.0487,-0.0079,189123.0,0.0541,0.1561,13,-0.037,-0.2353,,,,0.0
201809,53077,"yakima, wa",295000.0,0.0137,0.18,376,0.0621,-0.1336,46.0,-0.1111,-0.0213,188,0.0682,-0.0784,0,-1.0,-1.0,0.0,-0.005,-0.0088,104.0,0.1556,-0.037,0.1316,0.0189,0.0195,225.0,-0.1573,-0.1509,149.0,0.0293,0.1319,1987.0,0.0061,-0.0068,370152.0,-0.0268,0.2075,598,-0.037,-0.1542,0.5984,-0.1558,-0.0122,0.0
201809,53045,"mason, wa",299900.0,0.0025,0.1149,309,0.0115,-0.144,50.0,0.1364,-0.1379,148,-0.2371,-0.119,28,-0.0667,6.0,0.048,0.0008,0.0406,136.0,0.0303,0.4167,0.2174,0.0096,0.0516,129.0,-0.0686,0.2056,177.0,-0.0172,0.1021,1780.0,0.0171,0.0358,382816.0,0.0012,0.1331,434,-0.0214,-0.0606,0.4175,-0.0359,0.1211,0.0
201809,53001,"adams, wa",183500.0,-0.0225,0.0546,40,0.0256,-0.0476,80.0,0.1636,0.3793,12,-0.3333,0.0,4,0.0,,0.0526,0.0006,0.0526,8.0,3.0,1.0,0.1194,0.0941,0.0653,21.0,-0.0455,-0.0455,107.0,-0.0185,0.1406,1963.0,0.0056,-0.0829,234375.0,-0.0035,0.1905,60,0.0169,0.0,0.525,-0.0391,0.0012,0.0
201809,53047,"okanogan, wa",288400.0,0.001,-0.0123,263,-0.0131,-0.0259,93.0,0.1589,0.0568,56,0.0,0.0,4,1.0,,0.011,0.0053,0.011,48.0,-0.2941,0.0,0.1489,-0.0419,0.0178,29.0,-0.1343,-0.0645,180.0,0.0357,-0.0239,1638.0,0.0068,0.083,403627.0,-0.0065,0.0813,293,-0.0233,0.0034,0.1103,-0.0154,-0.0045,0.0
201809,53019,"ferry, wa",265000.0,0.0392,0.3257,67,-0.0496,-0.1625,81.0,0.2756,-0.1563,4,-0.75,-0.6667,0,-1.0,,0.0,-0.0183,0.0,12.0,0.2,0.5,0.1412,0.0422,0.062,10.0,-0.375,-0.1667,128.0,0.0203,0.1032,1633.0,-0.0174,-0.1651,324914.0,0.0474,0.1392,77,-0.0941,-0.163,0.1493,-0.0777,-0.0007,0.0
201809,53015,"cowlitz, wa",299900.0,0.0018,0.0168,347,0.0029,-0.0029,48.0,0.2468,0.0549,212,-0.152,0.06,40,0.3333,1.0,0.0613,0.017,0.0273,140.0,-0.125,0.0606,0.2273,-0.0089,0.0051,88.0,-0.0588,-0.2072,159.0,-0.002,0.0835,1866.0,0.0119,-0.1097,373467.0,0.0146,-0.0694,431,-0.0171,-0.0092,0.2536,-0.0166,-0.0654,0.0
201809,53049,"pacific, wa",257763.0,0.0117,0.0352,218,0.0283,0.2247,87.0,0.234,0.0419,44,-0.1538,-0.2667,0,-1.0,-1.0,0.0,-0.0068,-0.015,40.0,-0.3103,0.4286,0.1295,-0.071,0.0396,22.0,-0.0435,-0.0435,173.0,-0.0069,0.0995,1544.0,0.0052,-0.0749,343620.0,0.0242,0.0642,237,0.0107,0.1791,0.1009,-0.0076,-0.0283,0.0
201808,53039,"klickitat, wa",442000.0,-0.0177,0.086,85,-0.0286,-0.0957,78.0,0.1908,0.2046,28,0.0,-0.2222,0,,-1.0,0.0,0.0,-0.014,16.0,-0.2727,0.0,0.1341,-0.0628,0.0157,4.0,0.0,1.0,195.0,-0.0016,0.0452,2301.0,-0.0065,0.1566,554805.0,-0.0532,0.0132,89,-0.038,-0.0781,0.0471,0.0013,0.0258,0.0
201808,53049,"pacific, wa",254791.0,0.0007,0.0645,212,0.0217,0.0928,71.0,0.0846,-0.0342,52,-0.2571,-0.2121,2,-0.75,,0.0068,-0.02,0.0068,58.0,0.2083,0.16,0.2004,0.0426,0.0016,23.0,-0.1636,45.0,174.0,0.0252,0.1034,1536.0,-0.0026,-0.0827,335517.0,0.0326,0.0572,235,-0.0021,0.2057,0.1085,-0.024,0.1059,0.0
201808,53003,"asotin, wa",268000.0,-0.0037,0.1213,106,0.0242,-0.0185,45.0,0.0169,-0.2458,30,-0.1667,0.0714,0,,,0.0,0.0,0.0,22.0,-0.2667,0.1,0.1723,-0.0434,0.026,,,,122.0,-0.0088,0.0932,2257.0,-0.0513,0.0227,331181.0,-0.0173,0.2402,106,0.0242,-0.0185,,,,0.0
201808,53005,"benton, wa",331870.0,-0.0193,0.0067,872,0.0551,0.4668,39.0,0.0685,0.0685,328,-0.159,-0.0939,26,0.8571,0.625,0.0214,0.0092,0.0044,178.0,-0.0729,-0.1359,0.1463,-0.0277,-0.0706,4.0,0.6,-0.6667,157.0,0.0013,0.0858,2190.0,-0.0024,-0.0717,361243.0,0.0027,0.0028,873,0.0543,0.443,0.0046,0.0016,-0.0156,0.0
201808,53015,"cowlitz, wa",299350.0,-0.0008,0.0122,346,0.0597,-0.0508,39.0,0.1493,0.0065,250,-0.031,0.2626,30,0.0714,6.5,0.0443,0.0004,0.038,160.0,0.2903,0.25,0.2362,0.0597,0.038,94.0,0.0275,4.8438,159.0,0.0069,0.1295,1844.0,0.0008,-0.1368,368085.0,-0.0197,-0.0891,439,0.0541,0.1494,0.2702,-0.0085,0.2263,0.0
201808,53045,"mason, wa",299163.0,0.0058,0.1289,306,0.0833,-0.171,44.0,0.1892,-0.0538,194,-0.1339,0.1023,30,-0.1176,14.0,0.0473,-0.0056,0.0439,132.0,0.2222,0.0476,0.2078,0.0447,-0.0086,139.0,-0.0948,3.4677,180.0,0.0199,0.1322,1750.0,0.0127,0.0401,382346.0,0.0171,0.1354,444,0.0023,0.1101,0.4534,-0.0892,0.3692,0.0
201808,53031,"jefferson, wa",464950.0,0.0355,0.0634,182,-0.0055,-0.3713,55.0,0.0732,-0.0871,132,0.2692,0.2941,10,0.25,1.5,0.0288,0.0057,0.0187,70.0,0.4,-0.0541,0.1802,0.0255,-0.0044,67.0,0.072,3.1875,236.0,-0.0033,0.044,1994.0,-0.0071,0.0715,608188.0,0.0327,0.1841,249,0.0122,-0.1852,0.3681,0.0266,0.3129,0.0
201808,53067,"thurston, wa",374990.0,0.0067,0.1777,694,0.1131,-0.0532,34.0,0.08,0.125,642,-0.0881,0.1263,126,-0.2317,6.875,0.0675,-0.0165,0.0564,380.0,0.338,0.2102,0.2057,0.0567,-0.0149,518.0,-0.0667,3.0627,177.0,0.0077,0.1024,2207.0,0.0035,0.0879,440441.0,0.0321,0.1544,1210,0.0177,0.4029,0.7464,-0.1437,0.5725,0.0
201808,53035,"kitsap, wa",427000.0,-0.0284,0.0511,623,0.1358,-0.0838,33.0,0.0484,0.0,668,0.003,0.3745,154,0.3276,1.9615,0.0884,0.0224,0.0453,320.0,0.1268,0.2121,0.1862,0.0222,-0.0196,476.0,-0.0649,8.9063,203.0,-0.0151,0.0839,2162.0,-0.0108,0.0136,569025.0,-0.0282,0.0241,1098,0.0413,0.5082,0.7632,-0.1638,0.6927,0.0
201808,53001,"adams, wa",187725.0,0.1207,0.1995,39,-0.0127,0.2787,69.0,0.4031,0.2061,18,-0.1,3.5,4,,,0.052,0.052,0.052,2.0,-0.75,-0.8,0.0253,-0.0935,-0.1797,22.0,0.1579,1.0,109.0,0.072,0.4019,1952.0,0.0549,-0.0824,235200.0,0.1204,0.2761,59,-0.0084,0.4568,0.5641,0.0831,0.2034,1.0
201808,53017,"douglas, wa",369175.0,0.0028,0.0926,130,0.0484,0.0656,45.0,0.125,0.2329,74,0.0882,0.1563,6,0.0,,0.0227,-0.0014,0.0227,46.0,0.3529,0.9167,0.1829,0.046,0.0566,50.0,0.0313,11.375,190.0,0.0031,0.0874,1987.0,-0.0097,-0.063,455805.0,0.0413,0.1408,181,0.0649,0.4325,0.3808,-0.0063,0.348,0.0
201808,53021,"franklin, wa",284225.0,-0.0443,0.006,262,0.0587,0.2694,37.0,0.0139,-0.0395,102,-0.0556,-0.3014,10,0.6667,0.0,0.0268,0.0148,-0.0058,54.0,0.8,-0.069,0.1419,0.0403,-0.0155,2.0,-0.5,0.0,155.0,-0.0073,0.1167,1988.0,-0.0496,-0.0932,326718.0,-0.0357,0.0221,264,0.0519,0.2548,0.0076,-0.0085,-0.0021,0.0
201808,53023,"garfield, wa",152975.0,-0.0509,0.0588,14,-0.1,-0.25,75.0,0.4563,-0.2754,2,-0.5,-0.5,0,,,0.0,0.0,0.0,6.0,0.5,0.5,0.3644,0.1163,0.1791,,,,79.0,0.0151,0.4631,1987.0,-0.0113,-0.0494,179419.0,-0.0292,0.1478,14,-0.1,-0.25,,,,0.0
201808,53011,"clark, wa",449000.0,-0.0022,0.0323,1851,0.084,0.2532,40.0,0.0395,0.0822,994,-0.0762,-0.01,94,0.5161,-0.0208,0.0324,0.0103,-0.0067,948.0,0.134,0.432,0.3266,0.0433,0.0678,81.0,0.0662,0.2385,196.0,-0.0056,0.0615,2306.0,-0.0244,-0.0472,542828.0,-0.0028,0.04,1928,0.0816,0.2503,0.0435,-0.0007,-0.0005,0.0
201808,53053,"pierce, wa",399475.0,-0.0255,0.0952,2105,0.0893,0.0431,33.0,0.1083,0.1083,2314,0.0221,0.3253,500,-0.0196,9.4167,0.0836,-0.0019,0.0712,1298.0,0.1779,0.5868,0.2229,0.0382,0.0084,1528.0,-0.036,12.5778,197.0,-0.0025,0.0917,2173.0,-0.0208,0.0107,491660.0,-0.0183,0.0405,3633,0.0312,0.7012,0.7257,-0.0943,0.6699,0.0
201808,53019,"ferry, wa",255000.0,0.3791,0.2756,71,0.1653,-0.0962,64.0,-0.0896,-0.2463,16,0.0,0.1429,2,,,0.0183,0.0183,0.0183,10.0,0.6667,1.5,0.099,0.0378,0.0565,16.0,-0.2,2.5556,125.0,0.0262,-0.0546,1662.0,0.0294,-0.1026,310210.0,0.0423,0.0788,85,0.0692,0.0303,0.227,-0.1036,0.1693,0.0
201808,53055,"san juan, wa",717000.0,-0.0572,-0.0369,234,-0.0085,-0.1368,83.0,0.0963,-0.0678,54,-0.129,-0.0357,2,,,0.0061,0.0061,0.0061,46.0,0.0952,0.15,0.1439,0.0183,0.0273,32.0,0.0,7.0,393.0,-0.0118,0.013,1929.0,0.015,-0.0675,1212172.0,-0.0003,-0.0471,265,-0.0038,-0.0328,0.137,0.0012,0.1223,0.0
201808,53075,"whitman, wa",249900.0,0.0,0.0026,153,0.0,-0.0255,58.0,0.1386,-0.2282,48,-0.2,0.0,0,,,0.0,0.0,0.0,42.0,0.4,-0.087,0.1948,0.0425,0.0134,9.0,0.8,-0.25,125.0,-0.0097,0.069,1878.0,-0.0126,-0.0969,263200.0,-0.0232,0.0321,161,0.0126,-0.033,0.0588,0.0261,-0.0176,0.0
201808,53077,"yakima, wa",291000.0,0.0101,0.1878,354,0.0014,-0.1216,52.0,0.0895,0.15,176,-0.296,-0.2903,4,-0.5,1.0,0.005,-0.004,0.0029,90.0,0.0465,-0.3571,0.1128,0.0111,-0.0409,267.0,0.0309,-0.0056,145.0,-0.0125,0.1045,1975.0,0.0119,-0.0095,380360.0,0.0336,0.2844,621,0.0073,-0.0814,0.7542,0.0216,0.088,0.0
201808,53037,"kittitas, wa",407475.0,-0.0036,-0.0925,188,-0.0208,-0.1194,56.0,0.2174,0.1789,138,0.3269,0.3529,10,0.25,,0.0243,0.0043,0.0243,92.0,0.0698,1.0,0.2261,-0.0009,0.0821,88.0,0.0294,6.0,223.0,-0.0201,0.0485,1948.0,0.0484,-0.0318,699171.0,0.007,0.3018,275,-0.0265,0.2141,0.4654,0.0227,0.4069,0.0
201808,53041,"lewis, wa",297200.0,-0.0077,0.1891,282,0.1487,-0.1557,46.0,0.0055,-0.0615,194,0.0211,0.2278,22,0.0,,0.0381,-0.002,0.0381,118.0,0.1346,0.439,0.1985,0.0111,0.0464,103.0,-0.019,1.5122,157.0,0.0159,0.111,1865.0,-0.0389,0.0463,345225.0,-0.0207,0.1029,386,0.0952,0.0307,0.3652,-0.0625,0.2425,0.0
201808,53025,"grant, wa",258425.0,0.0156,0.0675,275,0.0536,-0.1679,54.0,0.0537,-0.203,148,-0.0633,0.2542,30,1.5,6.5,0.0551,0.0339,0.0462,104.0,0.6774,0.4857,0.1902,0.076,0.0366,123.0,-0.0646,13.4706,141.0,-0.0173,0.0881,1817.0,0.0234,-0.0166,334988.0,0.0912,0.143,399,0.0297,0.1755,0.4473,-0.0566,0.4216,0.0
201808,53065,"stevens, wa",276225.0,-0.0124,0.0336,299,0.0275,-0.2027,63.0,0.0776,-0.1776,80,-0.2157,-0.0698,6,-0.5,0.5,0.0128,-0.0123,0.0058,110.0,0.1702,0.4103,0.2241,0.0391,0.0866,92.0,-0.128,-0.128,134.0,-0.0143,0.0686,2152.0,-0.0025,-0.0014,367714.0,0.0364,0.0735,390,-0.0102,-0.1851,0.3077,-0.0549,0.0264,0.0
201808,53061,"snohomish, wa",514500.0,-0.0194,0.1371,1626,0.1843,0.2859,28.0,-0.0179,0.2791,1638,-0.0488,0.2542,336,-0.0233,7.8421,0.0781,-0.0106,0.0638,1028.0,0.4561,1.2155,0.2368,0.0787,0.0619,1104.0,-0.085,13.8121,259.0,-0.0024,0.1228,2036.0,-0.0094,-0.0044,598973.0,-0.0204,0.1182,2723,0.0585,1.0336,0.6787,-0.1997,0.6197,0.0
201808,53027,"grays harbor, wa",224900.0,0.011,0.1251,411,-0.0012,-0.1104,57.0,0.1171,0.0223,206,-0.0096,0.1705,22,0.1,1.75,0.029,0.0043,0.0161,160.0,0.0667,0.5094,0.2117,0.022,0.0389,157.0,0.0064,18.5625,150.0,-0.0081,0.0848,1536.0,0.0314,0.0566,269044.0,0.0222,0.1618,569,0.0044,0.2145,0.3808,0.0029,0.3635,0.0
201808,53013,"columbia, wa",154900.0,-0.0131,-0.0313,30,0.0526,-0.1549,69.0,0.2661,-0.2813,8,0.3333,-0.2,0,,,0.0,0.0,0.0,4.0,-0.5,0.0,0.0833,-0.1285,-0.0048,,,,114.0,-0.0116,0.1321,1687.0,0.0287,-0.0464,225035.0,0.0256,0.1468,30,0.0526,-0.1549,,,,0.0
201808,53047,"okanogan, wa",288100.0,-0.0376,-0.0005,267,0.0329,-0.0396,80.0,0.2252,0.1263,56,-0.3,-0.2222,2,,,0.0056,0.0056,0.0056,68.0,0.1724,0.7895,0.1909,0.0386,0.0793,34.0,-0.2299,2.0455,174.0,-0.0277,-0.0424,1627.0,-0.0272,0.0441,406279.0,-0.0018,0.0835,300,-0.0033,0.0399,0.1257,-0.0429,0.0861,0.0
201808,53043,"lincoln, wa",242450.0,-0.0849,0.2433,59,-0.064,-0.1931,85.0,0.4956,0.2583,4,-0.8,-0.6,8,3.0,,0.0813,0.0625,0.0813,18.0,-0.3571,-0.1,0.1897,-0.0571,0.0055,25.0,-0.1935,-0.1071,127.0,-0.081,0.4819,1898.0,0.0276,-0.0545,278153.0,-0.0337,0.1651,83,-0.117,-0.1741,0.4274,-0.0686,0.0411,0.0
201808,53069,"wahkiakum, wa",327225.0,0.0188,0.1226,31,-0.0462,-0.0606,67.0,0.1466,-0.2083,10,0.0,1.5,0,,,0.0,0.0,0.0,12.0,0.2,1.0,0.2816,0.0321,0.1346,8.0,0.0714,6.5,169.0,0.0111,0.1121,2064.0,0.0359,0.0467,411481.0,0.1333,0.1492,37,-0.039,0.0882,0.2419,0.0266,0.2116,1.0
201808,53033,"king, wa",692625.0,-0.014,0.093,4424,0.1312,0.6173,30.0,0.0727,0.3721,3690,-0.0738,0.2275,696,-0.2109,12.3846,0.0652,-0.0202,0.0561,2468.0,0.2695,1.9242,0.2313,0.0592,0.0886,2572.0,-0.1247,11.9547,355.0,-0.0256,0.1291,2105.0,-0.0117,-0.0363,1020281.0,-0.043,-0.0106,6993,0.0248,1.3816,0.5813,-0.17,0.5087,0.0
201808,53063,"spokane, wa",315000.0,-0.0231,0.1455,1282,0.0389,-0.2777,38.0,0.0274,0.0274,964,-0.0713,-0.0888,400,-0.1453,4.5556,0.1057,-0.0205,0.0899,768.0,0.0637,0.1163,0.2047,0.0199,0.0525,1519.0,-0.0422,-0.1303,132.0,-0.0131,0.1469,2372.0,-0.018,-0.0015,395875.0,-0.0264,0.1567,2794,-0.0013,-0.2038,1.1849,-0.1004,0.2009,0.0
201808,53007,"chelan, wa",478750.0,-0.0223,0.0686,423,0.0497,0.1835,61.0,0.2604,0.0168,180,0.0714,0.1688,14,2.5,2.5,0.0212,0.0144,0.0144,112.0,-0.0508,0.3023,0.1811,-0.0098,0.0146,46.0,-0.0109,4.3529,240.0,0.0381,0.1233,1983.0,-0.0039,0.0014,573562.0,-0.0062,0.0303,465,0.0345,0.2722,0.1077,-0.0066,0.0839,0.0
201808,53029,"island, wa",444450.0,-0.0317,0.0036,343,0.0586,-0.1843,43.0,0.0179,-0.1535,278,0.0072,0.3365,32,0.1429,,0.0421,0.0063,0.0421,188.0,0.2703,0.3056,0.2508,0.0531,0.038,138.0,-0.1348,10.04,230.0,-0.0205,0.0744,2016.0,-0.0223,-0.0148,626404.0,-0.0306,0.0443,484,0.0115,0.1152,0.4023,-0.09,0.3726,0.0
201808,53009,"clallam, wa",390988.0,-0.0151,0.2613,302,0.1399,-0.3994,43.0,-0.0652,-0.2252,128,-0.2289,-0.0154,4,1.0,0.0,0.0068,0.0034,0.0004,94.0,0.3429,-0.06,0.1587,0.0408,-0.0001,155.0,-0.0828,43.2857,199.0,-0.0045,0.1443,1983.0,-0.0171,0.0754,463909.0,-0.0189,0.1806,457,0.0555,-0.096,0.5141,-0.1248,0.5071,0.0
201808,53057,"skagit, wa",479900.0,-0.0383,0.1441,429,0.1595,-0.0261,46.0,-0.0761,0.0706,312,-0.0602,0.2093,32,0.0,7.0,0.034,-0.0033,0.0283,158.0,0.2154,0.5192,0.1681,0.0187,0.0191,163.0,0.0795,8.3143,231.0,-0.001,0.1293,2130.0,-0.0266,0.0287,638525.0,-0.0349,0.0981,596,0.1408,0.2932,0.38,-0.0282,0.3402,0.0
201808,53059,"skamania, wa",525000.0,0.0,0.4404,54,0.1146,0.4079,67.0,0.2361,0.2714,18,-0.1818,0.125,0,,,0.0,0.0,0.0,28.0,1.0,3.6667,0.3866,0.2157,0.2682,1.0,0.0,0.0,222.0,-0.0119,0.0465,2372.0,0.0261,0.3006,617619.0,-0.037,0.2798,55,0.1224,0.3924,0.0187,-0.0021,-0.0076,0.0
201808,53051,"pend oreille, wa",304975.0,-0.0688,0.0183,126,0.012,-0.2,70.0,0.1388,0.1028,34,-0.0556,0.1333,4,0.0,,0.0204,-0.0004,0.0204,42.0,0.1053,0.05,0.2221,0.0248,0.0439,37.0,0.0896,-0.0519,170.0,-0.011,0.0296,1999.0,0.0028,0.1032,411771.0,-0.0024,0.1887,161,0.019,-0.168,0.2897,0.0206,0.0452,0.0
201808,53073,"whatcom, wa",421000.0,-0.0443,0.0037,666,0.0572,-0.2096,40.0,-0.0476,-0.0805,486,-0.1131,0.0083,62,0.0,6.75,0.0445,0.0015,0.0384,284.0,0.1094,0.0365,0.2023,0.0292,-0.0053,246.0,-0.0239,9.6739,236.0,-0.0075,0.1068,1836.0,-0.0532,-0.0574,522524.0,-0.0209,-0.0303,899,0.0176,0.0351,0.3689,-0.0306,0.3416,0.0
201808,53071,"walla walla, wa",334950.0,0.0,0.2213,166,0.1336,-0.0754,56.0,0.1212,0.1746,108,0.2857,0.1739,0,,,0.0,0.0,0.0,52.0,0.2381,0.4444,0.191,0.0085,0.0587,1.0,0.0,0.0,159.0,0.0054,0.0926,2198.0,-0.0031,0.0377,417750.0,-0.0204,0.1455,167,0.1327,-0.0724,0.006,-0.0008,0.0005,0.0
201807,53005,"benton, wa",338400.0,-0.0044,-0.0044,827,0.4475,0.5536,37.0,0.0735,0.1774,390,0.1337,-0.0972,14,0.1667,0.75,0.0122,-0.0014,0.0028,192.0,0.1707,0.3714,0.1741,0.0081,0.0227,3.0,-0.375,-0.375,156.0,0.0146,0.0881,2196.0,-0.002,-0.0671,360274.0,0.0037,-0.0098,828,0.4375,0.5477,0.003,-0.004,-0.0045,0.0
201807,53045,"mason, wa",297445.0,0.0083,0.1445,282,0.128,-0.1966,37.0,0.0,-0.1395,224,-0.0345,0.0,34,0.0625,,0.0528,0.0037,0.0528,108.0,0.35,0.2273,0.1631,0.0377,-0.0011,153.0,0.0408,4.2759,177.0,-0.0216,0.1068,1728.0,0.0286,0.0817,375929.0,0.0326,0.1216,443,0.1146,0.2607,0.5426,-0.0454,0.4599,0.0
201807,53021,"franklin, wa",297400.0,-0.0272,0.0169,247,0.3876,0.3646,36.0,-0.0137,0.0435,108,0.0,-0.1,6,-0.5,0.5,0.012,-0.031,-0.002,30.0,-0.25,-0.375,0.1016,-0.0387,-0.0375,4.0,0.3333,1.0,156.0,0.016,0.1061,2092.0,-0.0515,-0.0458,338798.0,-0.0374,0.0461,251,0.384,0.384,0.0162,-0.0007,0.0051,0.0
201807,53073,"whatcom, wa",440500.0,-0.0101,0.0389,630,0.0651,-0.1835,42.0,0.1351,-0.0233,548,-0.0284,0.1048,62,-0.0882,14.5,0.043,-0.0056,0.04,256.0,0.0492,0.0847,0.173,0.0037,-0.0092,252.0,-0.0059,34.9286,237.0,0.006,0.1089,1940.0,-0.0084,0.0049,533668.0,-0.0082,-0.0084,883,0.0425,0.1438,0.3995,-0.0286,0.3904,0.0
201807,53077,"yakima, wa",288088.0,-0.0066,0.1616,354,0.0616,-0.0842,48.0,0.1585,0.1047,250,0.3298,0.0776,8,0.0,0.0,0.0091,-0.0009,0.0,86.0,-0.0652,0.1944,0.1017,-0.0186,0.014,259.0,0.0157,0.0278,147.0,0.0096,0.1543,1951.0,-0.0163,-0.0085,368009.0,-0.0136,0.2513,617,0.0485,-0.0412,0.7327,-0.0331,0.0798,0.0
201807,53025,"grant, wa",254450.0,-0.0022,0.0604,261,0.125,-0.2209,51.0,0.0904,-0.1314,158,0.0395,0.1286,12,-0.5,,0.0213,-0.0254,0.0213,62.0,0.0333,-0.3261,0.1142,-0.0098,-0.0744,132.0,0.105,130.5,144.0,0.01,0.1013,1775.0,-0.0246,-0.0208,306978.0,0.0046,0.0683,387,0.0994,0.1518,0.5038,-0.0091,0.5008,0.0
201807,53049,"pacific, wa",254607.0,-0.0012,0.1321,208,0.0979,0.0641,65.0,0.0833,0.0833,70,0.1667,0.1667,8,1.0,,0.0268,0.0122,0.0268,48.0,0.5,0.7143,0.1579,0.0406,0.0545,28.0,0.0577,,170.0,0.037,0.1261,1540.0,-0.0077,-0.0241,324923.0,0.0094,0.0732,235,0.1033,0.2051,0.1325,-0.005,0.1325,0.0
201807,53057,"skagit, wa",499000.0,0.0343,0.226,370,0.0335,-0.0727,49.0,0.2313,0.2628,332,0.2576,0.2206,32,-0.5556,,0.0373,-0.053,0.0373,130.0,-0.0972,0.0833,0.1494,-0.0213,-0.0327,151.0,-0.1517,12.7273,231.0,0.0336,0.1258,2188.0,0.0059,0.0536,661606.0,0.009,0.1256,522,-0.0225,0.3083,0.4081,-0.0891,0.3805,0.0
201807,53053,"pierce, wa",409925.0,-0.0217,0.1079,1933,0.1827,0.0044,30.0,0.0714,0.1538,2264,-0.0341,0.3011,510,-0.1443,9.625,0.0856,-0.0193,0.073,1102.0,0.3706,0.4812,0.1847,0.0403,-0.0214,1585.0,-0.0696,18.0904,197.0,0.0042,0.0897,2219.0,-0.0232,0.022,500846.0,-0.0159,0.0459,3523,0.0557,0.8311,0.8199,-0.2223,0.7768,0.0
201807,53067,"thurston, wa",372495.0,-0.0197,0.1461,624,0.0919,-0.0844,31.0,-0.0234,0.2019,704,0.0292,0.121,164,0.2424,7.2,0.084,0.0144,0.0683,284.0,0.2456,0.2034,0.149,0.0148,-0.0248,555.0,-0.028,554.0,176.0,0.006,0.0774,2199.0,-0.0124,0.0651,426735.0,-0.0232,0.0936,1189,0.0457,0.7434,0.8901,-0.1099,0.8887,0.0
201807,53013,"columbia, wa",156950.0,0.0,-0.0184,29,0.0962,-0.3049,55.0,0.0283,-0.155,6,-0.625,-0.25,0,,,0.0,0.0,0.0,8.0,1.0,0.0,0.2118,0.1143,0.0486,,,,115.0,0.0609,0.1665,1640.0,-0.0049,-0.0729,219409.0,0.0095,0.1358,29,0.0962,-0.3049,,,,0.0
201807,53055,"san juan, wa",760500.0,0.014,0.014,236,0.0329,-0.0765,75.0,0.204,-0.071,62,0.0333,-0.0882,0,,,0.0,0.0,0.0,42.0,-0.125,0.3125,0.1256,-0.0148,0.0186,32.0,0.0667,,398.0,0.009,0.0058,1900.0,-0.0498,-0.0935,1212557.0,0.042,-0.1033,266,0.031,0.0431,0.1359,0.0043,,0.0
201807,53003,"asotin, wa",269000.0,0.0151,0.1255,104,-0.0048,-0.0591,45.0,-0.043,-0.2458,36,0.125,0.2857,0,,,0.0,0.0,0.0,30.0,0.25,0.875,0.2157,0.0393,0.1046,2.0,-0.2,1.0,123.0,0.0141,0.1085,2379.0,0.0055,0.0913,337009.0,0.1066,0.2784,104,-0.0048,-0.0591,0.0193,-0.0047,0.0102,0.0
201807,53027,"grays harbor, wa",222450.0,0.0111,0.1128,412,0.0944,-0.0452,51.0,0.0904,-0.0509,208,-0.1613,0.0,20,-0.1667,4.0,0.0247,-0.0089,0.0189,150.0,0.1364,0.7045,0.1897,0.0164,0.0447,156.0,-0.046,30.1,151.0,0.0168,0.0932,1489.0,-0.0191,0.0265,263212.0,0.0166,0.131,567,0.0648,0.3144,0.3779,-0.0556,0.3663,0.0
201807,53015,"cowlitz, wa",299575.0,-0.0014,-0.0305,327,0.1916,0.1787,34.0,-0.1184,-0.0946,258,0.0574,0.0574,28,-0.2222,2.5,0.0439,-0.0125,0.0296,124.0,0.1923,0.7222,0.1765,-0.0051,0.0286,91.0,-0.09,8.1,158.0,-0.0201,0.0839,1843.0,-0.0285,-0.1259,375481.0,-0.035,-0.1199,416,0.1123,0.4495,0.2787,-0.0862,0.2426,0.0
201807,53035,"kitsap, wa",439500.0,0.015,0.1015,549,0.1547,-0.16,31.0,0.0333,0.0,666,0.0472,0.11,116,-0.3095,13.5,0.0659,-0.0359,0.059,284.0,0.1639,0.3148,0.164,0.0346,-0.0138,509.0,-0.0351,9.8191,206.0,0.0149,0.0979,2185.0,0.012,0.0182,585513.0,-0.006,0.0558,1055,0.0534,0.6149,0.9271,-0.1824,0.8551,0.0
201807,53075,"whitman, wa",249900.0,-0.0083,0.0204,153,0.2645,-0.0438,51.0,0.1477,-0.1721,60,0.1538,0.3636,0,-1.0,,0.0,-0.0186,0.0,30.0,-0.1667,-0.25,0.1523,-0.0372,-0.0314,5.0,-0.1667,-0.6667,126.0,0.0052,0.0565,1902.0,-0.0241,-0.057,269441.0,-0.0155,0.0853,159,0.2619,-0.0809,0.0327,-0.0169,-0.0611,0.0
201807,53023,"garfield, wa",161175.0,0.0105,0.1517,15,0.25,-0.1667,52.0,0.4306,-0.4046,4,0.0,0.0,0,,,0.0,0.0,0.0,4.0,,0.0,0.2481,0.2481,0.0742,,,,78.0,-0.005,0.3646,2010.0,0.0,-0.0394,184824.0,-0.0312,0.1333,15,0.25,-0.1667,,,,0.0
201807,53039,"klickitat, wa",449950.0,-0.0655,0.1277,88,0.0294,0.0417,66.0,-0.0643,0.2596,28,0.0,-0.4615,0,,,0.0,0.0,0.0,22.0,0.1,0.375,0.1969,0.0064,0.0858,4.0,0.0,-0.2,196.0,-0.0024,0.1056,2316.0,0.0078,0.2235,585972.0,0.004,0.1126,92,0.0337,0.0337,0.0457,-0.0013,-0.0138,0.0
201807,53041,"lewis, wa",299500.0,0.0363,0.1985,246,0.0536,-0.1817,46.0,0.1667,0.0111,190,-0.0306,0.0106,22,0.375,,0.0401,0.0057,0.0401,104.0,0.1818,0.2381,0.1874,0.0159,0.0068,105.0,0.0714,104.0,155.0,-0.0162,0.0816,1940.0,0.0178,0.0911,352527.0,0.0373,0.1272,352,0.0539,0.1656,0.4277,0.0071,0.4244,0.0
201807,53029,"island, wa",459000.0,0.0,0.0315,324,0.1449,-0.2286,42.0,0.2727,-0.0233,276,-0.2069,0.1695,28,-0.3,6.0,0.0358,-0.0107,0.0302,148.0,0.1935,0.0571,0.1976,0.0352,-0.0256,160.0,-0.0989,10.3929,235.0,0.0031,0.0947,2062.0,0.0113,0.0019,646173.0,-0.0135,0.0496,479,0.0402,0.1393,0.4923,-0.1332,0.459,0.0
201807,53001,"adams, wa",167500.0,-0.1067,0.3519,40,0.197,0.3621,49.0,0.0889,-0.1967,20,0.25,1.5,0,-1.0,,0.0,-0.0313,0.0,8.0,0.0,1.0,0.1188,0.02,0.0162,19.0,-0.2692,8.5,102.0,-0.0224,0.4033,1851.0,0.0035,-0.0868,209928.0,-0.0416,0.2193,60,0.0085,0.9194,0.481,-0.3069,0.412,1.0
201807,53031,"jefferson, wa",449000.0,-0.0385,0.0,183,0.0339,-0.3197,51.0,0.2813,-0.1009,104,-0.1034,-0.037,8,-0.3333,,0.0231,-0.0098,0.0231,50.0,-0.1667,-0.1071,0.1547,-0.03,0.0171,63.0,-0.1071,61.5,237.0,-0.036,-0.0025,2008.0,0.0071,0.0935,588955.0,0.039,0.1432,246,0.002,-0.0907,0.3415,-0.054,0.3378,0.0
201807,53033,"king, wa",702475.0,-0.0501,0.0423,3911,0.2341,0.4859,28.0,0.25,0.7188,3984,-0.1131,0.1843,882,-0.229,14.75,0.0854,-0.0258,0.0755,1944.0,0.369,1.7931,0.1721,0.0333,0.0588,2938.0,-0.0896,14.3021,364.0,-0.0139,0.1208,2130.0,-0.0229,-0.0491,1066105.0,-0.0592,-0.0063,6824,0.0657,1.5925,0.7512,-0.2671,0.6783,0.0
201807,53061,"snohomish, wa",524675.0,-0.0006,0.1346,1373,0.2226,0.2161,28.0,0.4359,0.6471,1722,0.0012,0.3667,344,-0.3582,11.2857,0.0886,-0.0406,0.079,706.0,0.4467,0.8978,0.158,0.0399,0.0048,1206.0,-0.0926,16.2286,259.0,-0.0102,0.1369,2055.0,-0.0076,-0.0038,611423.0,-0.0252,0.138,2573,0.0491,1.2786,0.8784,-0.3051,0.8164,0.0
201807,53017,"douglas, wa",368150.0,0.0229,0.1159,124,0.1589,0.3053,40.0,0.0526,0.0811,68,0.2143,-0.2273,6,-0.5,0.5,0.0241,-0.0333,0.0039,34.0,0.2143,0.2143,0.1369,0.0221,-0.0092,48.0,0.1429,23.0,190.0,0.008,0.0966,2007.0,-0.0096,-0.0086,437717.0,0.0482,0.0765,170,0.13,0.7474,0.3871,-0.0054,0.366,0.0
201807,53065,"stevens, wa",279700.0,0.0762,0.0378,291,0.062,-0.1872,58.0,0.16,-0.1212,102,-0.0556,0.1591,12,0.0,,0.0251,0.0009,0.0251,94.0,0.2368,0.119,0.185,0.0357,0.0331,106.0,-0.0746,0.1854,136.0,-0.0221,0.0701,2158.0,0.0245,-0.006,354804.0,0.001,-0.0038,394,0.0247,-0.1117,0.3625,-0.0535,0.1139,0.0
201807,53007,"chelan, wa",489675.0,-0.0673,0.0657,403,0.1701,0.1769,48.0,0.0909,-0.1933,168,-0.0455,0.0769,4,-0.5,,0.0068,-0.009,0.0068,118.0,0.7353,0.475,0.1909,0.0563,0.0325,46.0,0.0455,5.5714,231.0,-0.0299,0.0898,1991.0,-0.0126,-0.0048,577113.0,-0.0434,0.0316,450,0.1496,0.277,0.1143,-0.0136,0.0938,0.0
201807,53043,"lincoln, wa",264950.0,-0.0536,0.2043,63,0.1161,-0.0672,57.0,0.3256,-0.1493,20,0.0,0.0,2,-0.5,,0.0189,-0.0219,0.0189,28.0,2.5,0.4,0.2468,0.1644,0.0729,31.0,0.1071,0.1481,138.0,-0.0129,0.6125,1847.0,-0.099,-0.0528,287852.0,-0.0288,0.1836,94,0.1605,0.0217,0.496,-0.004,0.093,0.0
201807,53019,"ferry, wa",184900.0,0.1596,-0.1826,61,0.0431,-0.2039,70.0,0.0984,0.041,16,0.0,1.0,0,,,0.0,0.0,0.0,6.0,-0.25,-0.5,0.0612,-0.0287,-0.0752,20.0,-0.0909,7.0,122.0,0.0951,-0.1229,1615.0,-0.0991,-0.1041,297617.0,0.1989,0.0109,80,0.0325,0.0192,0.3306,-0.0487,0.2977,1.0
201807,53071,"walla walla, wa",334950.0,-0.0162,0.2191,146,0.0429,-0.2108,50.0,0.1512,0.3026,84,0.1053,-0.3,0,-1.0,,0.0,-0.0168,0.0,42.0,-0.0455,-0.0455,0.1826,-0.0023,0.0182,1.0,-0.5,,158.0,-0.0042,0.0918,2205.0,-0.022,0.0215,426430.0,0.0147,0.1908,147,0.0352,-0.2054,0.0068,-0.0074,,0.0
201807,53009,"clallam, wa",397000.0,-0.0293,0.2215,265,0.1756,-0.4613,46.0,0.0575,-0.098,166,0.3833,0.0641,2,-0.8333,,0.0034,-0.0183,0.0034,70.0,0.3462,-0.2045,0.1179,0.0195,-0.0156,169.0,-0.1152,32.8,200.0,-0.0029,0.1374,2018.0,0.0118,0.0885,472866.0,-0.0267,0.1993,433,0.06,-0.1191,0.6389,-0.2099,0.6288,0.0
201807,53069,"wahkiakum, wa",321175.0,-0.0369,0.144,33,0.1207,-0.0152,58.0,-0.0938,-0.1533,10,-0.375,1.5,0,,,0.0,0.0,0.0,10.0,1.5,0.25,0.2496,0.1662,0.0545,7.0,1.3333,6.0,167.0,0.025,0.1198,1992.0,-0.0169,0.0243,363096.0,-0.0136,0.0601,39,0.1667,0.1667,0.2154,0.1119,0.1851,1.0
201807,53047,"okanogan, wa",299350.0,-0.0102,0.0504,258,0.1073,-0.048,66.0,0.2596,0.0738,80,-0.0909,0.25,0,,,0.0,0.0,0.0,58.0,0.3182,1.0714,0.1523,0.0247,0.0689,44.0,0.5536,3.35,179.0,-0.0352,-0.0018,1672.0,0.0321,0.0663,406994.0,0.0056,0.0845,301,0.1667,0.1066,0.1686,0.0484,0.1317,0.0
201807,53063,"spokane, wa",322450.0,-0.0069,0.1235,1234,0.0979,-0.2544,37.0,0.1061,0.1061,1038,-0.0529,-0.0632,468,-0.025,4.5714,0.1262,0.0028,0.1077,722.0,0.1352,0.1571,0.1848,0.0284,0.0541,1586.0,-0.0816,-0.1408,134.0,-0.0144,0.142,2416.0,0.0136,0.0069,406616.0,0.0057,0.1643,2797,-0.0078,-0.1986,1.2853,-0.2512,0.1698,0.0
201807,53051,"pend oreille, wa",327494.0,0.0399,0.0935,125,0.1018,-0.1809,61.0,0.201,0.225,36,-0.1,-0.1,4,0.0,,0.0208,-0.0029,0.0208,38.0,-0.2692,0.0556,0.1973,-0.0552,0.0373,34.0,-0.141,-0.0147,172.0,0.0008,0.0039,1994.0,0.0048,0.1225,412768.0,0.0317,0.1758,158,0.0822,-0.1459,0.2691,-0.0761,0.0454,0.0
201807,53011,"clark, wa",450000.0,-0.011,0.0251,1708,0.1361,0.2528,38.0,0.0556,0.0556,1076,-0.0528,0.0346,62,-0.4038,0.1071,0.0221,-0.0156,0.0,836.0,0.3312,0.6328,0.2833,0.0584,0.075,76.0,-0.0195,0.3482,197.0,0.006,0.062,2364.0,-0.0098,-0.0278,544361.0,-0.0073,0.0326,1783,0.1239,0.2571,0.0442,-0.007,0.0031,0.0
201807,53059,"skamania, wa",525000.0,-0.0071,0.2055,48,0.1707,0.4545,54.0,0.2558,0.5,22,0.8333,-0.2143,0,,,0.0,0.0,0.0,14.0,0.1667,2.5,0.1709,-0.0513,0.0733,1.0,-0.6667,,224.0,-0.0005,0.0902,2312.0,0.0059,0.144,641332.0,-0.0148,0.1867,49,0.1667,0.4848,0.0208,-0.0523,0.0208,0.0
201807,53037,"kittitas, wa",408963.0,-0.0262,-0.0901,192,0.0909,-0.0154,46.0,0.4375,-0.0316,104,-0.2121,-0.1034,8,0.0,,0.02,0.0003,0.02,86.0,0.4333,1.15,0.227,0.0736,0.1156,85.0,0.1333,9.625,227.0,0.0024,0.0285,1858.0,-0.0659,-0.087,694283.0,0.1739,0.2192,283,0.13,0.4487,0.4427,0.0166,0.4017,0.0
201806,53043,"lincoln, wa",279950.0,0.1198,0.3656,56,0.2584,-0.0968,43.0,0.5636,-0.2252,20,-0.1667,0.1111,4,-0.3333,0.0,0.0408,-0.0179,0.0042,8.0,-0.2,0.3333,0.0825,-0.0201,0.0227,28.0,0.0,0.1429,140.0,0.0696,0.7478,2050.0,-0.0505,-0.0215,296396.0,-0.0424,0.278,81,0.1096,-0.0526,0.5,-0.1292,0.1048,0.0
201806,53045,"mason, wa",295000.0,-0.0034,0.1802,250,0.2315,-0.2378,37.0,0.1212,-0.0133,232,-0.0938,0.1837,32,1.0,,0.0492,0.0185,0.0492,80.0,0.1765,0.0,0.1254,0.008,-0.0311,147.0,0.0576,,181.0,-0.0134,0.128,1680.0,0.0513,0.1024,364070.0,0.0087,0.1128,397,0.1625,0.2104,0.588,-0.0967,,0.0
201806,53059,"skamania, wa",528750.0,-0.1019,0.1101,41,0.3898,0.5472,43.0,0.0361,0.0118,12,-0.4545,0.0,0,,,0.0,0.0,0.0,12.0,1.0,2.0,0.2222,0.1412,0.1251,3.0,0.5,0.5,225.0,-0.0626,0.1086,2299.0,-0.0439,0.0873,650975.0,-0.1686,0.0183,42,0.3333,0.4737,0.0732,0.0054,-0.0023,0.0
201806,53029,"island, wa",459000.0,0.0434,0.0712,283,0.1434,-0.2473,33.0,0.0154,-0.0435,348,0.1083,0.513,40,0.5385,,0.0465,0.0094,0.0465,124.0,0.0164,-0.0159,0.1624,-0.0029,-0.0457,177.0,0.2,,234.0,0.0157,0.0931,2039.0,0.012,-0.0212,655047.0,0.0167,0.0403,460,0.172,0.2234,0.6254,0.0295,,0.0
201806,53063,"spokane, wa",324700.0,-0.003,0.1198,1124,0.1487,-0.228,33.0,0.0645,0.1,1096,-0.0897,-0.1329,480,0.1594,4.1064,0.1234,0.018,0.1035,636.0,0.1439,0.1691,0.1564,0.0096,0.0398,1727.0,0.0372,-0.1116,136.0,0.0237,0.1614,2383.0,-0.0362,-0.0152,404328.0,0.0002,0.1414,2819,0.0721,-0.1716,1.5365,-0.1651,0.2013,0.0
201806,53025,"grant, wa",255000.0,0.0394,0.0451,232,0.0841,-0.2305,47.0,0.093,-0.1296,152,0.0556,0.1692,24,0.3333,,0.0467,0.0098,0.0467,60.0,-0.0625,0.1538,0.124,-0.0119,0.0074,119.0,-0.0951,118.0,143.0,0.0417,0.0954,1820.0,-0.0033,-0.0046,305583.0,-0.0162,0.0441,352,0.0159,0.1636,0.5129,-0.1016,0.5096,0.0
201806,53003,"asotin, wa",265000.0,-0.0256,0.1014,104,-0.028,-0.0502,47.0,-0.0313,-0.2185,32,0.0,0.0,0,,,0.0,0.0,0.0,24.0,0.7143,0.3333,0.1765,0.0711,0.0518,3.0,,0.6667,121.0,-0.0271,0.0874,2366.0,0.0265,0.0861,304538.0,-0.0073,0.1437,104,-0.028,-0.0502,0.024,,0.0103,0.0
201806,53031,"jefferson, wa",467000.0,0.0224,0.0395,177,0.1456,-0.2027,40.0,-0.0244,-0.2523,116,-0.1594,0.0,12,0.0,1.0,0.0329,0.0004,0.0162,60.0,0.1538,0.875,0.1846,0.0281,0.0873,70.0,-0.0278,,246.0,0.028,0.025,1994.0,0.0646,0.1191,566827.0,0.0251,0.11,245,0.0817,0.1036,0.3955,-0.0705,,0.0
201806,53027,"grays harbor, wa",220000.0,-0.0111,0.124,376,0.1551,-0.0647,47.0,-0.1132,-0.0962,248,-0.008,0.3333,24,0.0909,,0.0336,0.0034,0.0336,132.0,0.5,0.4043,0.1732,0.0467,0.0133,163.0,0.0689,,149.0,-0.0034,0.074,1518.0,0.009,0.0283,258922.0,0.0229,0.1224,532,0.1153,0.3234,0.4335,-0.035,,0.0
201806,53051,"pend oreille, wa",314925.0,0.0336,0.0485,113,0.159,-0.096,51.0,0.2439,0.2911,40,-0.2,-0.2593,4,1.0,,0.0237,0.0137,0.0237,52.0,1.3636,2.7143,0.2524,0.1353,0.1869,39.0,0.1143,0.2581,172.0,0.0119,0.0129,1984.0,-0.0078,0.159,400082.0,0.0397,0.1492,146,0.1188,-0.055,0.3451,-0.0138,0.0971,0.0
201806,53011,"clark, wa",455000.0,-0.0085,0.0282,1503,0.1522,0.2315,36.0,0.2,0.0909,1136,-0.0658,0.0717,104,0.0612,0.8571,0.0376,-0.0013,0.0138,628.0,0.1849,0.3138,0.2248,0.0214,0.0204,77.0,0.1667,0.3276,196.0,0.0027,0.0533,2387.0,-0.0004,-0.021,548358.0,-0.0116,0.0253,1586,0.1556,0.2357,0.0512,0.0006,0.0037,0.0
201806,53007,"chelan, wa",525000.0,0.1036,0.1432,344,0.1524,0.0133,44.0,-0.0435,0.1,176,-0.0222,0.1429,8,0.3333,3.0,0.0158,0.0046,0.0117,68.0,0.36,-0.0811,0.1347,0.0381,-0.004,44.0,0.2222,4.1765,239.0,0.0227,0.1183,2016.0,0.0547,0.0172,603271.0,0.0356,0.0857,391,0.1707,0.1203,0.1279,0.0073,0.1029,0.0
201806,53023,"garfield, wa",159500.0,0.599,0.1815,12,0.0909,-0.3333,36.0,-0.6505,-0.405,4,1.0,0.0,0,,,0.0,0.0,0.0,0.0,-1.0,-1.0,0.0,-0.5541,-0.1111,,,,79.0,-0.0207,0.3715,2010.0,0.1453,-0.0618,190779.0,0.1232,0.2357,12,0.0909,-0.3333,,,,0.0
201806,53041,"lewis, wa",289000.0,-0.0119,0.1447,233,0.2199,-0.1257,39.0,0.0909,0.04,196,-0.0841,0.2099,16,0.0,7.0,0.0343,0.0027,0.0304,88.0,0.2571,0.4194,0.1715,0.037,0.0364,98.0,0.0103,,157.0,-0.0009,0.0891,1906.0,-0.0016,0.0696,339851.0,-0.0207,0.0816,334,0.1577,0.2533,0.4206,-0.0873,0.4206,0.0
201806,53071,"walla walla, wa",340475.0,0.0107,0.1601,140,-0.0141,-0.1195,43.0,-0.165,0.1026,76,-0.1163,-0.0952,4,-0.3333,,0.0168,-0.0102,0.0168,44.0,1.4444,0.4667,0.1849,0.1047,0.0664,2.0,0.3333,,159.0,0.0073,0.1103,2254.0,0.0024,0.0174,420260.0,0.0372,0.1669,142,-0.0105,-0.1069,0.0143,0.0037,,0.0
201806,53077,"yakima, wa",290000.0,-0.005,0.1779,333,0.069,-0.0292,41.0,0.025,0.0513,188,-0.2101,-0.1048,8,-0.5,3.0,0.0099,-0.0107,0.0074,92.0,0.2432,0.122,0.1203,0.0254,0.0161,255.0,0.1039,-0.0304,145.0,0.0059,0.1768,1984.0,0.0095,0.0129,373079.0,0.0171,0.2676,588,0.0859,-0.0257,0.7658,0.0242,-0.001,0.0
201806,53073,"whatcom, wa",445000.0,0.0002,0.1153,591,0.1109,-0.1647,37.0,0.0,0.0278,564,-0.0473,0.2314,68,0.0,5.8,0.0486,-0.0011,0.0402,244.0,0.2323,0.3118,0.1693,0.0245,0.0193,253.0,0.002,,236.0,-0.0006,0.1157,1956.0,0.0103,0.008,538100.0,0.0176,0.0172,847,0.0797,0.1972,0.4281,-0.0465,,0.0
201806,53013,"columbia, wa",156950.0,-0.0725,-0.0029,26,0.0196,-0.4023,53.0,-0.507,-0.2715,16,1.6667,1.6667,0,,,0.0,0.0,0.0,4.0,1.0,0.0,0.0976,0.037,0.0074,,,,108.0,0.0496,0.0954,1648.0,-0.0236,-0.0824,217338.0,-0.0367,0.1096,26,0.0196,-0.4023,,,,1.0
201806,53039,"klickitat, wa",481500.0,0.0165,0.2237,85,0.1888,0.0429,70.0,0.0448,1.0144,28,-0.1765,-0.2632,0,,,0.0,0.0,0.0,20.0,0.6667,0.6667,0.1905,0.0829,0.0921,4.0,1.6667,0.0,196.0,0.0386,0.0619,2298.0,-0.0007,0.1925,583613.0,-0.0153,0.186,89,0.2027,0.0409,0.0471,0.0261,-0.002,1.0
201806,53019,"ferry, wa",159450.0,-0.0306,-0.2218,58,0.0087,-0.2368,64.0,-0.2256,0.1651,16,0.0,0.0,0,,-1.0,0.0,0.0,-0.0213,8.0,0.0,0.3333,0.0899,0.0043,0.0263,22.0,0.4194,10.0,111.0,0.0626,-0.2053,1792.0,-0.0744,0.034,248235.0,-0.0051,-0.138,77,0.0548,-0.0065,0.3793,0.1097,0.353,1.0
201806,53075,"whitman, wa",252000.0,-0.0098,0.01,121,-0.1741,-0.2039,44.0,-0.0222,-0.0974,52,-0.1034,-0.2778,4,0.0,,0.0186,-0.002,0.0186,36.0,0.125,-0.25,0.1895,0.0369,-0.007,6.0,0.2,-0.6471,125.0,-0.0112,0.0195,1949.0,-0.0294,-0.0281,273690.0,0.0077,0.0929,126,-0.1683,-0.2566,0.0496,0.0155,-0.0623,0.0
201806,53055,"san juan, wa",750000.0,-0.0566,-0.0276,228,0.0435,-0.0694,63.0,0.1211,-0.0347,60,-0.2105,0.5,0,,,0.0,0.0,0.0,48.0,1.1818,1.6667,0.1404,0.0683,0.0763,30.0,0.0909,,394.0,0.0188,-0.0505,2000.0,-0.001,-0.0533,1163722.0,-0.0633,-0.1659,258,0.0488,0.0531,0.1316,0.0057,,0.0
201806,53047,"okanogan, wa",302450.0,-0.0196,0.0253,233,0.0837,-0.0934,52.0,0.2023,0.1304,88,-0.0222,0.2222,0,-1.0,,0.0,-0.0058,0.0,44.0,0.5714,0.5714,0.1275,0.0482,0.0416,28.0,0.0182,,186.0,-0.0142,0.0234,1620.0,-0.0025,0.005,404720.0,-0.0221,0.0353,258,0.0705,0.0039,0.1202,-0.0077,,0.0
201806,53067,"thurston, wa",379975.0,-0.0181,0.1235,571,0.1798,-0.0655,32.0,0.2308,0.2929,684,0.0088,0.14,132,-0.12,8.4286,0.0696,-0.0071,0.0589,228.0,0.14,0.0755,0.1341,0.026,-0.0376,571.0,0.0794,570.0,175.0,-0.002,0.0708,2227.0,0.0118,0.0492,436870.0,0.0058,0.1001,1137,0.1224,0.8578,1.0,-0.093,0.9984,0.0
201806,53017,"douglas, wa",359900.0,0.0355,0.1166,107,0.0439,0.1823,38.0,0.617,0.1603,56,-0.3333,-0.1515,12,-0.3333,,0.0574,-0.0113,0.0574,28.0,0.1667,0.1667,0.1148,0.0053,-0.0429,42.0,-0.0233,27.0,188.0,-0.0006,0.1498,2026.0,0.0186,-0.0425,417605.0,0.06,-0.0089,150,0.0169,0.6304,0.3925,-0.027,0.3759,0.0
201806,53061,"snohomish, wa",525000.0,0.0048,0.119,1123,0.3028,0.0716,20.0,0.1471,0.3,1720,0.1575,0.2356,536,0.0037,23.3636,0.1293,-0.0145,0.1202,488.0,0.3631,0.3189,0.1181,0.0179,-0.032,1329.0,0.013,,262.0,-0.0021,0.1426,2071.0,0.0147,0.0,627210.0,0.0062,0.165,2452,0.1255,1.3397,1.1834,-0.3386,,0.0
201806,53057,"skagit, wa",482450.0,0.0347,0.1352,358,0.0832,0.0127,40.0,0.1511,0.0667,264,-0.3231,0.0313,72,0.8947,35.0,0.0903,0.0476,0.0871,144.0,0.0588,0.8,0.1706,0.0259,0.0451,178.0,-0.0964,,224.0,0.0104,0.0868,2176.0,0.0096,0.0427,655718.0,0.0179,0.0931,534,0.0095,0.5106,0.4972,-0.0989,,0.0
201806,53001,"adams, wa",187500.0,0.1755,0.7361,33,0.1,0.0645,45.0,0.0588,-0.1589,16,-0.3333,1.0,4,,,0.0313,0.0313,0.0313,8.0,1.0,0.0,0.0988,0.0399,-0.1033,26.0,0.5758,25.0,104.0,0.0838,0.4831,1844.0,0.0044,0.0135,219032.0,0.197,0.3249,59,0.3882,0.873,0.7879,0.2379,0.7556,1.0
201806,53009,"clallam, wa",409000.0,0.0355,0.2508,225,0.1307,-0.5233,44.0,0.1757,-0.1471,120,-0.2771,-0.1549,12,2.0,5.0,0.0217,0.0146,0.0187,52.0,0.1818,-0.1613,0.0985,0.0162,-0.0032,191.0,-0.0129,,201.0,-0.0064,0.1104,1994.0,0.0189,0.0813,485857.0,0.0379,0.2107,408,0.0303,-0.1356,0.8489,-0.1235,,0.0
201806,53033,"king, wa",739500.0,-0.0067,0.0892,3169,0.2638,0.331,22.0,0.2941,1.0952,4492,-0.0264,0.2492,1144,0.0476,20.1852,0.1112,-0.0121,0.1022,1420.0,0.3271,1.4739,0.1388,0.0292,0.042,3227.0,0.0295,,370.0,0.0015,0.1419,2180.0,-0.018,-0.0158,1133193.0,-0.0122,0.0594,6403,0.1137,1.6892,1.0183,-0.2317,,1.0
201806,53005,"benton, wa",339900.0,0.0027,-0.0216,571,-0.2382,0.2266,34.0,-0.0216,0.0462,344,-0.0753,-0.0058,12,-0.3333,0.0,0.0136,-0.0024,-0.0012,164.0,0.1081,0.4643,0.166,0.0327,0.0265,4.0,-0.2,3.0,154.0,0.0019,0.0737,2200.0,0.0011,-0.0717,358956.0,0.0027,-0.0304,576,-0.2356,0.2347,0.007,0.0003,0.0049,0.0
201806,53049,"pacific, wa",254900.0,0.0025,0.143,189,0.1386,0.08,60.0,-0.0476,-0.0625,60,-0.2683,0.2,4,,,0.0146,0.0146,0.0146,32.0,0.3333,0.4545,0.1172,0.0271,0.0244,26.0,0.3,25.0,163.0,-0.0229,0.1256,1552.0,0.0144,0.0119,321889.0,-0.0092,0.1082,213,0.1452,0.2102,0.1376,0.0171,0.1319,0.0
201806,53037,"kittitas, wa",419950.0,-0.0418,-0.0279,176,0.3283,0.0057,32.0,0.1034,-0.1579,132,-0.1951,0.2692,8,1.0,,0.0197,0.0102,0.0197,60.0,0.5789,1.0,0.1534,0.0528,0.0446,75.0,-0.0964,74.0,227.0,-0.0024,0.0897,1989.0,-0.0556,-0.021,591419.0,0.0194,0.0503,250,0.139,0.4245,0.4261,-0.2003,0.4204,0.0
201806,53053,"pierce, wa",419000.0,0.0036,0.1064,1634,0.1828,-0.0127,28.0,0.1789,0.2174,2344,-0.0464,0.3022,596,0.1825,9.6429,0.1049,0.0057,0.0885,804.0,0.3862,0.3535,0.1444,0.0318,-0.0232,1703.0,0.0561,,196.0,-0.0026,0.0929,2272.0,0.0118,0.0334,508921.0,-0.0139,0.056,3337,0.1147,1.0163,1.0422,-0.125,,0.0
201806,53065,"stevens, wa",259900.0,-0.0103,-0.0123,274,0.0262,-0.1857,50.0,0.0417,-0.0698,108,-0.1692,-0.0526,12,-0.1429,2.0,0.0242,-0.0049,0.0168,76.0,0.1875,0.0,0.1493,0.0147,0.007,114.0,0.2128,0.52,139.0,0.036,0.0958,2106.0,-0.0264,-0.046,354464.0,-0.0024,-0.0147,384,0.0726,-0.06,0.4161,0.064,0.1932,0.0
201806,53015,"cowlitz, wa",300000.0,0.001,0.0457,274,0.1464,0.1004,38.0,0.1343,0.0201,244,0.0167,0.2577,36,0.0,8.0,0.0563,-0.0015,0.0476,104.0,0.3684,0.4444,0.1815,0.0516,0.0241,100.0,-0.0148,7.6957,161.0,0.0139,0.1504,1897.0,0.0037,0.005,389103.0,-0.017,-0.0451,374,0.1081,0.4357,0.365,-0.0597,0.3188,0.0
201806,53021,"franklin, wa",305711.0,0.0266,-0.0283,178,-0.2552,0.1987,37.0,-0.1462,0.0282,108,0.2273,0.1489,12,0.5,2.0,0.043,0.0192,0.0255,40.0,-0.0476,0.3333,0.1404,0.0156,0.0349,3.0,0.0,,153.0,0.0125,0.0764,2205.0,0.0178,-0.0027,351967.0,0.0047,0.028,181,-0.2474,0.2189,0.0169,0.0043,,0.0
201806,53069,"wahkiakum, wa",333475.0,0.0225,0.2129,29,0.0545,-0.2162,64.0,-0.2335,0.28,16,1.0,0.6,0,,,0.0,0.0,0.0,4.0,-0.3333,-0.3333,0.0833,-0.0775,-0.0524,3.0,0.5,,163.0,0.0426,0.1737,2027.0,-0.0946,0.0489,368102.0,0.0277,0.1399,33,0.1379,-0.1081,0.1034,0.0307,0.1034,0.0
201806,53035,"kitsap, wa",433000.0,-0.0494,0.0825,475,0.1203,-0.2264,30.0,0.4634,0.0345,636,-0.1825,0.2045,168,0.4483,83.0,0.1019,0.0316,0.1001,244.0,0.3708,0.1731,0.1294,0.0171,-0.0526,527.0,0.0744,,203.0,-0.0133,0.0808,2159.0,-0.0222,-0.0236,589054.0,-0.0438,0.032,1001,0.0952,0.6303,1.1095,-0.0474,,0.0
201805,53073,"whatcom, wa",444925.0,0.0124,0.1154,532,0.1141,-0.1481,37.0,-0.0864,0.2333,592,0.287,0.2231,68,0.3077,33.0,0.0497,0.0052,0.0481,198.0,0.2073,0.4559,0.1448,0.021,0.0209,253.0,0.1609,,236.0,0.006,0.1055,1936.0,0.0195,0.022,528770.0,0.0313,-0.006,785,0.1263,0.2562,0.4746,0.0191,,0.0
201805,53003,"asotin, wa",271975.0,0.0315,0.0882,107,0.0974,-0.0317,48.0,-0.0588,-0.1579,32,-0.0588,0.1429,0,,-1.0,0.0,0.0,-0.014,14.0,0.0,-0.3636,0.1054,-0.006,-0.0568,,,,125.0,-0.0086,0.1123,2305.0,0.0694,0.0324,306789.0,0.0107,0.1062,107,0.0974,-0.0317,,,,0.0
201805,53077,"yakima, wa",291451.0,-0.0252,0.174,312,0.0723,-0.0401,40.0,-0.1011,0.039,238,0.4,0.1121,16,1.6667,1.6667,0.0206,0.0114,0.0133,74.0,0.2333,0.3214,0.0948,0.0108,0.0253,231.0,0.0429,-0.12,144.0,-0.0021,0.1848,1965.0,-0.0307,-0.0057,366815.0,-0.0335,0.2637,542,0.0474,-0.0775,0.7416,-0.0209,-0.0674,0.0
201805,53027,"grays harbor, wa",222475.0,0.0241,0.1242,326,0.0534,-0.1434,53.0,0.0192,-0.0619,250,0.4045,0.1364,22,0.375,10.0,0.0302,0.0032,0.0271,88.0,0.1282,1.0,0.1266,-0.0035,0.0481,153.0,0.5025,,149.0,-0.0114,0.0739,1505.0,0.0154,0.0142,253130.0,-0.0049,0.0882,477,0.1522,0.2553,0.4685,0.14,,0.0
201805,53065,"stevens, wa",262600.0,0.0004,0.0632,267,0.1893,-0.1345,48.0,-0.2066,-0.0634,130,0.2264,0.1404,14,2.5,2.5,0.0291,0.0183,0.0209,64.0,0.5238,0.3913,0.1346,0.0371,0.0405,94.0,0.2966,0.6068,134.0,-0.0307,0.0345,2163.0,0.0249,0.033,355310.0,0.0088,0.0195,358,0.2136,-0.0178,0.3521,0.0291,0.1624,0.0
201805,53071,"walla walla, wa",336863.0,0.0462,0.225,142,-0.0689,-0.0868,52.0,0.0,0.411,86,0.0238,-0.1887,6,,,0.027,0.027,0.027,18.0,-0.4706,-0.55,0.0801,-0.075,-0.0664,2.0,,,158.0,0.0353,0.0844,2249.0,0.0264,0.0201,405170.0,0.0418,0.1323,144,-0.059,-0.0772,0.0106,,0.0106,0.0
201805,53031,"jefferson, wa",456750.0,0.0,0.0162,155,0.1977,-0.2077,41.0,-0.2407,-0.3858,138,0.1129,0.5682,12,-0.1429,,0.0324,-0.0092,0.0324,52.0,0.3,0.3684,0.1566,0.0311,0.0284,72.0,0.2857,,239.0,0.0254,-0.0027,1873.0,0.0043,0.0853,552925.0,-0.0036,0.095,227,0.2145,0.1615,0.466,0.0319,,0.0
201805,53039,"klickitat, wa",473675.0,0.0445,0.0971,72,-0.0069,-0.0338,67.0,-0.1067,-0.1067,34,-0.1053,-0.1053,0,,,0.0,0.0,0.0,12.0,0.5,0.0,0.1076,0.0285,0.0018,2.0,0.5,-0.25,189.0,0.0074,0.0779,2300.0,0.0437,-0.0929,592692.0,0.04,0.0121,74,0.0137,-0.0263,0.021,0.0071,-0.006,0.0
201805,53023,"garfield, wa",99750.0,-0.335,-0.2811,11,-0.0833,-0.3125,103.0,0.2795,0.3121,2,-0.5,-0.5,0,,,0.0,0.0,0.0,8.0,,,0.5541,0.5541,0.5541,,,,80.0,-0.0037,0.3175,1755.0,-0.132,-0.1472,169845.0,-0.107,0.1525,11,-0.0833,-0.3333,,,,1.0
201805,53049,"pacific, wa",254263.0,-0.0081,0.1406,166,0.1141,0.0993,63.0,-0.215,0.0328,82,0.3667,0.2059,0,-1.0,,0.0,-0.0083,0.0,24.0,-0.4,0.5,0.0901,-0.0777,0.0195,20.0,-0.1489,,167.0,0.0202,0.1605,1530.0,-0.0091,0.0053,324879.0,0.0205,0.1387,186,0.0659,0.2318,0.1205,-0.0372,0.1205,0.0
201805,53037,"kittitas, wa",438248.0,0.0841,0.0943,133,0.1937,-0.2341,29.0,-0.1077,0.0545,164,0.64,0.1233,4,-0.3333,1.0,0.0095,-0.0174,0.0026,38.0,0.1875,0.3571,0.1006,-0.0233,0.0165,83.0,0.537,,227.0,-0.0149,0.1296,2106.0,0.0682,0.0518,580159.0,0.0707,0.0721,220,0.3384,0.2688,0.6264,0.1399,,0.0
201805,53069,"wahkiakum, wa",326125.0,0.1373,0.2169,28,0.2791,-0.0984,84.0,-0.2374,0.5463,8,-0.3333,-0.3333,0,,,0.0,0.0,0.0,6.0,2.0,2.0,0.1608,0.1173,0.1143,2.0,-0.6,,157.0,0.0327,0.1267,2238.0,0.2022,0.1995,358189.0,0.1293,0.106,29,0.0943,-0.0492,0.0727,-0.1598,0.0727,0.0
201805,53015,"cowlitz, wa",299700.0,-0.0055,0.126,239,0.1659,0.0258,34.0,-0.1126,-0.0147,240,0.0435,0.0345,36,0.2857,,0.0578,0.0036,0.0578,76.0,0.0857,0.0556,0.13,-0.008,-0.0177,102.0,0.381,8.2273,159.0,0.0318,0.138,1890.0,-0.022,0.037,395848.0,-0.0116,0.0053,338,0.2097,0.3918,0.4247,0.0661,0.3775,0.0
201805,53041,"lewis, wa",292475.0,0.0174,0.1704,191,0.0822,-0.1767,36.0,-0.2312,0.1172,214,0.321,0.1889,16,0.3333,,0.0317,0.0065,0.0317,70.0,0.25,0.5909,0.1345,-0.0008,0.0356,97.0,0.2436,,157.0,0.0784,0.1843,1909.0,-0.0119,0.0722,347039.0,-0.0115,0.1376,289,0.1426,0.2435,0.5079,0.0659,,0.0
201805,53011,"clark, wa",458900.0,0.0043,0.049,1305,0.171,0.1689,30.0,-0.1045,-0.0476,1216,0.2485,0.1218,98,0.4412,0.3243,0.039,0.0071,0.0054,530.0,0.523,0.6159,0.2034,0.0404,0.0643,66.0,0.1379,-0.1141,195.0,0.0059,0.0434,2388.0,-0.0092,-0.0134,554767.0,-0.0031,0.0275,1373,0.1711,0.1529,0.0506,-0.0015,-0.0162,0.0
201805,53063,"spokane, wa",325688.0,0.0021,0.1154,979,0.1241,-0.1966,31.0,-0.0462,0.24,1204,0.2064,-0.0667,414,0.2622,4.175,0.1054,0.0065,0.087,556.0,0.4112,0.4479,0.1468,0.0264,0.0588,1665.0,0.133,-0.1276,133.0,-0.0143,0.1063,2473.0,0.0154,0.0204,404267.0,0.0077,0.1398,2630,0.1281,-0.1544,1.7016,0.0135,0.1347,0.0
201805,53013,"columbia, wa",169225.0,0.0925,0.0925,26,0.0,-0.3929,108.0,0.1346,0.0831,6,2.0,-0.4,0,,,0.0,0.0,0.0,2.0,0.0,-0.5,0.0606,-0.0194,-0.0199,,,,103.0,-0.0179,0.13,1687.0,0.0223,-0.0603,225622.0,0.0506,0.1755,26,0.0,-0.3929,,,,0.0
201805,53061,"snohomish, wa",522473.0,0.0347,0.1272,862,0.1898,0.0147,17.0,-0.1282,0.7436,1486,-0.0013,0.1537,534,0.0,16.8,0.1438,-0.0126,0.1295,358.0,0.4435,0.5982,0.1002,0.0277,0.0034,1312.0,0.157,,263.0,0.0265,0.148,2041.0,0.0064,-0.0038,623328.0,0.0283,0.1748,2179,0.1722,1.5644,1.522,-0.0432,,0.0
201805,53007,"chelan, wa",475725.0,0.0347,0.0987,299,0.1706,-0.0277,46.0,-0.016,-0.1111,180,0.0843,-0.0625,6,-0.7273,0.5,0.0112,-0.0347,0.0038,50.0,-0.0385,0.0417,0.0966,-0.0094,0.0118,36.0,-0.0769,4.1429,233.0,0.0545,0.1093,1912.0,0.0079,-0.0416,582533.0,-0.004,0.0704,334,0.1361,0.0654,0.1206,-0.0323,0.0978,0.0
201805,53033,"king, wa",744475.0,0.0234,0.1237,2508,0.2358,0.2912,17.0,-0.15,0.8889,4614,0.3086,0.3732,1092,-0.09,18.5,0.1233,-0.026,0.1136,1070.0,0.4499,1.4208,0.1097,0.0205,0.0272,3135.0,0.337,,369.0,-0.0105,0.1441,2220.0,0.0233,0.0045,1147193.0,-0.004,0.0535,5750,0.3199,1.9606,1.25,0.0946,1.25,0.0
201805,53075,"whitman, wa",254500.0,0.018,0.083,147,-0.0985,-0.0034,45.0,0.1465,-0.0816,58,-0.1212,-0.2162,4,1.0,,0.0206,0.0123,0.0206,32.0,-0.1111,0.1429,0.1525,0.0012,0.0437,5.0,-0.2857,-0.697,127.0,-0.0277,0.032,2008.0,0.053,0.0176,271608.0,0.0442,0.1088,152,-0.1062,-0.0706,0.0341,-0.0089,-0.0781,0.0
201805,53019,"ferry, wa",164475.0,-0.006,-0.0857,58,0.0088,-0.1901,82.0,-0.4246,0.0581,16,1.0,-0.2727,0,,,0.0,0.0,0.0,8.0,0.0,,0.0856,-0.0197,0.0856,16.0,0.1923,5.2,105.0,0.0246,-0.2113,1936.0,0.1126,0.1593,249513.0,0.0035,-0.0944,73,0.0429,-0.0068,0.2696,0.0415,0.2344,0.0
201805,53009,"clallam, wa",394975.0,0.0394,0.1983,199,0.0964,-0.5482,37.0,-0.1591,-0.1685,166,0.0779,0.2206,4,0.0,,0.0071,-0.0014,0.0071,44.0,0.1579,-0.3714,0.0823,0.0051,-0.0353,194.0,0.145,,202.0,0.0633,0.1444,1957.0,-0.0302,0.0357,468100.0,0.0638,0.1619,396,0.1363,-0.101,0.9724,0.0412,,0.0
201805,53029,"island, wa",439925.0,0.0255,0.0183,248,-0.01,-0.2229,33.0,-0.058,0.1207,314,0.0828,0.2362,26,-0.0714,12.0,0.0371,-0.0052,0.0336,122.0,0.3261,0.4524,0.1653,0.0264,0.022,148.0,0.2661,,231.0,0.049,0.0607,2015.0,-0.0054,-0.0273,644290.0,0.0345,-0.0264,393,0.0651,0.2323,0.596,0.13,,0.0
201805,53035,"kitsap, wa",455495.0,0.0787,0.1389,424,0.2771,-0.2388,21.0,-0.3051,-0.1961,778,0.2468,0.3322,116,0.234,57.0,0.0702,-0.002,0.0685,178.0,0.2361,0.2192,0.1124,0.0017,-0.0152,491.0,0.5621,,206.0,0.0185,0.0913,2208.0,0.0587,0.0162,616063.0,0.0542,0.0716,914,0.416,0.6409,1.1568,0.2111,,0.0
201805,53001,"adams, wa",159500.0,0.0425,0.4907,30,0.1111,0.1111,43.0,-0.086,-0.086,24,1.0,1.4,0,,,0.0,0.0,0.0,4.0,1.0,0.0,0.0588,0.0153,-0.0496,17.0,0.1379,,96.0,0.0554,0.419,1836.0,-0.0027,0.0326,182981.0,0.0486,0.1421,43,0.0897,0.5741,0.55,0.013,,1.0
201805,53047,"okanogan, wa",308500.0,0.0538,0.0458,215,0.25,-0.0753,43.0,-0.4136,-0.1602,90,-0.0217,-0.0217,2,0.0,,0.0058,-0.0007,0.0058,28.0,0.0769,0.4,0.0794,-0.0059,0.0206,28.0,0.2222,26.5,188.0,0.0871,0.0434,1624.0,0.0741,0.0059,413880.0,0.0299,0.0538,241,0.2327,0.0343,0.1279,-0.0029,0.1236,0.0
201805,53017,"douglas, wa",347550.0,-0.0076,0.1212,103,0.3576,0.1453,24.0,-0.5607,-0.3333,84,0.2727,0.0244,18,1.25,,0.0687,0.0148,0.0687,24.0,0.5,1.0,0.1096,0.0219,0.041,43.0,0.2464,42.0,188.0,-0.0084,0.0906,1989.0,-0.0197,-0.0221,393962.0,-0.0461,-0.0451,148,0.3657,0.6209,0.4195,-0.0374,0.4083,0.0
201805,53053,"pierce, wa",417500.0,-0.0134,0.1228,1382,0.1894,-0.0329,24.0,-0.0952,0.3571,2458,0.139,0.3229,504,-0.0632,9.9565,0.0991,-0.0173,0.0849,580.0,0.1554,0.3182,0.1126,0.0041,-0.0203,1613.0,0.3337,,197.0,0.019,0.1117,2246.0,0.0027,0.0293,516104.0,-0.0111,0.0804,2994,0.2628,1.0956,1.1672,0.1263,,0.0
201805,53067,"thurston, wa",386975.0,0.041,0.1384,484,0.179,-0.097,26.0,-0.1405,0.1556,678,0.1225,0.1414,150,0.1029,7.3333,0.0766,-0.0135,0.0606,200.0,-0.0099,0.3889,0.1081,-0.0256,-0.0145,529.0,0.1364,528.0,175.0,0.0221,0.0771,2201.0,0.0043,0.0157,434337.0,0.0185,0.0944,1013,0.1564,0.8864,1.093,-0.041,1.0911,0.0
201805,53057,"skagit, wa",466250.0,-0.009,0.211,331,0.1975,0.0216,35.0,-0.1824,-0.028,390,0.189,0.4885,38,0.2667,3.75,0.0427,0.0017,0.029,136.0,0.6585,1.0,0.1447,0.0345,0.0307,197.0,0.5391,,222.0,0.0064,0.0992,2155.0,-0.0036,0.0837,644187.0,-0.0385,0.1696,529,0.3258,0.6352,0.5961,0.1323,,0.0
201805,53005,"benton, wa",339000.0,0.0215,-0.0088,750,0.0677,0.719,35.0,0.0692,0.1301,372,0.0941,-0.0053,18,-0.5,0.5,0.016,-0.0184,0.0012,148.0,0.2759,0.2333,0.1333,0.0221,-0.0257,5.0,0.6667,,154.0,0.0044,0.0725,2198.0,0.0101,-0.0753,357986.0,0.0065,-0.0223,754,0.0711,0.7282,0.0067,0.0024,0.0067,0.0
201805,53025,"grant, wa",245325.0,-0.0236,0.0265,214,0.062,-0.2733,43.0,0.1097,-0.1134,144,-0.2,0.0435,18,-0.3571,8.0,0.0369,-0.0128,0.0314,64.0,0.2308,0.6,0.1359,0.0344,0.0398,132.0,0.0735,130.5,137.0,0.007,0.0684,1826.0,-0.0188,0.0,310613.0,-0.0031,0.0772,347,0.0744,0.1726,0.6145,0.0065,0.6111,0.0
201805,53043,"lincoln, wa",250000.0,0.1136,0.5161,45,0.1711,-0.1759,28.0,-0.2994,-0.4931,24,-0.2,0.0909,6,,,0.0587,0.0587,0.0587,10.0,0.25,0.25,0.1026,0.015,0.0174,28.0,0.1667,0.098,130.0,0.187,0.6332,2159.0,0.0693,0.0795,309526.0,0.0664,0.4637,73,0.187,-0.0818,0.6292,-0.0024,0.157,1.0
201805,53055,"san juan, wa",795000.0,0.06,0.0671,219,0.1875,-0.08,56.0,-0.276,-0.0219,76,-0.05,0.2667,0,,,0.0,0.0,0.0,22.0,-0.4211,0.5714,0.0721,-0.0518,0.0248,28.0,0.25,,387.0,0.0225,-0.0238,2002.0,-0.0005,-0.0336,1242417.0,-0.0485,-0.085,246,0.1884,0.0358,0.1259,0.0063,,0.0
201805,53051,"pend oreille, wa",304688.0,0.0863,0.0785,98,0.3636,-0.1295,41.0,-0.4184,0.0719,50,0.3158,0.087,2,,,0.01,0.01,0.01,22.0,0.5714,0.5714,0.1172,-0.0067,0.0389,35.0,0.5909,0.1864,170.0,0.0485,0.0121,2000.0,-0.022,0.2575,384820.0,-0.0253,0.133,131,0.4185,-0.0612,0.359,0.0513,0.0956,0.0
201805,53045,"mason, wa",296000.0,0.0773,0.2022,203,0.1185,-0.313,33.0,-0.1316,-0.12,256,0.3196,0.1034,16,-0.2727,7.0,0.0306,-0.0135,0.0271,68.0,0.3077,0.3077,0.1174,0.0092,0.015,139.0,0.3238,,183.0,0.0712,0.1572,1598.0,-0.0006,0.0315,360929.0,0.0586,0.1683,342,0.2046,0.1557,0.6847,0.1062,,0.0
201805,53059,"skamania, wa",588750.0,0.1328,0.2015,30,0.2826,-0.0167,42.0,-0.3169,-0.3025,22,0.0,0.375,0,,,0.0,0.0,0.0,6.0,0.0,0.0,0.0811,-0.0743,-0.0632,2.0,1.0,0.3333,240.0,0.174,0.1653,2404.0,-0.0353,-0.0072,783031.0,0.0314,0.2305,32,0.3404,-0.0156,0.0678,0.0243,0.0178,0.0
201805,53021,"franklin, wa",297800.0,0.0051,-0.0195,239,0.0414,0.6314,43.0,0.14,0.2857,88,-0.1538,-0.1698,8,0.3333,-0.3333,0.0238,0.0053,-0.025,42.0,0.5,0.1053,0.1247,0.0358,-0.0195,3.0,0.0,,151.0,-0.0101,0.0574,2167.0,0.0195,0.0077,350305.0,0.0069,0.091,241,0.0411,0.6416,0.0126,-0.0005,0.0126,0.0
201804,53061,"snohomish, wa",504975.0,0.0202,0.0978,725,0.2095,0.0813,20.0,-0.025,0.3929,1488,0.3007,0.4363,534,0.1609,13.8333,0.1564,-0.005,0.1342,248.0,0.1273,0.7222,0.0726,-0.01,-0.0118,1134.0,0.1813,2267.0,256.0,0.0186,0.1405,2028.0,0.0112,-0.0361,606172.0,0.0236,0.1398,1859,0.1667,1.7739,1.5652,-0.0375,1.5645,0.0
201804,53055,"san juan, wa",750000.0,-0.026,0.0345,184,0.1152,-0.156,77.0,-0.5969,0.0267,80,0.6667,0.5385,0,,,0.0,0.0,0.0,38.0,1.375,1.375,0.1239,0.0534,0.0649,22.0,0.2941,,378.0,0.0105,-0.0202,2003.0,-0.0437,-0.0074,1305753.0,-0.0066,-0.0339,207,0.1564,-0.0505,0.1196,0.0165,,0.0
201804,53035,"kitsap, wa",422250.0,0.0559,0.0583,332,0.0375,-0.3169,30.0,-0.1061,-0.2237,624,0.4182,0.3805,94,-0.06,2.9167,0.0722,-0.0179,0.0463,144.0,0.2,0.5,0.1107,-0.0043,0.0112,314.0,0.1377,,202.0,0.0196,0.0998,2086.0,0.0156,-0.0361,584378.0,0.117,0.0646,646,0.0794,0.3282,0.9458,0.0833,,0.0
201804,53049,"pacific, wa",256332.0,0.0278,0.0658,149,0.0,0.0797,80.0,-0.3199,0.3487,60,0.0,0.0714,2,-0.5,,0.0083,-0.0083,0.0083,40.0,0.6667,1.5,0.1678,0.0629,0.0754,24.0,0.6786,,164.0,0.0788,0.1403,1544.0,-0.0052,-0.081,318363.0,0.02,0.0575,175,0.0576,0.2645,0.1577,0.0638,0.1577,0.0
201804,53033,"king, wa",727485.0,-0.0157,0.1193,2029,0.2364,0.223,20.0,0.25,1.2222,3526,0.2504,0.2982,1200,0.1719,32.3333,0.1492,-0.0027,0.1417,738.0,0.5636,1.8828,0.0892,0.0181,0.0326,2345.0,0.177,2343.5,373.0,0.0066,0.1507,2170.0,-0.0183,0.0091,1151831.0,-0.0269,0.071,4356,0.1847,1.6241,1.1555,-0.0584,1.1549,1.0
201804,53017,"douglas, wa",350200.0,0.0121,0.1712,76,-0.1968,-0.142,54.0,-0.3476,0.1758,66,0.1786,0.1786,8,-0.3333,,0.0539,-0.018,0.0539,16.0,0.3333,1.0,0.0877,0.0171,0.0237,35.0,0.8158,16.25,190.0,0.0272,0.0793,2029.0,0.0047,0.0546,412996.0,0.0414,0.0328,108,-0.0442,0.2135,0.457,0.2548,0.4342,0.0
201804,53071,"walla walla, wa",322000.0,-0.0092,0.1926,153,0.0374,0.1213,52.0,-0.1043,-0.1121,84,-0.087,0.1667,0,,,0.0,0.0,0.0,34.0,0.2143,0.7,0.1552,0.0316,0.0785,,,,152.0,0.0355,0.0467,2191.0,0.0049,0.1223,388928.0,0.0444,0.114,153,0.0374,0.1213,,,,0.0
201804,53047,"okanogan, wa",292750.0,0.0455,0.0531,172,0.0818,-0.1224,74.0,-0.5148,-0.5448,92,0.9167,1.0909,2,-0.5,,0.0065,-0.0117,0.0065,26.0,-0.0714,2.25,0.0853,-0.0462,0.0574,23.0,0.0227,21.5,173.0,0.0757,-0.0011,1512.0,0.0,-0.0649,401859.0,0.0428,0.0363,196,0.0801,-0.0026,0.1308,-0.0076,0.1257,1.0
201804,53009,"clallam, wa",380000.0,0.0888,0.2298,182,0.0552,-0.5428,44.0,-0.1373,0.0864,154,0.4259,-0.125,4,-0.5,,0.0085,-0.0094,0.0085,38.0,0.0556,0.1875,0.0772,-0.0069,0.0229,169.0,0.1901,,190.0,0.0128,0.128,2018.0,0.0494,0.082,440015.0,0.0604,0.1339,349,0.1099,-0.1222,0.9311,0.1055,,0.0
201804,53045,"mason, wa",274750.0,0.059,0.1496,182,-0.0082,-0.3448,38.0,-0.1264,-0.1364,194,0.1279,0.1279,22,0.1,,0.0441,0.0015,0.0441,52.0,0.1818,0.4444,0.1082,-0.0151,0.0217,105.0,0.0825,,171.0,0.0423,0.1287,1599.0,-0.0166,0.0041,340965.0,0.0256,0.159,284,0.0053,0.0235,0.5785,0.0485,,0.0
201804,53001,"adams, wa",153000.0,-0.0065,0.3846,27,0.1739,0.0385,47.0,-0.3357,-0.0606,12,0.0,0.5,0,,,0.0,0.0,0.0,2.0,-0.75,-0.75,0.0435,-0.1304,-0.1851,15.0,0.1154,6.25,91.0,-0.1377,0.1968,1841.0,0.0766,0.1659,174502.0,0.0097,0.1448,39,0.0833,0.5,0.537,-0.0282,0.4601,0.0
201804,53057,"skagit, wa",470500.0,0.0718,0.2548,276,0.0739,-0.0612,43.0,-0.15,0.2687,328,0.1884,0.5185,30,0.0714,6.5,0.041,-0.0167,0.0322,82.0,0.2813,0.2813,0.1102,-0.0007,-0.0133,128.0,0.28,,220.0,0.0026,0.1243,2163.0,0.0335,0.1016,669998.0,0.0232,0.2415,399,0.1053,0.3571,0.4638,0.0747,,0.0
201804,53067,"thurston, wa",371738.0,0.04,0.0967,411,0.1155,-0.1037,30.0,-0.0833,0.0431,604,0.0486,0.2583,136,0.1333,4.6667,0.0901,0.0179,0.0645,202.0,0.6833,1.525,0.1337,0.0491,0.0456,466.0,0.1005,464.5,172.0,0.0159,0.0521,2191.0,0.0198,0.0272,426456.0,0.0121,0.1117,876,0.0977,0.9085,1.134,-0.0155,1.1318,0.0
201804,53005,"benton, wa",331868.0,-0.0138,-0.0094,702,0.1161,0.6794,33.0,-0.1216,-0.0972,340,0.1644,0.1039,36,0.125,8.0,0.0344,-0.0023,0.0281,116.0,0.0741,0.3182,0.1111,-0.0076,-0.0082,3.0,-0.7,2.0,153.0,0.0082,0.0627,2176.0,-0.0111,-0.0754,355662.0,-0.0024,-0.01,704,0.1079,0.679,0.0043,-0.0116,0.0019,0.0
201804,53003,"asotin, wa",263675.0,0.034,0.0547,98,0.189,-0.025,51.0,-0.0556,0.0625,34,0.0625,0.2143,0,,,0.0,0.0,0.0,14.0,-0.3,-0.4167,0.1114,-0.0791,-0.0625,1.0,0.0,,126.0,0.0211,0.1377,2156.0,0.0403,-0.0211,303532.0,0.0191,0.1027,98,0.189,-0.025,0.0103,-0.0019,0.0103,0.0
201804,53025,"grant, wa",251250.0,0.0266,0.0694,202,0.0892,-0.2509,39.0,-0.4833,-0.289,180,0.2857,0.3235,28,0.4,2.5,0.0496,0.0077,0.0275,52.0,0.0833,0.3,0.1015,-0.0126,0.011,123.0,0.1893,121.5,136.0,0.0377,0.054,1861.0,-0.0153,0.0192,311584.0,-0.0038,0.0996,323,0.1685,0.1989,0.6079,0.0512,0.6042,0.0
201804,53039,"klickitat, wa",453500.0,0.0734,0.0621,72,0.2632,0.1077,75.0,-0.2574,-0.4863,38,0.5833,0.1875,0,,,0.0,0.0,0.0,8.0,1.0,0.0,0.0791,0.025,-0.006,1.0,-0.5,0.0,187.0,-0.0008,0.1108,2203.0,-0.0221,-0.0206,569874.0,0.0,-0.0346,73,0.2373,0.1061,0.0139,-0.0212,-0.0015,0.0
201804,53073,"whatcom, wa",439475.0,0.0341,0.1014,478,0.0611,-0.087,41.0,-0.129,0.125,460,0.055,0.1275,52,0.0,12.0,0.0446,-0.0029,0.0403,164.0,0.1081,0.7083,0.1238,-0.0141,0.0277,218.0,0.1757,,235.0,0.0498,0.09,1899.0,0.0048,0.038,512710.0,0.0252,-0.0509,697,0.0732,0.3317,0.4555,0.0444,,0.0
201804,53069,"wahkiakum, wa",286750.0,0.0278,0.0825,22,-0.1042,-0.2037,110.0,-0.1061,-0.2448,12,2.0,0.0,0,,,0.0,0.0,0.0,2.0,-0.5,-0.5,0.0435,-0.0899,-0.0416,5.0,-0.1667,,152.0,-0.0244,0.0799,1862.0,0.1464,0.0343,317185.0,0.0496,-0.0142,27,-0.1167,-0.0185,0.2326,-0.0174,,0.0
201804,53059,"skamania, wa",519725.0,-0.1265,0.1627,23,0.15,-0.2069,61.0,-0.5179,-0.2591,22,4.5,0.375,0,,,0.0,0.0,0.0,6.0,0.5,0.5,0.1554,0.0072,0.072,1.0,0.0,-0.5,204.0,0.0596,0.1345,2492.0,-0.1578,-0.077,759181.0,0.1123,0.205,24,0.119,-0.2419,0.0435,-0.0065,-0.0255,0.0
201804,53075,"whitman, wa",250000.0,-0.0099,0.087,163,0.0762,0.0906,39.0,0.246,-0.1467,66,-0.0833,-0.0294,2,-0.5,,0.0083,-0.0103,0.0083,36.0,0.8,-0.1,0.1513,0.062,-0.0171,7.0,0.1667,-0.3,130.0,-0.0184,0.0941,1907.0,0.0018,-0.027,260109.0,-0.0057,0.0783,170,0.0728,0.0796,0.0431,0.0033,-0.024,0.0
201804,53021,"franklin, wa",296300.0,-0.0282,-0.012,230,0.0432,0.7127,38.0,0.1364,0.0563,104,0.1304,-0.1034,6,-0.8333,-0.25,0.0185,-0.0861,-0.0144,28.0,0.75,0.4,0.0889,0.0435,0.0155,3.0,0.0,,153.0,0.0019,0.0942,2125.0,0.0024,-0.013,347888.0,0.0037,0.0983,231,0.0452,0.7239,0.0131,-0.0006,0.0131,0.0
201804,53011,"clark, wa",456950.0,-0.0118,0.0388,1114,0.0975,0.1437,34.0,0.0152,-0.0946,974,0.1068,0.0774,68,-0.0556,-0.2273,0.0318,-0.0049,-0.0105,348.0,0.3182,0.3385,0.163,0.0218,0.0339,58.0,0.1837,-0.0645,194.0,0.0003,0.0489,2410.0,0.0036,-0.0126,556497.0,-0.0301,0.0213,1172,0.1005,0.1313,0.0521,0.0038,-0.0116,0.0
201804,53041,"lewis, wa",287475.0,0.0848,0.1983,177,-0.0302,-0.0855,47.0,-0.2119,-0.1226,162,-0.0122,0.2273,12,-0.25,,0.0251,-0.0119,0.0251,56.0,0.0,1.0,0.1353,-0.0072,0.0588,78.0,-0.0127,,146.0,0.0066,0.1158,1932.0,0.0304,0.1155,351094.0,0.0521,0.1561,253,-0.0399,0.3083,0.4419,0.0079,0.4419,0.0
201804,53051,"pend oreille, wa",280484.0,-0.0647,-0.0649,72,0.2328,-0.0833,71.0,-0.254,0.3824,38,1.375,-0.05,0,,,0.0,0.0,0.0,14.0,0.75,0.75,0.1239,0.0378,0.0702,22.0,0.1579,-0.3889,162.0,0.0777,-0.0225,2045.0,0.0217,0.1832,394792.0,-0.0215,0.1369,92,0.1948,-0.1858,0.3077,-0.0199,-0.1538,0.0
201804,53015,"cowlitz, wa",301350.0,0.008,0.1165,205,0.1517,0.0099,38.0,-0.2216,0.0203,230,0.25,0.25,28,0.4,6.0,0.0542,0.0096,0.0433,70.0,0.1667,0.75,0.1379,-0.0037,0.0393,74.0,0.1308,8.1875,154.0,0.0121,0.0841,1932.0,-0.0566,0.061,400512.0,-0.1097,-0.0333,279,0.1481,0.3223,0.3585,-0.0066,0.3191,0.0
201804,53037,"kittitas, wa",404250.0,0.012,0.1075,111,0.3214,-0.1462,33.0,0.0156,-0.1216,100,-0.0741,0.0,6,-0.25,,0.0268,-0.0023,0.0268,32.0,1.0,1.6667,0.1239,0.0657,0.0678,54.0,0.1489,,231.0,0.058,0.1834,1972.0,-0.0189,0.0018,541873.0,0.0343,-0.0168,164,0.2331,0.2615,0.4865,-0.073,,0.0
201804,53065,"stevens, wa",262500.0,-0.0094,0.0714,225,0.1513,-0.1091,61.0,-0.401,0.1204,106,0.325,0.325,4,,,0.0108,0.0108,0.0108,42.0,0.3125,0.1667,0.0975,0.0011,0.0071,73.0,0.25,0.4216,138.0,0.0392,0.0791,2111.0,-0.022,0.029,352226.0,-0.0312,0.0264,295,0.18,0.0034,0.3229,0.0255,0.1206,0.0
201804,53019,"ferry, wa",165475.0,0.1032,-0.0263,57,-0.0172,-0.1364,143.0,-0.238,-0.0468,8,0.0,-0.3333,0,,,0.0,0.0,0.0,8.0,1.0,0.0,0.1053,0.0497,0.01,13.0,1.1667,5.5,102.0,0.0013,-0.2059,1740.0,-0.0938,0.16,248636.0,0.0578,0.0415,70,0.0938,0.0294,0.2281,0.1246,0.1978,0.0
201804,53077,"yakima, wa",298975.0,0.0327,0.3005,291,0.0564,-0.0349,45.0,-0.0111,-0.0326,170,-0.0116,-0.0957,6,-0.25,0.5,0.0091,-0.0027,0.0034,60.0,0.0714,0.25,0.0841,0.0027,0.011,222.0,0.0598,-0.0156,145.0,-0.0076,0.2094,2027.0,0.0092,0.03,379533.0,0.0279,0.3275,517,0.0726,0.0,0.7625,0.0025,0.015,0.0
201804,53031,"jefferson, wa",456750.0,0.0659,0.0151,129,0.0238,-0.2275,54.0,-0.0769,-0.4857,124,0.7222,0.4091,14,0.75,,0.0417,0.0161,0.0417,40.0,0.6667,1.0,0.1254,0.0232,0.053,56.0,0.1429,,233.0,-0.003,-0.0335,1865.0,0.0361,0.0582,554901.0,0.0205,0.1301,187,0.0597,0.1168,0.4341,0.0452,,0.0
201804,53023,"garfield, wa",150000.0,0.1111,0.1587,12,0.0909,-0.25,81.0,-0.1154,-0.226,4,,,0,,,0.0,0.0,0.0,0.0,,,0.0,0.0,0.0,,,,81.0,0.0527,0.5353,2022.0,0.0,-0.0108,190193.0,0.0357,0.5033,12,0.0909,-0.25,,,,0.0
201804,53013,"columbia, wa",154900.0,0.0164,0.0334,26,-0.0556,-0.3625,95.0,-0.0711,-0.3327,2,-0.5,-0.75,0,,,0.0,0.0,0.0,2.0,,-0.5,0.08,0.08,-0.0109,,,,105.0,0.0115,0.2216,1651.0,-0.0268,-0.0784,214756.0,0.0221,0.196,26,-0.0556,-0.3625,,,,1.0
201804,53053,"pierce, wa",423169.0,-0.0043,0.144,1162,0.0875,-0.0123,26.0,-0.125,0.0938,2158,0.1962,0.4503,538,0.1903,15.8125,0.1164,0.0041,0.1044,502.0,0.2806,0.7192,0.1085,0.0091,-0.0054,1209.0,0.1614,,193.0,0.0256,0.1071,2240.0,-0.002,0.0156,521900.0,0.0101,0.0804,2371,0.1171,1.0157,1.0409,0.0662,,0.0
201804,53027,"grays harbor, wa",217250.0,-0.008,0.1434,309,0.0439,-0.1246,52.0,0.04,-0.1875,178,-0.11,0.3485,16,0.0,1.0,0.027,-0.0005,0.013,78.0,0.0833,0.95,0.13,0.0094,0.0469,102.0,0.1404,,151.0,-0.0089,0.1294,1482.0,-0.02,0.0019,254367.0,-0.0123,0.1279,414,0.0781,0.1728,0.3285,0.0278,,0.0
201804,53029,"island, wa",428975.0,0.0337,0.0337,250,0.1364,-0.1103,35.0,-0.0921,-0.0921,290,0.1694,0.3942,28,0.1667,,0.0423,0.0006,0.0423,92.0,0.15,0.4375,0.1389,-0.0095,0.0024,117.0,0.0888,,220.0,0.0113,0.0926,2026.0,0.0164,-0.013,622783.0,-0.0076,0.0154,369,0.1269,0.3114,0.466,-0.0204,,0.0
201804,53063,"spokane, wa",325000.0,0.022,0.1211,871,0.1276,-0.1457,33.0,-0.1667,0.0833,998,0.129,-0.0861,328,0.0,2.9048,0.0989,-0.011,0.0684,394.0,0.1067,0.6695,0.1205,0.0012,0.0558,1470.0,0.1489,-0.0017,135.0,0.0293,0.1363,2435.0,0.0231,0.0068,401188.0,0.0424,0.1531,2331,0.1404,-0.0623,1.6881,0.0314,0.2436,0.0
201804,53043,"lincoln, wa",224500.0,0.4967,0.1847,38,0.3571,-0.1739,39.0,-0.6432,-0.6616,30,1.5,0.875,0,,,0.0,0.0,0.0,8.0,1.0,-0.3333,0.0876,0.0106,-0.01,24.0,0.1429,0.0909,110.0,0.476,0.1988,2019.0,0.133,0.0249,290251.0,0.3686,0.1853,62,0.23,-0.0956,0.6316,-0.1184,0.1533,1.0
201804,53007,"chelan, wa",459750.0,0.0116,0.2069,255,0.1697,-0.0761,47.0,-0.3682,-0.3596,166,0.2969,0.2576,22,4.5,4.5,0.0459,0.0355,0.0363,52.0,0.1818,0.4444,0.106,-0.0054,0.018,39.0,0.0,4.5714,221.0,0.0068,0.145,1897.0,-0.0427,-0.0639,584868.0,-0.0208,0.1161,294,0.1529,0.0426,0.1529,-0.026,0.1276,0.0
201803,53059,"skamania, wa",595000.0,0.2268,0.2935,20,-0.3333,-0.2453,126.0,0.3125,-0.1235,4,-0.5,-0.5,0,,,0.0,0.0,0.0,4.0,0.0,-0.3333,0.1481,0.0148,-0.0258,1.0,-0.5,-0.6667,193.0,-0.0305,0.0455,2959.0,0.0498,0.1272,682520.0,0.1058,0.2807,21,-0.3438,-0.2881,0.05,-0.0167,-0.0632,0.0
201803,53061,"snohomish, wa",495000.0,0.0135,0.0879,599,0.1001,-0.0424,20.0,0.0256,0.25,1144,0.1556,0.2354,460,0.6912,8.5833,0.1614,0.0431,0.1293,220.0,0.2791,0.8644,0.0826,0.0116,0.0032,960.0,0.1601,,251.0,0.0156,0.1516,2006.0,-0.0085,-0.045,592210.0,0.0155,0.1225,1593,0.1242,1.5468,1.6027,0.0829,,0.0
201803,53043,"lincoln, wa",150000.0,0.0774,-0.1364,28,-0.2727,-0.513,110.0,0.0138,-0.1339,12,0.5,0.0,0,,,0.0,0.0,0.0,4.0,-0.3333,-0.3333,0.0769,-0.005,0.0023,21.0,0.1351,0.3548,74.0,-0.0219,-0.1626,1782.0,0.0566,-0.0972,212072.0,0.0273,-0.0599,50,-0.1071,-0.3007,0.75,0.2695,0.4804,1.0
201803,53003,"asotin, wa",255000.0,-0.0633,0.0636,82,0.2148,-0.0409,54.0,-0.4653,0.0537,32,0.7778,-0.1579,0,,-1.0,0.0,0.0,-0.0156,20.0,1.0,1.5,0.1905,0.0639,0.1247,1.0,-0.5,,123.0,-0.045,0.0953,2072.0,0.0278,-0.0624,297854.0,-0.0286,0.0989,82,0.2148,-0.0409,0.0122,-0.0174,,0.0
201803,53005,"benton, wa",336500.0,0.0017,-0.0056,629,0.0397,0.6596,37.0,-0.2525,-0.2525,292,0.1231,0.1318,32,0.3333,1.0,0.0367,0.0076,0.0112,108.0,0.3846,0.8,0.1187,0.0242,0.0239,10.0,0.6667,19.0,152.0,0.0188,0.0594,2200.0,-0.0045,-0.0722,356525.0,0.0244,-0.0024,635,0.0453,0.6755,0.0159,0.006,0.0146,0.0
201803,53025,"grant, wa",244750.0,0.0253,0.0919,185,-0.0931,-0.2731,75.0,-0.2386,-0.3007,140,0.2963,0.4286,20,1.5,2.3333,0.0419,0.0201,0.0249,48.0,0.3333,0.8462,0.114,0.0164,0.0409,103.0,0.5725,,131.0,-0.0025,0.0324,1890.0,0.0362,0.0687,312761.0,0.0211,0.1894,276,0.0318,0.0845,0.5568,0.2357,,0.0
201803,53023,"garfield, wa",135000.0,0.1371,0.2869,11,0.1,-0.4359,91.0,-0.0521,-0.1555,0,-1.0,,0,,,0.0,0.0,0.0,0.0,,-1.0,0.0,0.0,-0.0833,,,,77.0,0.073,0.5154,2022.0,0.0509,-0.053,183629.0,0.0819,0.5525,11,0.1,-0.4359,,,,0.0
201803,53021,"franklin, wa",304900.0,0.0488,0.0728,220,0.0092,0.7959,33.0,-0.3592,-0.1484,92,-0.08,0.0455,36,1.0,1.5714,0.1047,0.0489,0.0357,16.0,-0.1111,-0.2727,0.0455,-0.0104,-0.0605,3.0,0.2,,153.0,0.0161,0.0964,2120.0,0.026,-0.0469,346615.0,0.0393,0.0713,221,0.0068,0.8041,0.0136,0.0022,0.0136,0.0
201803,53007,"chelan, wa",454500.0,0.0676,0.1806,218,0.0046,-0.1648,74.0,-0.3303,-0.3148,128,0.561,0.2308,4,1.0,1.0,0.0104,0.0047,0.0056,44.0,1.0,0.375,0.1114,0.0442,0.0224,39.0,0.3929,5.5,220.0,0.0626,0.1307,1981.0,-0.0065,0.0117,597309.0,0.0822,0.1482,255,0.0366,-0.0467,0.1789,0.0499,0.1559,0.0
201803,53015,"cowlitz, wa",298950.0,-0.0134,0.2642,178,-0.0582,0.0114,49.0,-0.331,0.1617,184,0.15,0.2778,20,-0.2857,9.0,0.0446,-0.0171,0.0378,60.0,0.0714,2.0,0.1416,0.01,0.0786,65.0,-0.1772,13.4444,152.0,-0.011,0.1013,2048.0,-0.0078,0.1923,449877.0,-0.0228,0.0881,243,-0.1017,0.3388,0.3652,-0.0528,0.3396,0.0
201803,53013,"columbia, wa",152400.0,0.0167,0.0893,27,-0.194,-0.3415,102.0,0.0794,-0.3947,4,0.0,-0.5,0,,,0.0,0.0,0.0,0.0,-1.0,-1.0,0.0,-0.0476,-0.0444,,,,104.0,0.0029,0.222,1696.0,-0.0029,-0.053,210110.0,0.0478,0.2155,27,-0.194,-0.3415,,,,0.0
201803,53027,"grays harbor, wa",219000.0,0.0017,0.1857,296,0.0459,-0.1579,50.0,-0.3548,-0.3921,200,0.3699,0.5152,16,0.3333,3.0,0.0275,0.0042,0.0191,72.0,0.5,0.5652,0.1206,0.0267,0.0281,89.0,0.1558,,152.0,0.0271,0.1943,1512.0,-0.0033,0.0235,257536.0,-0.0031,0.1554,384,0.0711,0.0925,0.3007,0.0286,,0.0
201803,53001,"adams, wa",154000.0,-0.0112,0.3784,23,0.0698,-0.0213,70.0,-0.3488,0.3592,12,2.0,2.0,0,,,0.0,0.0,0.0,8.0,3.0,1.0,0.1739,0.1285,0.0544,13.0,0.1818,12.0,106.0,-0.0078,0.5545,1710.0,-0.1346,0.131,172823.0,-0.042,0.2197,36,0.1429,0.4694,0.5652,0.0536,0.5227,1.0
201803,53031,"jefferson, wa",428500.0,0.0429,-0.0359,126,-0.0195,-0.227,59.0,-0.5403,-0.5806,72,0.2,0.5,8,1.0,,0.0256,0.0071,0.0256,24.0,0.5,0.3333,0.1022,0.0312,0.0169,49.0,0.3611,,234.0,-0.0012,-0.0341,1800.0,0.011,0.057,543737.0,0.0145,0.1297,176,0.0634,0.0798,0.3889,0.1087,,0.0
201803,53009,"clallam, wa",349000.0,0.0834,0.1477,172,-0.3594,-0.5249,51.0,-0.3333,-0.1429,108,0.0588,-0.1692,8,,,0.0179,0.0179,0.0179,36.0,-0.1,0.2,0.0841,-0.0215,0.0227,142.0,7.3529,,188.0,0.0576,0.1301,1923.0,0.063,0.0392,414947.0,0.1234,0.0975,314,0.1115,-0.1326,0.8256,0.7623,,0.0
201803,53019,"ferry, wa",150000.0,0.0258,-0.129,58,-0.0169,-0.1471,187.0,0.0191,-0.0013,8,0.3333,1.0,0,,,0.0,0.0,0.0,4.0,0.0,0.0,0.0556,0.0041,0.0042,6.0,-0.2941,1.4,102.0,-0.027,-0.1894,1920.0,0.2276,0.28,235048.0,0.0569,0.0373,64,-0.0519,-0.0857,0.1034,-0.0406,0.0667,1.0
201803,53071,"walla walla, wa",325000.0,0.0188,0.3159,147,0.0576,-0.0134,58.0,-0.341,-0.4471,92,0.5333,0.3143,0,,-1.0,0.0,0.0,-0.0096,28.0,0.0,0.5556,0.1236,-0.008,0.0413,1.0,0.0,,147.0,0.0589,0.0515,2180.0,0.0371,0.1083,372408.0,-0.0065,0.1061,147,0.0538,-0.0134,0.0068,-0.0004,,0.0
201803,53077,"yakima, wa",289500.0,0.0691,0.2324,275,-0.0368,-0.0741,45.0,-0.402,-0.2275,172,-0.0337,0.0,8,3.0,0.3333,0.0119,0.0084,0.0034,56.0,0.75,0.3333,0.0814,0.0287,0.0169,209.0,0.1611,0.1058,146.0,0.056,0.2205,2009.0,0.0136,0.0361,369237.0,0.0569,0.2933,482,0.0343,0.001,0.76,0.1295,0.1236,0.0
201803,53037,"kittitas, wa",399475.0,0.0322,0.1191,84,0.1429,-0.25,32.0,-0.5962,-0.5975,108,0.6875,0.5882,8,3.0,,0.0291,0.018,0.0291,16.0,-0.2727,1.0,0.0582,-0.0644,0.0076,47.0,0.119,,218.0,-0.0729,0.1345,2010.0,0.0272,-0.0499,523879.0,0.0084,-0.0487,133,0.1515,0.1875,0.5595,-0.0119,,0.0
201803,53055,"san juan, wa",770000.0,0.0132,0.0419,165,0.0645,-0.1384,191.0,0.0066,0.0269,48,0.0435,0.3333,0,-1.0,,0.0,-0.0184,0.0,16.0,0.6,0.3333,0.0705,0.0203,0.0179,17.0,0.2143,,374.0,-0.0466,0.0359,2094.0,-0.0086,0.0145,1314451.0,-0.0498,-0.0728,179,0.056,-0.0653,0.103,0.0127,,0.0
201803,53067,"thurston, wa",357425.0,-0.0132,0.0592,368,-0.0094,-0.1627,33.0,-0.1373,-0.0833,576,0.2632,0.4545,120,0.2766,2.75,0.0722,-0.0064,0.0332,120.0,-0.0164,0.6667,0.0846,-0.025,0.0016,423.0,0.1495,422.0,169.0,0.0004,0.0767,2149.0,0.0048,-0.0026,421339.0,0.0317,0.134,798,0.0683,0.8116,1.1495,0.1589,1.1472,0.0
201803,53035,"kitsap, wa",399888.0,-0.0121,0.0765,320,-0.0229,-0.3213,33.0,-0.1081,-0.2941,440,-0.0909,0.1,100,0.3889,9.0,0.0901,0.0189,0.0782,120.0,0.0345,0.0526,0.1149,-0.0014,-0.0178,276.0,0.0677,,198.0,0.0294,0.125,2054.0,-0.0381,-0.0512,523174.0,-0.0081,0.0314,598,0.0093,0.2683,0.8625,0.0732,,0.0
201803,53039,"klickitat, wa",422500.0,0.0562,0.0458,57,0.0459,-0.1024,101.0,0.0576,-0.2862,24,0.0909,0.0909,0,,,0.0,0.0,0.0,4.0,0.0,-0.6,0.0541,0.0015,-0.0849,2.0,-0.2,0.3333,187.0,0.0654,0.1062,2253.0,-0.0209,-0.0516,569862.0,-0.0103,-0.0472,59,0.0351,-0.0853,0.0351,-0.0108,0.0115,0.0
201803,53051,"pend oreille, wa",299900.0,0.1538,0.4181,58,-0.0569,-0.2267,95.0,-0.1085,-0.3165,16,0.3333,-0.2,0,,,0.0,0.0,0.0,8.0,1.0,3.0,0.086,0.0403,0.0695,19.0,0.1176,-0.2692,150.0,-0.0506,0.1052,2001.0,0.148,0.2808,403480.0,0.0159,0.3173,77,0.0,-0.2222,0.3276,0.0512,-0.0191,0.0
201803,53047,"okanogan, wa",280000.0,0.0067,0.0282,159,0.078,-0.1783,152.0,0.005,-0.1437,48,0.2,0.0435,4,,,0.0182,0.0182,0.0182,28.0,0.75,0.4,0.1315,0.05,0.044,22.0,0.4667,,161.0,0.0313,-0.036,1512.0,0.0177,-0.0503,385378.0,0.0016,0.0283,181,0.1104,-0.0646,0.1384,0.0367,,0.0
201803,53029,"island, wa",415000.0,0.0228,0.0311,220,0.0377,-0.12,38.0,-0.483,-0.3153,248,0.1273,0.6104,24,0.0909,11.0,0.0417,0.0002,0.037,80.0,0.4286,0.6,0.1484,0.0413,0.0262,107.0,0.1383,,217.0,0.0333,0.0903,1993.0,-0.0011,-0.0121,627566.0,0.0523,0.0623,327,0.0721,0.308,0.4864,0.043,,0.0
201803,53045,"mason, wa",259450.0,0.0649,0.0844,183,0.0223,-0.3015,44.0,-0.4882,-0.2232,172,0.2647,0.0617,20,1.5,,0.0426,0.0219,0.0426,44.0,-0.0435,0.1579,0.1233,0.0026,0.0337,97.0,0.3566,,164.0,0.0422,0.1188,1626.0,0.0177,0.0334,332454.0,0.0814,0.1237,282,0.1417,0.0763,0.5301,0.1306,,0.0
201803,53075,"whitman, wa",252500.0,0.0506,0.1518,151,0.3246,0.0596,32.0,0.0328,-0.2881,72,-0.2,0.0,4,,,0.0186,0.0186,0.0186,20.0,1.0,0.0,0.0893,0.0465,-0.0088,6.0,0.3333,-0.1429,133.0,0.0659,0.1256,1904.0,-0.0719,-0.017,261608.0,0.0482,0.1065,158,0.3333,0.0676,0.0397,0.0003,-0.0094,0.0
201803,53063,"spokane, wa",317991.0,0.0017,0.1359,772,-0.0197,-0.1778,39.0,-0.0545,-0.0824,884,0.3987,0.0754,328,0.6566,3.0,0.1099,0.0318,0.0835,356.0,0.0171,0.8737,0.1193,-0.0195,0.0579,1279.0,0.1559,0.0147,131.0,0.0203,0.093,2380.0,0.0128,0.0352,384887.0,0.009,0.1383,2044,0.0841,-0.0662,1.6567,0.2517,0.3144,0.0
201803,53073,"whatcom, wa",425000.0,-0.0068,0.0787,450,0.0216,-0.0476,47.0,-0.3758,-0.2282,436,0.2111,0.3457,52,0.3,3.3333,0.0474,0.0066,0.0331,148.0,0.2759,0.8049,0.1379,0.0144,0.0355,185.0,0.0787,,224.0,0.0222,0.1044,1890.0,-0.0201,-0.0036,500109.0,0.0106,-0.0825,649,0.0701,0.3735,0.4111,0.0218,,0.0
201803,53049,"pacific, wa",249400.0,0.0016,0.0788,149,-0.0197,0.307,118.0,0.0851,-0.0126,60,0.4286,0.2,4,,,0.0165,0.0165,0.0165,24.0,0.0909,3.0,0.1048,-0.0033,0.0678,14.0,0.4,13.0,152.0,0.0023,0.0484,1552.0,-0.0099,0.0111,312125.0,0.0059,0.161,165,0.0217,0.4348,0.094,0.0282,0.0852,0.0
201803,53041,"lewis, wa",265000.0,0.0585,0.21,182,-0.0761,-0.0667,59.0,-0.2976,-0.0853,164,0.5185,0.3443,16,0.3333,,0.037,0.0032,0.037,56.0,-0.0667,1.0,0.1425,-0.0167,0.0561,79.0,0.1367,78.0,145.0,-0.0008,0.1095,1875.0,0.0563,0.107,333720.0,0.0199,0.1583,263,-0.0113,0.3418,0.4341,0.0813,0.4289,0.0
201803,53033,"king, wa",739093.0,0.0337,0.1825,1641,0.2,0.1058,16.0,-0.1579,0.4545,2820,0.2379,0.1929,1024,0.8417,15.5161,0.1519,0.0438,0.1357,472.0,0.0351,0.9504,0.071,-0.0127,0.0105,1992.0,0.1341,1991.0,370.0,0.0228,0.1675,2210.0,0.0208,0.0275,1183713.0,-0.0139,0.1108,3677,0.1534,1.4761,1.2139,-0.0706,1.2132,0.0
201803,53053,"pierce, wa",425000.0,0.0311,0.1917,1068,-0.0042,-0.0907,30.0,-0.1667,0.1881,1804,0.173,0.3187,452,0.4304,5.2778,0.1123,0.0226,0.085,392.0,-0.0622,0.5935,0.0994,-0.0191,0.0015,1041.0,0.0832,,188.0,0.0257,0.0882,2244.0,-0.0202,0.0301,516692.0,0.0328,0.092,2122,0.0461,0.8067,0.9747,0.0787,0.9747,0.0
201803,53065,"stevens, wa",265000.0,0.1469,0.1019,195,0.029,-0.1275,101.0,-0.192,-0.1687,80,0.6667,-0.2,0,-1.0,,0.0,-0.0069,0.0,32.0,0.0667,1.2857,0.0964,-0.008,0.0574,58.0,0.1959,0.3182,133.0,0.0469,0.0344,2158.0,0.0371,0.0687,363583.0,0.0627,0.0171,250,0.073,-0.0548,0.2974,0.0415,0.1006,0.0
201803,53069,"wahkiakum, wa",279000.0,0.065,0.0532,24,-0.04,-0.04,123.0,-0.022,-0.1552,4,0.0,,0,,,0.0,0.0,0.0,4.0,1.0,1.0,0.1333,0.0708,0.0533,6.0,1.0,,156.0,-0.0074,0.0899,1624.0,-0.0373,-0.1594,302185.0,0.0347,-0.0679,30,0.0714,0.2,0.25,0.13,0.25,0.0
201803,53011,"clark, wa",462400.0,0.007,0.0731,1015,0.048,0.0827,33.0,-0.1538,-0.1646,880,0.1957,0.0706,72,-0.1628,-0.0526,0.0368,-0.0106,-0.0043,264.0,-0.0149,0.2336,0.1413,-0.0119,0.0242,49.0,0.1529,-0.1765,194.0,0.0085,0.0664,2402.0,-0.0067,-0.002,573759.0,0.0009,0.0764,1065,0.0545,0.0661,0.0483,0.0044,-0.0152,0.0
201803,53057,"skagit, wa",439000.0,0.0429,0.2106,257,-0.0096,-0.0464,50.0,-0.359,0.0363,276,0.2432,0.4839,28,-0.0667,13.0,0.0577,0.0088,0.0533,64.0,-0.1795,0.1429,0.1109,-0.0151,-0.012,100.0,0.0204,,220.0,0.0533,0.1657,2093.0,-0.0064,0.0544,654785.0,0.0298,0.264,361,-0.0055,0.3395,0.3891,0.0115,,0.0
201803,53017,"douglas, wa",346000.0,-0.0245,0.181,94,-0.06,0.1325,82.0,0.0314,0.384,56,0.4,0.2727,12,2.0,,0.0719,0.0451,0.0719,12.0,-0.1429,0.0,0.0706,-0.0198,-0.0138,19.0,0.5833,11.6667,185.0,0.0033,0.0414,2020.0,-0.0026,0.068,396569.0,-0.025,-0.0244,113,0.0135,0.3373,0.2021,0.0821,0.1841,0.0
201802,53031,"jefferson, wa",410875.0,0.0227,-0.0869,129,-0.0077,-0.2305,127.0,0.0994,0.1413,60,0.1538,0.2,4,1.0,1.0,0.0185,0.0101,0.0097,16.0,-0.2727,0.6,0.071,-0.0283,0.0244,36.0,0.1077,,234.0,0.0258,-0.0294,1781.0,-0.0042,-0.0228,535959.0,-0.0039,0.1141,166,0.0061,-0.009,0.2802,0.0292,,0.0
201802,53045,"mason, wa",243631.0,0.02,0.0456,179,-0.1005,-0.3089,85.0,-0.1371,-0.1029,136,0.7,0.4167,8,0.0,1.0,0.0208,-0.0006,0.009,46.0,-0.3235,0.0,0.1207,-0.0776,-0.0022,72.0,-0.0592,142.0,157.0,0.0088,0.0889,1598.0,-0.0231,0.0008,307423.0,0.0232,0.0708,247,-0.1018,-0.0463,0.3994,0.0175,0.3975,0.0
201802,53025,"grant, wa",238700.0,0.0424,0.0951,204,-0.0445,-0.2031,99.0,0.0423,-0.1322,108,0.5429,0.4595,8,-0.3333,0.3333,0.0218,-0.012,0.0023,36.0,-0.0526,0.5,0.0977,-0.0141,0.0228,66.0,0.048,,131.0,0.0163,0.0766,1824.0,0.0105,0.0072,306311.0,0.0394,0.2177,268,-0.0325,0.0449,0.3211,0.0283,,0.0
201802,53029,"island, wa",405738.0,-0.0102,0.0154,212,-0.0429,-0.1637,74.0,-0.1064,-0.0607,220,0.2088,0.5068,22,0.1,,0.0415,0.0028,0.0415,56.0,-0.3333,0.1667,0.1071,-0.0606,-0.019,94.0,0.093,,210.0,-0.0123,0.0749,1995.0,0.0276,-0.0157,596354.0,-0.004,0.0393,305,-0.0033,0.2032,0.4434,0.0551,,0.0
201802,53047,"okanogan, wa",278150.0,-0.0697,0.0164,148,-0.0665,-0.2338,151.0,0.0202,-0.0875,40,0.8182,0.6667,0,,,0.0,0.0,0.0,16.0,0.1429,0.6,0.0814,0.0123,0.0361,15.0,0.25,,156.0,-0.0587,-0.053,1486.0,-0.0174,-0.0783,384756.0,-0.0691,0.0259,163,-0.0412,-0.1532,0.1017,0.0257,,0.0
201802,53059,"skamania, wa",485000.0,-0.0061,0.1765,30,-0.0769,0.0714,96.0,-0.1233,-0.27,8,0.3333,0.0,0,,-1.0,0.0,0.0,-0.0444,4.0,0.0,0.0,0.1333,0.0376,0.0301,2.0,1.0,-0.5,199.0,-0.0566,0.0417,2819.0,0.1096,0.4017,617235.0,0.0681,0.2086,32,-0.0303,0.0159,0.0667,0.0359,-0.0762,0.0
201802,53037,"kittitas, wa",387000.0,0.0085,0.0026,74,-0.1552,-0.3664,79.0,-0.0969,-0.1745,64,0.6,0.6842,2,-0.5,-0.5,0.0111,-0.0116,-0.0141,22.0,0.5714,0.8333,0.1226,0.0414,0.0487,42.0,0.1053,83.0,235.0,0.0757,0.1906,1956.0,0.031,-0.0433,519535.0,0.0129,-0.0589,116,-0.0723,-0.0043,0.5714,0.1346,0.5671,0.0
201802,53013,"columbia, wa",149900.0,-0.04,0.0715,34,0.0806,-0.2299,95.0,-0.2075,-0.5215,4,-0.6,,0,,,0.0,0.0,0.0,2.0,,-0.75,0.0476,0.0476,-0.1365,,,,104.0,0.0243,0.2184,1701.0,-0.0367,-0.055,200521.0,-0.0192,0.1351,34,0.0806,-0.2299,,,,0.0
201802,53057,"skagit, wa",420950.0,0.0537,0.1517,260,-0.0371,-0.0682,78.0,-0.1357,-0.1381,222,0.2472,0.3214,30,1.1429,6.5,0.049,0.0222,0.0394,78.0,-0.025,0.56,0.1261,-0.0247,0.0058,98.0,0.0652,,208.0,-0.0028,0.1084,2106.0,0.0216,0.0696,635841.0,0.0239,0.2185,363,-0.0014,0.3034,0.3776,0.0363,,0.0
201802,53027,"grays harbor, wa",218625.0,0.0289,0.2122,283,-0.0208,-0.1983,78.0,-0.1644,-0.2269,146,0.0896,0.3774,12,0.5,2.0,0.0234,0.0066,0.0143,48.0,-0.3143,0.3333,0.0939,-0.0472,0.0151,77.0,0.1079,,148.0,0.0136,0.1676,1517.0,0.0046,0.0226,258331.0,0.0329,0.1937,359,0.0,0.0156,0.2721,0.0316,,0.0
201802,53003,"asotin, wa",272225.0,0.0678,0.2888,68,0.0465,-0.0426,101.0,0.0632,0.1848,18,0.0,-0.1,0,,-1.0,0.0,0.0,-0.0217,10.0,0.6667,0.0,0.1266,0.0548,0.0212,2.0,1.0,,129.0,-0.0108,0.1846,2016.0,0.0613,-0.0542,306619.0,0.051,0.2008,68,0.0465,-0.0426,0.0296,0.0141,,0.0
201802,53015,"cowlitz, wa",303000.0,0.0486,0.2785,189,-0.1209,0.0893,73.0,-0.2098,-0.0584,160,0.2903,0.1765,28,0.0769,,0.0618,0.0035,0.0618,56.0,-0.2,1.8,0.1316,-0.0394,0.0633,79.0,0.1791,14.8,154.0,0.0213,0.1619,2064.0,0.0444,0.1838,460395.0,0.038,0.0973,271,-0.0235,0.5197,0.418,0.1064,0.3892,0.0
201802,53067,"thurston, wa",362221.0,0.0294,0.1145,372,-0.0133,-0.2146,38.0,-0.3678,-0.1774,456,0.2128,0.4522,94,-0.0208,8.4,0.0786,-0.0112,0.0648,122.0,-0.1644,0.3556,0.1096,-0.0319,-0.0001,368.0,0.2646,,169.0,0.0054,0.1074,2138.0,0.0206,-0.0001,408388.0,0.0396,0.1168,747,0.11,0.5793,0.9906,0.2177,,0.0
201802,53075,"whitman, wa",240350.0,0.0093,0.1394,114,0.3103,-0.1197,31.0,-0.6823,-0.6151,90,2.75,0.3235,0,-1.0,,0.0,-0.0138,0.0,10.0,0.6667,-0.5455,0.0428,-0.0046,-0.0589,5.0,-0.1,-0.3077,124.0,0.0863,0.172,2051.0,-0.0261,0.0042,249576.0,0.0291,0.0841,119,0.3094,-0.1255,0.0395,-0.018,-0.0107,1.0
201802,53005,"benton, wa",335929.0,0.0465,0.0384,605,0.0075,0.5453,50.0,-0.208,-0.2979,260,0.3131,0.1712,24,-0.2,2.0,0.0291,-0.0083,0.0159,78.0,-0.3607,0.56,0.0945,-0.0599,0.0143,6.0,-0.25,5.0,149.0,0.0081,0.0611,2210.0,0.0162,-0.047,348037.0,0.0232,0.0009,608,0.005,0.5478,0.0099,-0.0034,0.0074,0.0
201802,53049,"pacific, wa",249000.0,0.0138,0.1587,152,-0.0225,0.4545,109.0,-0.0625,-0.2368,42,0.6154,0.4,0,,,0.0,0.0,0.0,22.0,0.2222,0.8333,0.1081,0.0097,0.0266,10.0,-0.0476,9.0,152.0,0.0007,0.0467,1568.0,-0.0123,0.0792,310288.0,0.0111,0.1888,162,-0.0271,0.5308,0.0658,-0.0017,0.0562,0.0
201802,53011,"clark, wa",459175.0,0.0193,0.0804,969,-0.0537,0.0115,39.0,-0.4046,-0.2427,736,0.1646,0.1051,86,0.303,-0.0851,0.0473,0.0078,-0.0089,268.0,0.1261,0.3673,0.1531,0.0085,0.0393,43.0,0.0366,-0.4257,192.0,0.0048,0.063,2418.0,0.0083,0.0142,573217.0,0.018,0.0858,1010,-0.0494,-0.0218,0.0439,0.0038,-0.0334,0.0
201802,53039,"klickitat, wa",400000.0,0.0101,-0.0279,55,0.0187,-0.1679,96.0,-0.1838,-0.3251,22,0.375,0.8333,0,,,0.0,0.0,0.0,4.0,0.0,,0.0526,0.0038,0.0526,3.0,-0.5,0.25,176.0,-0.01,-0.0095,2301.0,-0.0297,0.0345,575810.0,-0.0415,-0.0444,57,-0.0256,-0.1618,0.0459,-0.0476,0.0153,1.0
201802,53043,"lincoln, wa",139225.0,0.0016,-0.2423,39,-0.0253,-0.3889,109.0,0.1923,-0.132,8,0.0,-0.4286,0,-1.0,,0.0,-0.0339,0.0,6.0,-0.25,-0.6667,0.0819,-0.04,-0.1072,19.0,-0.0976,0.48,76.0,0.0542,-0.1669,1687.0,-0.0088,-0.1557,206438.0,0.0343,-0.1178,56,-0.082,-0.2632,0.4805,-0.0385,0.2821,1.0
201802,53065,"stevens, wa",231050.0,-0.0333,-0.0352,190,-0.0282,-0.0998,125.0,0.0776,-0.1438,48,0.4118,0.5,2,,,0.0069,0.0069,0.0069,30.0,0.5,2.0,0.1044,0.029,0.0698,49.0,0.2933,0.4923,127.0,-0.0014,-0.0045,2081.0,-0.0092,-0.0077,342125.0,0.0157,-0.0715,233,0.0197,-0.0392,0.2559,0.0636,0.1015,0.0
201802,53001,"adams, wa",155750.0,-0.0561,0.4289,22,-0.1731,-0.1224,108.0,-0.0337,0.6667,4,-0.3333,-0.6,0,,,0.0,0.0,0.0,2.0,-0.6667,-0.5,0.0455,-0.0933,-0.0848,11.0,-0.0833,,106.0,-0.0269,0.646,1976.0,-0.0644,0.2761,180403.0,-0.0805,0.433,32,-0.125,0.2857,0.5116,0.0501,,0.0
201802,53077,"yakima, wa",270798.0,0.0525,0.1286,286,-0.0835,-0.105,75.0,-0.1147,-0.1425,178,0.4355,0.3485,2,,-0.5,0.0035,0.0035,-0.0029,32.0,-0.3043,-0.1111,0.0527,-0.0249,-0.0051,180.0,0.1576,0.0557,138.0,0.016,0.1294,1982.0,0.0003,-0.0006,349371.0,0.0803,0.1923,466,0.0065,-0.0431,0.6305,0.1313,0.096,0.0
201802,53053,"pierce, wa",412200.0,0.0453,0.1779,1073,-0.0567,-0.0746,36.0,-0.3143,-0.0769,1538,0.2053,0.3831,316,0.1449,5.5833,0.0897,0.0072,0.0706,418.0,-0.1504,0.5368,0.1186,-0.0328,0.001,961.0,0.1359,,184.0,-0.0018,0.0917,2290.0,0.0307,0.0537,500284.0,0.0324,0.0771,2029,0.0227,0.7502,0.896,0.152,,0.0
201802,53035,"kitsap, wa",404794.0,0.011,0.1403,328,-0.0382,-0.3659,37.0,-0.3363,-0.2211,484,0.1921,0.5513,72,0.0588,5.0,0.0712,0.0033,0.0565,116.0,-0.0492,0.2609,0.1163,-0.0026,0.0076,259.0,0.0197,,193.0,0.0115,0.1257,2135.0,-0.0076,0.0132,527465.0,-0.0011,0.0949,593,0.0,0.1471,0.7893,0.0448,,0.0
201802,53061,"snohomish, wa",488425.0,0.0179,0.1294,545,0.0303,-0.1425,20.0,-0.5244,-0.3036,990,0.2162,0.2992,272,0.2952,9.4615,0.1183,0.0149,0.1,172.0,-0.1887,0.3438,0.071,-0.035,-0.0237,828.0,0.1549,,247.0,0.0309,0.1555,2023.0,-0.0147,0.0031,583150.0,0.012,0.137,1417,0.1295,1.2315,1.5197,0.164,1.5197,0.0
201802,53009,"clallam, wa",322125.0,0.022,0.0476,269,-0.0394,-0.1888,77.0,-0.2073,-0.2113,102,0.1333,-0.1053,0,,,0.0,0.0,0.0,40.0,0.6667,0.1765,0.1057,0.0396,0.0273,17.0,-0.3061,,178.0,0.021,0.092,1809.0,0.0053,-0.0355,369366.0,-0.0016,-0.0435,283,-0.0375,-0.1465,0.0633,-0.0243,,0.0
201802,53055,"san juan, wa",760000.0,0.0133,0.0504,155,-0.0491,-0.1906,190.0,0.1,0.0341,46,0.5333,0.7692,4,1.0,,0.0184,0.0086,0.0184,10.0,-0.2857,-0.1667,0.0502,-0.0209,-0.0047,14.0,-0.0345,,393.0,-0.0048,0.1166,2112.0,-0.0324,0.0452,1383363.0,-0.0415,0.0418,170,-0.0451,-0.1149,0.0903,0.0014,,1.0
201802,53051,"pend oreille, wa",259918.0,-0.132,0.4005,62,-0.0956,-0.1961,106.0,-0.1329,-0.315,12,1.0,0.0,0,-1.0,,0.0,-0.022,0.0,4.0,-0.3333,-0.5,0.0458,-0.0229,-0.0295,17.0,0.2143,-0.0811,158.0,0.0272,0.1714,1743.0,-0.1002,0.1612,397173.0,-0.0066,0.2983,77,-0.0667,-0.1765,0.2764,0.0705,0.0346,0.0
201802,53019,"ferry, wa",146225.0,-0.025,-0.1296,59,0.0536,-0.1918,184.0,0.1104,0.0731,6,2.0,-0.4,0,,,0.0,0.0,0.0,4.0,0.0,1.0,0.0514,-0.0097,0.0287,9.0,0.1333,1.8333,105.0,-0.0577,-0.152,1564.0,0.0026,0.0956,222386.0,-0.0195,0.038,68,0.063,-0.1118,0.1441,0.0101,0.103,1.0
201802,53041,"lewis, wa",250350.0,0.0014,0.2231,197,-0.1106,-0.0686,84.0,-0.04,0.0307,108,0.0588,0.0385,12,5.0,,0.0338,0.0291,0.0338,60.0,0.0,1.5,0.1592,-0.0026,0.0825,70.0,0.0451,68.5,145.0,-0.0061,0.1141,1775.0,-0.0039,0.0673,327215.0,0.0097,0.1726,266,-0.0748,0.2518,0.3528,0.0526,0.3481,0.0
201802,53073,"whatcom, wa",427916.0,0.0119,0.0944,441,-0.035,-0.0983,75.0,-0.0745,-0.1337,360,0.2414,0.5254,40,0.25,,0.0409,0.0038,0.0409,116.0,0.0175,1.0,0.1235,0.0029,0.0442,172.0,0.0958,,219.0,-0.0094,0.1077,1929.0,0.0111,0.0358,494876.0,-0.0446,-0.0933,607,-0.0049,0.2416,0.3893,0.0465,,0.0
201802,53069,"wahkiakum, wa",261975.0,-0.0439,0.0479,25,-0.0196,-0.0566,125.0,-0.0773,-0.0511,4,0.0,-0.3333,0,,,0.0,0.0,0.0,2.0,-0.5,-0.5,0.0625,-0.0645,-0.0716,3.0,0.2,,157.0,0.0227,0.2224,1687.0,-0.1324,-0.1349,292061.0,-0.0411,0.0652,28,0.0,0.0566,0.12,0.022,,0.0
201802,53021,"franklin, wa",290704.0,-0.03,0.0024,218,-0.0396,0.7233,52.0,-0.2797,-0.2509,100,0.4286,0.7241,18,-0.5,0.5,0.0558,-0.0737,-0.01,18.0,-0.25,0.8,0.0558,-0.0318,-0.0001,3.0,-0.5,,150.0,0.0309,0.0858,2066.0,-0.017,-0.064,333504.0,-0.0144,0.0164,220,-0.0457,0.7352,0.0115,-0.0106,,1.0
201802,53071,"walla walla, wa",319000.0,0.1195,0.2983,139,-0.0142,-0.1285,87.0,0.0029,-0.2104,60,0.3636,0.0345,0,-1.0,,0.0,-0.0222,0.0,28.0,-0.125,0.5556,0.1316,-0.0296,0.0493,1.0,0.0,,139.0,0.0038,-0.0214,2102.0,0.0294,0.0651,374847.0,0.0587,0.158,140,-0.0176,-0.1254,0.0072,0.0001,,0.0
201802,53007,"chelan, wa",425725.0,0.0018,0.143,217,-0.0291,-0.1507,111.0,0.0914,-0.0596,82,0.0513,-0.1458,2,-0.6667,0.0,0.0057,-0.013,0.0002,22.0,-0.3529,0.1,0.0672,-0.0463,0.0066,28.0,0.0769,3.3077,207.0,0.0093,0.0672,1994.0,0.0113,0.0396,551959.0,0.0288,0.0734,246,-0.012,-0.0611,0.129,0.0127,0.1036,0.0
201802,53063,"spokane, wa",317438.0,0.0612,0.191,788,-0.0891,-0.216,41.0,-0.3347,-0.2105,632,0.1704,0.1049,198,0.1928,1.0204,0.078,0.0074,0.0394,350.0,-0.0057,0.5909,0.1388,-0.0087,0.0565,1107.0,0.0977,0.0609,128.0,0.0365,0.0974,2350.0,0.0235,0.0567,381472.0,0.056,0.1961,1886,0.011,-0.0741,1.4051,0.2391,0.3668,0.0
201802,53033,"king, wa",715000.0,0.0439,0.1927,1368,0.0797,-0.0036,19.0,-0.5,-0.1163,2278,0.1058,0.3369,556,0.3627,15.3529,0.1081,0.0136,0.0978,456.0,0.0605,0.7015,0.0837,-0.0126,0.0038,1757.0,0.2181,1755.5,362.0,0.0902,0.1952,2165.0,-0.027,-0.0248,1200445.0,-0.0046,0.1258,3188,0.1911,1.3211,1.2845,0.1459,1.2837,0.0
201802,53023,"garfield, wa",118725.0,-0.0999,0.1884,10,-0.0909,-0.5238,96.0,-0.1916,-0.183,2,-0.5,,0,,,0.0,0.0,0.0,0.0,,-1.0,0.0,0.0,-0.1905,,,,71.0,0.0395,0.4064,1924.0,-0.0838,-0.0103,169732.0,-0.015,0.4734,10,-0.0909,-0.5238,,,,0.0
201802,53017,"douglas, wa",354700.0,0.0137,0.1963,100,-0.0148,0.2579,80.0,-0.0966,0.1357,40,0.1111,-0.0476,4,1.0,,0.0267,0.0139,0.0267,14.0,-0.2222,0.75,0.0904,-0.0164,0.0284,12.0,-0.4,11.0,184.0,-0.0039,0.0953,2025.0,-0.0045,-0.0142,406748.0,0.0199,-0.0003,112,-0.0708,0.3765,0.12,-0.077,0.1074,0.0
201801,53025,"grant, wa",229000.0,-0.0083,0.0522,214,-0.1141,-0.1644,95.0,0.1813,-0.1711,70,0.3462,0.4,12,2.0,,0.0338,0.0216,0.0338,38.0,-0.2692,1.7143,0.1118,-0.0355,0.0645,63.0,-0.0809,,129.0,-0.0079,0.0423,1805.0,0.0028,0.0145,294699.0,0.0016,0.1798,277,-0.1052,0.0822,0.2927,0.0106,0.2927,0.0
201801,53009,"clallam, wa",315200.0,0.0169,0.0533,280,-0.1779,-0.1632,97.0,0.0904,-0.1044,90,0.7308,0.0714,0,,,0.0,0.0,0.0,24.0,0.0,0.0,0.066,0.0003,0.0092,25.0,0.2895,,174.0,-0.0016,0.1002,1800.0,-0.0074,-0.0566,369970.0,-0.0274,-0.0315,294,-0.1614,-0.1213,0.0877,0.0318,,0.0
201801,53035,"kitsap, wa",400374.0,0.0677,0.1456,341,-0.2063,-0.3659,56.0,-0.0219,-0.0935,406,0.2378,0.1667,68,0.0625,0.8889,0.0679,0.0104,0.0295,122.0,-0.1029,0.0167,0.1189,-0.0238,-0.0255,254.0,-0.0611,,191.0,0.006,0.1148,2151.0,0.0386,0.0393,528023.0,-0.0117,0.1229,593,-0.1524,0.1034,0.7445,0.1151,,0.0
201801,53021,"franklin, wa",299700.0,0.0163,0.1512,227,-0.1269,0.5764,72.0,0.3491,0.0325,70,0.3462,0.0294,36,,2.0,0.1295,0.1295,0.0763,24.0,0.2,0.2,0.0876,0.0267,-0.0106,5.0,0.0,4.0,146.0,0.02,0.0809,2102.0,0.0041,-0.0361,338387.0,0.0412,0.0736,230,-0.1288,0.5917,0.022,0.0028,0.0151,0.0
201801,53067,"thurston, wa",351868.0,0.0056,0.173,377,-0.1615,-0.2982,61.0,0.1204,-0.0763,376,0.2208,0.2208,96,0.0,7.0,0.0898,0.0064,0.076,146.0,0.0139,0.1967,0.1415,0.01,0.0016,291.0,-0.0732,581.0,168.0,0.0089,0.1129,2095.0,-0.0192,0.0362,392814.0,0.0102,0.1185,673,-0.1271,0.2533,0.7729,0.0736,0.772,0.0
201801,53063,"spokane, wa",299125.0,0.0516,0.1841,865,-0.2515,-0.2105,62.0,0.0,0.0508,540,0.2385,0.1157,166,-0.2719,1.1842,0.0706,-0.0179,0.0404,352.0,-0.2,0.6762,0.1475,-0.0381,0.0639,1008.0,-0.071,0.0746,124.0,0.0345,0.1061,2296.0,0.0191,0.0291,361240.0,0.0254,0.1685,1865,-0.1644,-0.0795,1.166,0.2266,0.3094,0.0
201801,53045,"mason, wa",238850.0,-0.0417,0.0894,199,-0.2008,-0.3042,99.0,0.1193,-0.0597,80,0.1111,-0.0909,8,0.0,,0.0214,0.0,0.0214,68.0,0.4167,0.1333,0.1983,0.0851,0.0345,76.0,-0.0617,,156.0,0.0012,0.085,1636.0,-0.0265,0.0606,300461.0,-0.0315,0.0887,275,-0.1486,-0.0385,0.3819,0.0566,,0.0
201801,53033,"king, wa",684923.0,0.0457,0.2242,1267,-0.1651,-0.1626,38.0,-0.1556,-0.013,2060,0.5465,0.1785,408,-0.3289,12.6,0.0945,-0.0383,0.0856,430.0,-0.3065,0.7063,0.0963,-0.033,0.019,1442.0,-0.2142,1441.0,332.0,0.0213,0.1861,2225.0,0.0023,0.0324,1206048.0,0.0417,0.2044,2677,-0.2013,0.7684,1.1386,-0.0711,1.1379,0.0
201801,53015,"cowlitz, wa",288950.0,0.0142,0.17,215,-0.1887,0.1257,92.0,0.2233,-0.1114,124,0.0333,0.5897,26,0.3,,0.0583,0.0192,0.0583,70.0,-0.0278,0.8421,0.171,0.0194,0.0277,67.0,-0.2299,12.4,151.0,0.0266,0.171,1976.0,0.0145,0.1034,443523.0,0.0458,0.0847,277,-0.2108,0.4133,0.3116,-0.0167,0.2854,0.0
201801,53005,"benton, wa",321000.0,0.0066,0.0359,601,-0.1385,0.3694,63.0,0.1574,-0.1438,198,0.3026,0.4348,30,2.75,4.0,0.0374,0.0273,0.0273,122.0,0.3261,1.7727,0.1545,0.0528,0.0783,8.0,-0.2,15.0,148.0,0.0157,0.0667,2175.0,-0.0079,-0.0353,340135.0,0.0027,0.0099,605,-0.1413,0.3754,0.0133,-0.001,0.0122,0.0
201801,53077,"yakima, wa",257300.0,-0.0066,0.0632,312,-0.1225,-0.0474,85.0,0.0494,-0.0933,124,0.6316,0.8235,0,-1.0,-1.0,0.0,-0.0066,-0.0037,46.0,-0.0417,-0.08,0.0776,0.0037,-0.0094,156.0,-0.2225,0.0614,136.0,0.0138,0.1351,1981.0,0.0128,-0.0417,323394.0,0.0327,0.1075,463,-0.1673,-0.0283,0.4992,-0.0642,0.0512,1.0
201801,53053,"pierce, wa",394344.0,0.0411,0.184,1137,-0.147,-0.147,53.0,-0.0278,-0.0708,1276,0.0741,0.3264,276,-0.1687,4.75,0.0826,-0.0122,0.0613,492.0,0.0982,0.4819,0.1513,0.0167,0.0052,846.0,-0.0864,,184.0,0.0114,0.1089,2222.0,0.0179,0.059,484593.0,0.0303,0.1098,1984,-0.122,0.488,0.7441,0.0494,,0.0
201801,53003,"asotin, wa",254950.0,-0.019,0.1433,65,-0.1938,-0.0915,95.0,0.1656,0.0188,18,1.25,1.25,0,,,0.0,0.0,0.0,6.0,-0.5,0.5,0.0718,-0.063,0.0252,1.0,0.0,,131.0,0.0715,0.1949,1900.0,-0.0841,-0.1167,291731.0,0.0145,0.136,65,-0.1938,-0.0915,0.0155,0.003,,1.0
201801,53043,"lincoln, wa",139000.0,0.0,-0.2665,40,-0.2404,-0.4015,91.0,-0.1292,-0.2052,8,0.0,0.3333,2,-0.5,,0.0339,-0.0143,0.0339,8.0,0.0,-0.3333,0.1219,0.0137,-0.02,21.0,-0.0682,1.05,72.0,0.045,-0.2328,1702.0,-0.0988,-0.1493,199594.0,-0.0011,-0.1555,61,-0.1867,-0.2078,0.519,0.0959,0.3675,1.0
201801,53013,"columbia, wa",156150.0,0.0081,0.0776,31,0.1481,-0.4151,119.0,0.0841,-0.3674,10,1.5,1.5,0,,,0.0,0.0,0.0,0.0,,-1.0,0.0,0.0,-0.1002,,,,101.0,0.0093,0.2373,1766.0,-0.0141,-0.0289,204448.0,-0.039,0.1412,31,0.1481,-0.4151,,,,1.0
201801,53023,"garfield, wa",131900.0,-0.0083,0.2574,11,-0.2667,-0.4634,119.0,0.0371,0.1995,4,,0.0,0,,,0.0,0.0,0.0,0.0,-1.0,-1.0,0.0,-0.2667,-0.0741,,,,69.0,-0.0311,0.3461,2100.0,0.0802,0.059,172308.0,0.0252,0.4666,11,-0.2667,-0.4634,,,,0.0
201801,53001,"adams, wa",165000.0,-0.0598,0.2524,26,-0.2778,0.1304,111.0,0.0206,0.3692,6,-0.25,0.0,0,,,0.0,0.0,0.0,6.0,,2.0,0.1388,0.1388,0.0743,12.0,-0.1429,,109.0,0.0261,0.4655,2112.0,0.0381,0.2376,196195.0,-0.0097,0.332,36,-0.2174,0.5652,0.4615,0.0726,,0.0
201801,53031,"jefferson, wa",401750.0,-0.0547,-0.1199,130,-0.2514,-0.2745,116.0,0.0668,0.3266,52,-0.0714,0.0,2,-0.5,0.0,0.0084,-0.0103,0.0,22.0,0.1,0.8333,0.0993,0.0054,0.0443,33.0,-0.2073,,228.0,-0.0063,-0.0272,1788.0,-0.016,-0.0454,538034.0,0.015,0.1038,165,-0.2313,-0.0784,0.251,0.014,,1.0
201801,53075,"whitman, wa",238125.0,-0.0078,0.3303,87,-0.1635,-0.2468,96.0,-0.0448,0.0052,24,0.5,-0.25,2,,,0.0138,0.0138,0.0138,6.0,-0.5,-0.4,0.0474,-0.0486,-0.0239,5.0,0.25,-0.0909,115.0,0.0133,0.0998,2106.0,-0.0392,0.0458,242524.0,-0.021,0.1357,91,-0.162,-0.2551,0.0575,0.019,0.0099,0.0
201801,53029,"island, wa",409925.0,-0.012,0.052,222,-0.1704,-0.253,82.0,0.0894,-0.1455,182,0.4677,0.4219,20,0.25,,0.0387,0.0083,0.0387,84.0,0.2353,0.4483,0.1677,0.0099,0.0324,86.0,-0.1963,,213.0,0.0284,0.0851,1942.0,-0.0133,-0.0204,598723.0,0.0503,0.0922,306,-0.1883,0.032,0.3883,-0.0125,,0.0
201801,53047,"okanogan, wa",299000.0,0.0,0.139,158,-0.1684,-0.2236,148.0,0.0589,-0.1015,22,0.1,0.1,0,-1.0,,0.0,-0.0166,0.0,14.0,-0.125,0.4,0.0691,0.0054,0.0272,12.0,-0.3333,,166.0,-0.0597,0.003,1512.0,0.0013,-0.0479,413335.0,0.0073,0.1322,170,-0.1827,-0.1646,0.0759,-0.0188,,0.0
201801,53069,"wahkiakum, wa",274000.0,-0.0461,0.0854,26,0.02,-0.0727,136.0,0.2807,0.2426,4,0.0,0.0,0,,,0.0,0.0,0.0,4.0,0.0,,0.127,0.002,0.127,3.0,-0.375,,153.0,-0.0343,0.1893,1945.0,0.0023,-0.0028,304593.0,-0.0263,0.0966,28,0.0,0.0182,0.098,-0.062,,0.0
201801,53049,"pacific, wa",245600.0,0.0159,0.1429,156,-0.046,0.3291,116.0,0.1373,-0.1262,26,0.0833,0.0,0,-1.0,,0.0,-0.0194,0.0,18.0,0.5,0.125,0.0983,0.0473,-0.013,11.0,-0.25,9.5,152.0,-0.0029,0.0418,1587.0,-0.0078,0.08,306880.0,-0.0093,0.1846,166,-0.0621,0.4068,0.0675,-0.0184,0.059,0.0
201801,53027,"grays harbor, wa",212475.0,0.0629,0.2307,289,-0.0334,-0.1939,93.0,0.0785,-0.1663,134,0.5227,0.1552,8,0.0,0.3333,0.0167,0.0,0.0045,70.0,0.1667,0.3462,0.1411,0.0289,0.032,70.0,-0.2278,,146.0,0.0043,0.222,1510.0,0.0457,0.0087,250108.0,0.0238,0.17,359,-0.0878,0.0,0.2405,-0.0605,,0.0
201801,53017,"douglas, wa",349900.0,0.0173,0.1697,102,-0.1096,0.2156,88.0,0.1139,0.0115,36,-0.3571,0.6364,2,,,0.0128,0.0128,0.0128,18.0,0.5,2.0,0.1068,0.0362,0.0409,20.0,0.25,19.0,185.0,0.006,0.1268,2034.0,-0.0005,-0.0314,398828.0,0.0144,-0.044,120,-0.0769,0.4286,0.197,0.0567,0.1851,0.0
201801,53037,"kittitas, wa",383750.0,-0.0032,-0.0217,87,-0.3409,-0.3696,88.0,-0.0462,-0.2165,40,0.0,0.1765,4,0.0,0.0,0.0227,0.0047,-0.0015,14.0,-0.3,-0.125,0.0812,-0.0203,-0.0069,38.0,0.1176,37.0,219.0,0.0541,0.128,1898.0,0.0136,-0.0618,512916.0,0.0404,-0.0752,125,-0.2719,-0.1075,0.4368,0.1792,0.4295,0.0
201801,53059,"skamania, wa",488000.0,0.1206,0.2035,33,-0.1875,0.0833,110.0,0.3861,-0.1798,6,-0.25,-0.25,0,,,0.0,0.0,0.0,4.0,,1.0,0.0957,0.0957,0.0417,1.0,-0.5,-0.75,211.0,0.0112,0.1331,2540.0,0.12,0.0268,577904.0,0.067,0.1428,33,-0.2143,-0.0294,0.0308,-0.0192,-0.1026,0.0
201801,53071,"walla walla, wa",284950.0,0.093,0.1402,141,-0.1607,-0.1296,87.0,0.1757,-0.185,44,0.0,0.0,4,,1.0,0.0222,0.0222,0.0135,32.0,0.3333,1.2857,0.1612,0.0516,0.0932,1.0,0.0,,138.0,0.0049,-0.0345,2042.0,0.0069,0.0371,354076.0,0.0327,0.0807,142,-0.1598,-0.1235,0.0071,0.0011,,0.0
201801,53019,"ferry, wa",149975.0,-0.1149,-0.1073,56,-0.1385,-0.2,165.0,0.1804,-0.009,2,-0.5,-0.5,0,,-1.0,0.0,0.0,-0.0256,4.0,0.0,,0.0612,0.0078,0.0612,8.0,0.0714,1.5,112.0,-0.0282,-0.1359,1560.0,-0.1216,0.0722,226816.0,-0.0818,0.0926,64,-0.1181,-0.1361,0.1339,0.0262,0.0911,1.0
201801,53051,"pend oreille, wa",299450.0,-0.0015,0.551,68,-0.1905,-0.2229,122.0,0.036,-0.1481,6,-0.25,-0.25,2,-0.5,,0.022,-0.0108,0.022,6.0,-0.625,2.0,0.0686,-0.0823,0.0511,14.0,-0.3,-0.125,154.0,0.0749,0.1417,1937.0,-0.0315,0.3141,399830.0,0.009,0.3251,83,-0.1912,-0.1832,0.2059,-0.0322,0.023,1.0
201801,53007,"chelan, wa",424950.0,0.0,0.1495,224,-0.106,-0.1598,101.0,0.1773,-0.1309,78,0.3,0.1143,6,,,0.0187,0.0187,0.0187,34.0,-0.2273,0.8889,0.1135,-0.0061,0.0584,26.0,-0.0714,12.0,205.0,0.0022,0.0647,1972.0,-0.0141,0.0161,536518.0,-0.0105,0.0369,249,-0.1043,-0.0743,0.1163,0.0043,0.1088,0.0
201801,53041,"lewis, wa",250000.0,0.0,0.3092,222,-0.1735,-0.0134,88.0,0.0294,0.0324,102,0.2143,0.3784,2,-0.75,,0.0047,-0.0146,0.0047,60.0,0.1538,0.6667,0.1618,0.0193,0.0471,67.0,0.0556,65.5,146.0,0.0224,0.197,1782.0,0.0125,0.0655,324084.0,0.0292,0.1803,288,-0.1314,0.2749,0.3002,0.0652,0.2958,0.0
201801,53039,"klickitat, wa",396000.0,-0.1325,-0.0075,54,-0.2132,-0.2246,117.0,0.0086,-0.1203,16,0.3333,0.0,0,,,0.0,0.0,0.0,4.0,-0.5,1.0,0.0488,-0.0525,0.0268,5.0,1.5,4.0,178.0,-0.0471,0.0456,2372.0,0.0096,0.0765,600726.0,0.0277,0.0565,59,-0.1643,-0.1643,0.0935,0.064,0.079,0.0
201801,53065,"stevens, wa",239000.0,-0.0245,-0.0016,195,-0.1667,-0.1236,116.0,-0.0333,-0.1533,34,0.7,0.3077,0,-1.0,,0.0,-0.0264,0.0,20.0,-0.375,1.5,0.0753,-0.0222,0.0466,38.0,-0.2788,0.2931,127.0,-0.0024,0.0205,2100.0,0.0096,0.0493,336835.0,0.0152,-0.0702,229,-0.1926,-0.086,0.1923,-0.0299,0.062,0.0
201801,53061,"snohomish, wa",479850.0,0.0102,0.1426,529,-0.2363,-0.2329,41.0,-0.0682,0.0933,814,0.1901,0.1433,210,-0.1393,4.0,0.1034,-0.0097,0.073,212.0,-0.2639,0.4521,0.106,-0.0215,0.0008,717.0,-0.1886,,240.0,0.0145,0.14,2053.0,0.0039,0.0162,576242.0,0.0071,0.1441,1255,-0.2035,0.8208,1.3557,0.0797,,0.0
201801,53055,"san juan, wa",750000.0,0.0482,0.0399,163,-0.1554,-0.1466,173.0,0.1349,-0.0574,30,0.25,0.6667,2,,,0.0098,0.0098,0.0098,14.0,-0.4167,2.5,0.0711,-0.0374,0.0527,15.0,-0.3696,,395.0,0.0329,0.1294,2183.0,0.0831,0.0857,1443271.0,0.0322,0.1073,178,-0.1782,-0.0707,0.089,-0.0302,,0.0
201801,53011,"clark, wa",450500.0,0.0239,0.0911,1024,-0.1506,0.0059,66.0,0.0917,-0.0934,632,0.2344,0.1127,66,-0.0833,0.0313,0.0395,0.0007,0.0004,238.0,0.4512,0.4167,0.1446,0.0347,0.0462,41.0,0.0,-0.4015,191.0,0.0144,0.0802,2398.0,0.0049,0.0126,563060.0,0.0331,0.0818,1063,-0.1445,-0.0212,0.0401,0.006,-0.0273,0.0
201801,53073,"whatcom, wa",422894.0,0.0317,0.0706,457,-0.17,-0.1023,81.0,0.0523,-0.0955,290,0.0821,0.25,32,0.3333,3.0,0.0371,0.0097,0.0263,114.0,-0.3936,0.5,0.1206,-0.0576,0.018,157.0,-0.1933,,221.0,0.003,0.1292,1908.0,0.0098,-0.0155,517958.0,0.0188,-0.048,610,-0.1906,0.1986,0.3428,-0.0099,,0.0
201801,53057,"skagit, wa",399500.0,-0.0136,0.1144,270,-0.1278,-0.1404,90.0,0.0256,-0.0475,178,0.4355,0.3906,14,-0.4167,2.5,0.0267,-0.0193,0.0175,80.0,0.0526,0.2903,0.1508,0.0124,0.0031,92.0,-0.08,,209.0,0.0206,0.1112,2062.0,-0.0211,0.0433,620973.0,0.01,0.1896,364,-0.1112,0.1595,0.3414,0.0177,,0.0
201712,53007,"chelan, wa",424950.0,0.0029,0.1488,250,-0.1197,-0.1166,86.0,0.1097,-0.2586,60,-0.3617,0.3636,0,,,0.0,0.0,0.0,44.0,0.2222,1.75,0.1196,0.0311,0.0688,28.0,0.697,4.6,204.0,-0.0034,0.0581,2000.0,-0.0171,0.0076,542217.0,-0.003,0.0258,278,-0.0779,-0.0381,0.112,0.0539,0.0943,0.0
201712,53031,"jefferson, wa",425000.0,0.0,-0.0741,173,-0.1173,-0.0847,109.0,0.1956,0.4662,56,-0.125,1.3333,4,-0.3333,,0.0188,-0.0002,0.0188,20.0,-0.6154,0.25,0.0939,-0.0835,0.0184,41.0,-0.1717,,230.0,0.0229,-0.0114,1817.0,-0.0145,-0.0396,530065.0,-0.0186,0.0387,214,-0.1301,0.1323,0.237,-0.0156,,1.0
201712,53069,"wahkiakum, wa",287250.0,-0.0744,0.149,25,-0.0566,-0.1071,106.0,0.1778,0.2184,4,1.0,0.0,0,,,0.0,0.0,0.0,4.0,-0.3333,-0.5,0.125,-0.0369,-0.125,4.0,-0.5556,,159.0,-0.105,0.2425,1940.0,-0.0064,-0.0051,312821.0,-0.0748,0.1378,28,-0.2222,0.0,0.16,-0.1796,,0.0
201712,53043,"lincoln, wa",139000.0,-0.1139,-0.2587,52,-0.1186,-0.3067,105.0,-0.1328,0.0556,8,-0.5,-0.5,4,,,0.0482,0.0482,0.0482,8.0,-0.3333,0.0,0.1081,-0.0117,0.0162,22.0,-0.1698,0.6923,69.0,-0.0855,-0.267,1888.0,-0.0293,-0.056,199820.0,-0.1229,-0.1401,75,-0.1279,-0.1477,0.4231,-0.0261,0.2497,1.0
201712,53075,"whitman, wa",240000.0,-0.0371,0.2665,104,-0.2353,-0.168,101.0,0.1552,0.0691,16,-0.1111,0.0,0,-1.0,-1.0,0.0,-0.0116,-0.0247,12.0,0.0,0.0,0.096,0.0219,0.0286,4.0,-0.2727,0.0,113.0,-0.0531,0.0693,2192.0,0.0191,0.1057,247731.0,-0.0138,0.1417,108,-0.234,-0.1692,0.0385,-0.002,0.0065,0.0
201712,53023,"garfield, wa",133000.0,-0.1133,0.2102,15,0.1538,-0.1176,115.0,0.0223,-0.0537,0,,-1.0,0,,,0.0,0.0,0.0,4.0,,0.0,0.2667,0.2667,0.1128,,,,71.0,-0.1242,0.3824,1944.0,0.0681,-0.0743,168073.0,-0.0645,0.2803,15,0.1538,-0.1176,,,,1.0
201712,53051,"pend oreille, wa",299900.0,-0.0151,0.3638,84,-0.1472,-0.1845,118.0,0.1054,-0.0484,8,-0.2,1.0,4,,,0.0328,0.0328,0.0328,16.0,0.1429,3.0,0.1509,0.0522,0.1168,20.0,-0.3333,0.25,143.0,-0.0764,0.0575,2000.0,-0.0109,0.2821,396270.0,0.0916,0.2352,102,-0.1937,-0.113,0.2381,-0.0665,0.0828,1.0
201712,53065,"stevens, wa",245000.0,-0.0293,0.0103,234,-0.1583,-0.1333,120.0,0.1429,-0.0323,20,-0.4444,0.25,8,0.0,,0.0264,0.0057,0.0264,32.0,-0.2727,0.1429,0.0976,-0.0189,0.0193,52.0,-0.2828,0.2683,128.0,0.0274,0.0334,2080.0,-0.0424,-0.0184,331790.0,-0.0048,-0.0663,283,-0.1879,-0.0929,0.2222,-0.0386,0.0704,0.0
201712,53041,"lewis, wa",250000.0,0.0003,0.3179,268,-0.0429,0.112,85.0,0.1486,-0.0909,84,-0.2222,0.05,8,0.0,,0.0193,0.0023,0.0193,52.0,-0.35,0.625,0.1425,-0.024,0.0425,63.0,-0.2841,62.0,143.0,0.0051,0.1707,1760.0,0.0019,0.0536,314891.0,0.0001,0.1286,331,-0.1042,0.3678,0.2351,-0.0792,0.2309,0.0
201712,53033,"king, wa",655000.0,0.0078,0.1909,1517,-0.3137,-0.1516,45.0,0.2,-0.0217,1332,-0.4356,0.0246,608,-0.2165,20.7143,0.1328,0.0043,0.123,620.0,-0.3686,0.962,0.1294,-0.01,0.0323,1835.0,-0.2116,1834.0,325.0,0.0036,0.1991,2220.0,0.0091,0.0326,1157819.0,0.0662,0.1529,3351,-0.2612,0.8742,1.2096,0.1567,1.2091,0.0
201712,53057,"skagit, wa",405000.0,-0.0317,0.1571,309,-0.1815,-0.1069,88.0,0.2138,0.0,124,-0.3187,0.069,24,-0.1429,,0.0461,0.0041,0.0461,76.0,-0.283,0.7273,0.1384,-0.0108,0.0465,100.0,-0.0991,,205.0,0.0032,0.0888,2106.0,0.0164,0.08,614841.0,0.0397,0.1921,409,-0.1593,0.1821,0.3236,0.0296,,0.0
201712,53063,"spokane, wa",284455.0,0.0527,0.1484,1155,-0.19,-0.1053,62.0,0.1923,-0.0606,436,-0.1711,-0.0091,228,-0.1024,2.8,0.0885,0.0096,0.0675,440.0,-0.2834,1.1154,0.1856,0.0022,0.1136,1085.0,-0.2001,0.0093,120.0,0.0315,0.1023,2253.0,-0.0185,-0.0131,352298.0,0.0371,0.1536,2232,-0.1978,-0.0538,0.9394,-0.0119,0.1067,0.0
201712,53021,"franklin, wa",294900.0,0.0428,0.1128,260,-0.1798,0.745,53.0,0.2045,-0.1167,52,-0.4222,-0.1875,0,-1.0,,0.0,-0.0247,0.0,20.0,-0.5455,0.25,0.061,-0.0444,-0.0124,5.0,-0.0909,4.0,143.0,0.0116,0.1047,2094.0,0.0084,-0.0621,324991.0,0.037,0.0372,264,-0.1763,0.76,0.0192,0.0019,0.0125,0.0
201712,53035,"kitsap, wa",375000.0,0.0386,0.0716,429,-0.2172,-0.2802,57.0,0.0962,-0.042,328,-0.3543,0.5185,64,-0.3191,15.0,0.0575,-0.0111,0.0525,136.0,-0.3761,0.2143,0.1427,-0.0314,0.0309,270.0,-0.1346,,189.0,0.0155,0.1221,2071.0,0.0083,-0.0081,534291.0,0.045,0.0917,699,-0.1891,0.1728,0.6294,0.06,,0.0
201712,53047,"okanogan, wa",299000.0,0.0052,0.1245,190,-0.0995,-0.163,140.0,0.1715,-0.1026,20,-0.1667,0.25,4,,,0.0166,0.0166,0.0166,16.0,-0.3846,0.3333,0.0637,-0.033,0.0159,18.0,-0.2174,,177.0,-0.0296,0.0287,1510.0,0.0155,-0.0563,410346.0,0.0068,0.1128,208,-0.1111,-0.0837,0.0947,-0.0143,,0.0
201712,53011,"clark, wa",440000.0,0.0069,0.0948,1205,-0.1377,0.037,60.0,0.1429,-0.1549,512,-0.2829,0.1532,72,0.0286,1.5714,0.0389,0.0042,0.0201,164.0,-0.6095,-0.0465,0.1099,-0.0846,0.008,41.0,-0.18,-0.4459,189.0,0.0016,0.0718,2386.0,0.001,0.0104,545007.0,0.0305,0.0622,1242,-0.142,0.0049,0.034,-0.0018,-0.0297,0.0
201712,53001,"adams, wa",175500.0,-0.0462,0.4332,36,-0.122,0.6364,109.0,0.2529,-0.0644,8,-0.2,1.0,0,-1.0,,0.0,-0.0256,0.0,0.0,-1.0,-1.0,0.0,-0.0963,-0.1481,14.0,-0.2222,13.0,107.0,0.0015,0.5691,2035.0,0.0092,0.1693,198124.0,0.0142,0.3167,46,-0.2069,1.0,0.3889,-0.0501,0.3434,1.0
201712,53073,"whatcom, wa",409900.0,-0.0104,0.0262,550,-0.1413,-0.0196,77.0,0.0699,-0.0556,268,-0.3399,0.5952,24,-0.3333,5.0,0.0273,-0.0025,0.0229,188.0,-0.2231,2.6154,0.1782,-0.0082,0.093,194.0,-0.1745,,220.0,0.0169,0.1224,1889.0,-0.0094,-0.0303,508403.0,-0.015,-0.0627,753,-0.1443,0.3422,0.3527,-0.0142,,0.0
201712,53029,"island, wa",414900.0,-0.0121,0.0455,267,-0.1946,-0.2305,76.0,0.2377,-0.1703,124,-0.4206,0.2917,16,0.0,,0.0305,0.0052,0.0305,68.0,-0.4426,0.3077,0.1578,-0.0193,0.044,107.0,-0.1737,,207.0,-0.0211,0.0375,1968.0,-0.016,-0.0233,570047.0,0.0012,-0.0207,377,-0.1875,0.0865,0.4007,0.0101,,0.0
201712,53061,"snohomish, wa",474995.0,0.0194,0.1273,692,-0.2881,-0.184,44.0,0.0864,0.0,684,-0.3423,0.2667,244,-0.1867,14.25,0.1131,0.0019,0.0974,288.0,-0.3628,0.5652,0.1275,-0.0244,-0.0017,883.0,-0.1489,,236.0,0.0047,0.1481,2045.0,0.0159,-0.0201,572176.0,0.0256,0.1385,1575,-0.2133,0.8573,1.276,0.2086,,0.0
201712,53005,"benton, wa",318900.0,0.0125,0.0634,697,-0.1363,0.3775,54.0,0.1489,-0.1,152,-0.3871,-0.1364,8,-0.6364,-0.3333,0.0101,-0.0126,-0.0061,92.0,-0.4177,0.4375,0.1017,-0.0443,0.0038,10.0,0.4286,1.5,146.0,0.0195,0.0533,2192.0,-0.0135,-0.0106,339221.0,0.004,0.0142,704,-0.1335,0.3831,0.0143,0.0057,0.0064,0.0
201712,53003,"asotin, wa",259900.0,0.0429,0.2838,80,-0.196,-0.0698,82.0,0.2119,0.0654,8,-0.5556,0.0,0,,,0.0,0.0,0.0,12.0,-0.4545,,0.1348,-0.0489,0.1348,1.0,,,122.0,0.0223,0.1451,2074.0,-0.0598,-0.0358,287573.0,0.021,0.1379,80,-0.196,-0.0698,0.0125,,,0.0
201712,53025,"grant, wa",230922.0,-0.0084,0.0741,241,-0.0766,-0.1544,80.0,0.1228,-0.2079,52,-0.2778,0.0,4,-0.6,,0.0123,-0.0113,0.0123,52.0,-0.037,0.625,0.1473,0.0272,0.0526,68.0,-0.1953,67.0,130.0,0.007,0.0641,1800.0,-0.0022,0.0327,294233.0,0.0145,0.2022,309,-0.1082,0.0804,0.2822,-0.0416,0.2786,0.0
201712,53059,"skamania, wa",435500.0,0.0348,0.0564,40,-0.0123,0.4286,79.0,0.1088,-0.3417,8,-0.2,,0,,,0.0,0.0,0.0,0.0,-1.0,,0.0,-0.1335,0.0,2.0,1.0,-0.3333,208.0,-0.0184,0.1749,2268.0,0.1353,-0.1243,541631.0,0.0255,0.0449,42,0.012,0.3548,0.05,0.0253,-0.0571,0.0
201712,53053,"pierce, wa",378773.0,0.0321,0.1619,1333,-0.1671,-0.1472,54.0,0.1368,-0.069,1188,-0.2091,0.35,332,0.0573,40.5,0.0947,0.015,0.091,448.0,-0.36,0.3659,0.1347,-0.0363,0.0028,926.0,-0.1639,,182.0,0.0176,0.1,2183.0,0.0125,0.048,470364.0,0.0207,0.0904,2259,-0.168,0.4453,0.6947,0.0027,,0.0
201712,53027,"grays harbor, wa",199900.0,-0.0446,0.1759,299,-0.1232,-0.2152,86.0,0.0488,-0.2389,88,-0.3529,0.0476,8,-0.3333,-0.3333,0.0167,-0.0034,-0.0091,60.0,-0.1667,0.5,0.1122,-0.013,0.0284,90.0,-0.0863,,146.0,0.0055,0.233,1444.0,-0.0228,-0.045,244287.0,-0.0196,0.1412,393,-0.1068,0.0315,0.301,0.0121,,0.0
201712,53055,"san juan, wa",715500.0,-0.0141,0.0251,193,-0.0539,-0.1752,152.0,0.2063,-0.1059,24,-0.3333,0.0,0,-1.0,,0.0,-0.0223,0.0,24.0,-0.1429,1.0,0.1085,0.0112,0.0627,23.0,-0.3611,,382.0,0.0249,0.1299,2016.0,-0.0115,0.008,1398224.0,0.0135,0.1058,216,-0.1,-0.0769,0.1192,-0.0573,,0.0
201712,53037,"kittitas, wa",385000.0,-0.0552,-0.0351,132,-0.2143,-0.2542,92.0,0.0514,-0.0564,40,-0.4872,0.1111,4,-0.3333,0.0,0.018,-0.0043,-0.0007,20.0,-0.2308,0.25,0.1015,0.0087,0.0268,34.0,-0.2,33.0,208.0,-0.0056,0.0751,1872.0,-0.0605,-0.1034,492986.0,-0.0766,-0.1569,171,-0.1896,-0.0393,0.2576,0.0046,0.2519,0.0
201712,53039,"klickitat, wa",456500.0,-0.0005,0.1441,68,-0.1953,-0.1053,116.0,0.2507,-0.1343,12,-0.25,0.5,0,,,0.0,0.0,0.0,8.0,0.0,1.0,0.1013,0.0236,0.0519,2.0,3.0,0.0,187.0,-0.0097,0.1043,2349.0,0.0161,0.0531,584514.0,-0.0131,0.0126,70,-0.1765,-0.1026,0.0294,0.0235,0.0031,0.0
201712,53049,"pacific, wa",241750.0,-0.0291,0.1117,163,-0.0326,0.156,102.0,0.0099,-0.1937,24,-0.3333,0.5,4,0.0,,0.0194,0.001,0.0194,12.0,-0.4,0.5,0.0511,-0.0381,-0.0061,14.0,-0.0968,13.0,152.0,0.0077,0.0488,1600.0,-0.0428,0.0888,309748.0,-0.0008,0.2004,177,-0.0354,0.2465,0.0859,-0.0061,0.0788,0.0
201712,53071,"walla walla, wa",260709.0,-0.0324,0.0431,168,-0.1064,-0.04,74.0,0.1473,-0.2211,44,-0.3714,-0.0833,0,-1.0,,0.0,-0.0075,0.0,24.0,-0.4545,0.2,0.1096,-0.0612,0.0199,1.0,,,138.0,-0.0043,-0.0049,2028.0,-0.0283,0.0211,342858.0,-0.0281,0.0401,169,-0.1011,-0.0343,0.006,,,0.0
201712,53015,"cowlitz, wa",284900.0,0.0179,0.1633,265,-0.1382,0.0816,75.0,0.2,-0.0683,120,-0.2683,0.2,20,0.25,,0.0391,0.0111,0.0391,72.0,-0.4,3.5,0.1516,-0.0587,0.095,87.0,0.0741,13.5,147.0,0.0007,0.14,1948.0,0.0148,0.11,424081.0,0.0589,0.1237,351,-0.0847,0.404,0.3283,0.0649,0.3038,0.0
201712,53017,"douglas, wa",343950.0,0.0059,0.1204,114,-0.0298,0.2391,79.0,0.1618,-0.076,56,0.5556,1.0,0,-1.0,,0.0,-0.0245,0.0,12.0,-0.4545,0.0,0.0706,-0.0819,-0.027,16.0,3.0,15.0,184.0,0.0412,0.1478,2035.0,-0.007,-0.0374,393154.0,-0.0139,-0.0473,130,0.07,0.3978,0.1404,0.1063,0.1295,1.0
201712,53019,"ferry, wa",169450.0,-0.1881,-0.0161,65,-0.058,-0.1772,140.0,0.1245,-0.1223,4,1.0,,0,-1.0,,0.0,-0.0213,0.0,4.0,1.0,,0.0533,0.0274,0.0533,7.0,-0.2222,0.75,115.0,-0.0353,-0.0984,1776.0,-0.0762,0.184,247014.0,-0.063,0.1621,72,-0.0769,-0.122,0.1077,-0.0227,0.0571,0.0
201712,53077,"yakima, wa",259000.0,0.036,0.0794,355,-0.1667,-0.0533,81.0,0.3065,0.0,76,-0.4328,-0.2963,4,0.0,,0.0066,0.0014,0.0066,48.0,-0.4545,0.2,0.074,-0.0412,0.0093,200.0,-0.0453,0.1429,134.0,0.0059,0.1371,1956.0,0.0077,-0.0398,313150.0,0.0165,0.0725,556,-0.1189,0.0258,0.5634,0.0716,0.0967,0.0
201712,53045,"mason, wa",249250.0,-0.0089,0.1355,249,-0.1443,-0.2545,88.0,0.0732,-0.1927,72,-0.25,0.2857,8,-0.2,,0.0214,0.0017,0.0214,48.0,-0.4146,0.0909,0.1132,-0.0541,-0.0017,81.0,-0.1818,,156.0,-0.004,0.0927,1680.0,0.0045,0.037,310235.0,-0.0298,0.1169,323,-0.1707,-0.0329,0.3253,-0.0149,,0.0
201712,53067,"thurston, wa",349900.0,0.03,0.1582,449,-0.148,-0.2639,54.0,0.0286,-0.188,308,-0.2837,0.4808,96,-0.0588,11.0,0.0834,0.0085,0.0731,144.0,-0.3684,0.0,0.1315,-0.0359,-0.0387,314.0,-0.2237,313.0,166.0,0.0067,0.1055,2136.0,0.0,0.0351,388866.0,-0.0127,0.0862,771,-0.1714,0.2639,0.6993,-0.0682,0.6977,0.0
201712,53013,"columbia, wa",154900.0,0.0164,0.1072,27,-0.1429,-0.5,110.0,0.3095,-0.3168,4,1.0,0.0,0,,,0.0,0.0,0.0,0.0,-1.0,-1.0,0.0,-0.1201,-0.0615,,,,100.0,0.1239,0.2803,1791.0,0.0,-0.005,212737.0,0.0968,0.2011,27,-0.1429,-0.5,,,,0.0
201712,53009,"clallam, wa",309950.0,0.0366,0.0333,340,-0.1837,-0.0736,89.0,0.1494,-0.0876,52,-0.2973,0.0833,0,-1.0,,0.0,-0.004,0.0,24.0,-0.4545,0.0,0.0658,-0.0198,0.0023,19.0,-0.05,,174.0,0.0094,0.0884,1813.0,-0.0019,-0.0693,380381.0,0.0114,-0.0292,350,-0.1832,-0.0463,0.0559,0.0079,,0.0
201711,53021,"franklin, wa",282800.0,0.0356,0.0819,317,-0.0047,0.8592,44.0,-0.0928,-0.1698,90,-0.2857,0.1538,10,-0.2857,-0.1667,0.0247,-0.01,-0.0217,44.0,-0.2414,0.1,0.1054,-0.0378,-0.047,6.0,0.5714,4.5,141.0,0.0166,0.1198,2076.0,0.0078,-0.0625,313401.0,0.0186,0.043,321,0.0,0.8688,0.0174,0.0064,0.0115,0.0
201711,53071,"walla walla, wa",269450.0,-0.0652,0.0525,188,-0.0053,-0.0623,65.0,0.3438,-0.1938,70,-0.2222,0.0938,2,,0.0,0.0075,0.0075,0.0,44.0,-0.2903,0.2941,0.1708,-0.0412,0.0473,,,,138.0,-0.0416,0.0082,2087.0,-0.0093,0.0024,352760.0,-0.03,0.0826,188,-0.0157,-0.0623,,,,0.0
201711,53023,"garfield, wa",150000.0,0.0315,0.251,13,-0.2121,-0.2121,112.0,0.4834,-0.0931,0,-1.0,,0,,,0.0,0.0,0.0,0.0,-1.0,-1.0,0.0,-0.2202,-0.2353,,,,81.0,0.0384,0.5284,1820.0,-0.0541,-0.2316,179662.0,0.0572,0.2515,13,-0.2121,-0.2121,,,,0.0
201711,53075,"whitman, wa",249250.0,-0.0005,0.3284,136,-0.1782,0.0667,87.0,0.1757,-0.1512,18,-0.25,-0.25,2,0.0,,0.0116,0.0018,0.0116,12.0,-0.6,0.2,0.0741,-0.0804,0.0105,6.0,-0.2143,-0.3125,119.0,0.0275,0.1271,2151.0,0.0292,0.1203,251203.0,0.0085,0.161,141,-0.1778,0.0483,0.0404,-0.0019,-0.0223,0.0
201711,53029,"island, wa",419963.0,0.0,0.037,332,-0.1184,-0.1401,61.0,0.0041,-0.1729,214,-0.036,0.9107,16,-0.1111,7.0,0.0253,0.0004,0.0214,122.0,-0.2989,0.3864,0.177,-0.0539,0.0101,130.0,-0.03,,212.0,-0.006,0.0622,2000.0,0.0093,-0.0272,569374.0,-0.0256,-0.0264,464,-0.0938,0.2036,0.3906,0.0356,,1.0
201711,53039,"klickitat, wa",456750.0,-0.0204,0.1997,85,-0.1058,0.006,93.0,0.138,-0.1452,16,0.1429,-0.1111,0,,,0.0,0.0,0.0,8.0,-0.6,0.3333,0.0777,-0.1124,0.024,1.0,-0.5,-0.5,188.0,-0.0484,0.1263,2312.0,0.0327,-0.0426,592248.0,0.0089,0.1156,85,-0.1146,-0.0058,0.0059,-0.0047,-0.006,0.0
201711,53047,"okanogan, wa",297450.0,-0.0084,0.0816,211,-0.119,-0.1869,120.0,0.13,-0.1229,24,-0.4545,0.0909,0,,,0.0,0.0,0.0,26.0,-0.2778,1.6,0.0967,-0.0154,0.0616,23.0,-0.2813,,182.0,-0.038,0.0505,1487.0,-0.0298,-0.0841,407580.0,0.0462,0.1088,234,-0.1413,-0.0983,0.109,-0.0246,,0.0
201711,53069,"wahkiakum, wa",310325.0,0.015,0.2413,27,-0.209,-0.1311,90.0,0.125,0.3235,2,-0.75,-0.8,0,,,0.0,0.0,0.0,6.0,-0.25,0.5,0.1619,0.0066,0.0678,9.0,0.2,,177.0,0.0251,0.4239,1953.0,-0.0169,0.038,338109.0,-0.0878,0.1937,36,-0.1,0.1803,0.3396,0.1157,0.3396,1.0
201711,53001,"adams, wa",184000.0,0.0,0.5027,41,-0.0889,0.7826,87.0,0.2985,-0.1963,10,-0.1667,0.25,2,,,0.0256,0.0256,0.0256,6.0,-0.25,,0.0963,-0.0227,0.0963,18.0,-0.1818,17.0,106.0,0.0024,0.5463,2016.0,-0.018,0.1126,195348.0,-0.0298,0.2888,58,-0.0794,1.4167,0.439,-0.0499,0.3955,1.0
201711,53013,"columbia, wa",152400.0,0.0167,0.0518,32,-0.1127,-0.4167,84.0,0.3942,-0.4177,2,-0.8,-0.8,0,,,0.0,0.0,0.0,4.0,,0.0,0.1201,0.1201,0.0593,,,,89.0,-0.0954,0.2007,1791.0,0.0612,-0.0672,193963.0,-0.0271,0.0679,32,-0.1127,-0.4167,,,,1.0
201711,53077,"yakima, wa",250000.0,0.0002,0.056,426,-0.0533,0.0506,62.0,0.1324,-0.165,134,-0.1519,0.1167,4,0.0,1.0,0.0052,0.0004,0.0023,88.0,-0.2143,0.0476,0.1152,-0.0154,0.0055,210.0,-0.0871,-0.0542,133.0,-0.0085,0.1372,1941.0,-0.0155,-0.0608,308077.0,0.0086,0.0652,631,-0.0741,0.008,0.4918,-0.0182,-0.0545,0.0
201711,53051,"pend oreille, wa",304500.0,-0.0209,0.2204,99,-0.2088,-0.1826,107.0,0.0949,-0.0896,10,-0.4444,-0.2857,0,,,0.0,0.0,0.0,14.0,-0.3636,0.1667,0.0988,-0.0232,0.0266,30.0,-0.0625,0.1321,155.0,-0.0136,0.1218,2022.0,0.0192,0.2307,363029.0,-0.0092,0.0873,127,-0.1891,-0.1336,0.3046,0.0475,0.0847,0.0
201711,53067,"thurston, wa",339700.0,0.0127,0.1324,527,-0.1007,-0.2312,53.0,0.05,-0.17,430,-0.1116,0.6412,102,-0.0727,4.6667,0.0749,0.0048,0.0581,228.0,-0.2083,0.3103,0.1674,-0.0248,-0.0025,405.0,-0.1021,,165.0,0.0066,0.1075,2136.0,0.0116,0.0291,393849.0,-0.0024,0.0987,931,-0.1023,0.3574,0.7676,-0.0012,,0.0
201711,53043,"lincoln, wa",156875.0,-0.0152,-0.1711,59,-0.1259,-0.2288,121.0,0.2785,0.4176,16,0.6,0.3333,0,,,0.0,0.0,0.0,12.0,-0.1429,-0.3333,0.1198,-0.021,-0.0486,27.0,0.0816,0.7097,76.0,-0.0127,-0.1693,1945.0,0.0004,-0.0263,227809.0,0.0028,-0.0706,86,-0.0703,-0.0652,0.4492,0.0862,0.2465,1.0
201711,53053,"pierce, wa",366975.0,0.0194,0.1651,1601,-0.1478,-0.1592,48.0,0.131,-0.0865,1502,-0.1765,0.7629,314,-0.1949,18.625,0.0797,-0.0003,0.0736,700.0,-0.2754,0.2963,0.1709,-0.0266,-0.0169,1108.0,-0.0554,,179.0,-0.0003,0.0834,2156.0,0.012,0.0522,460827.0,-0.0002,0.0818,2715,-0.11,0.4263,0.692,0.0676,,1.0
201711,53033,"king, wa",649950.0,0.0022,0.1676,2211,-0.1938,-0.0641,38.0,0.2097,-0.0964,2360,-0.2372,0.5818,776,-0.1547,17.4762,0.1285,0.0187,0.1166,982.0,-0.2182,0.6701,0.1393,-0.0111,0.0007,2328.0,-0.0697,,324.0,-0.0001,0.181,2200.0,0.008,0.0099,1085980.0,0.0282,0.1578,4536,-0.1349,0.9202,1.0529,0.1405,1.0529,0.0
201711,53055,"san juan, wa",725750.0,-0.0291,0.0442,204,-0.0872,-0.2374,126.0,0.1429,-0.1235,36,-0.28,0.3846,6,0.5,,0.0223,0.0095,0.0223,28.0,-0.2222,0.75,0.0973,-0.0193,0.041,36.0,0.0141,,373.0,-0.0327,0.1257,2039.0,-0.0166,0.0299,1379571.0,0.0248,0.2264,240,-0.0805,-0.1028,0.1765,0.0176,,0.0
201711,53049,"pacific, wa",249000.0,-0.0026,0.1734,169,0.0151,0.0767,101.0,0.0254,-0.1772,36,-0.2174,0.0,4,1.0,,0.0184,0.0096,0.0184,20.0,-0.3333,0.4286,0.0891,-0.0341,0.0179,16.0,-0.3261,14.5,151.0,0.0237,0.0492,1671.0,-0.0176,0.1461,309983.0,-0.041,0.1987,184,-0.0291,0.1651,0.092,-0.0466,0.0856,0.0
201711,53025,"grant, wa",232867.0,-0.0236,0.0768,261,-0.0953,-0.1567,71.0,-0.05,-0.1994,72,-0.4,0.5652,10,-0.5455,,0.0236,-0.0219,0.0236,54.0,-0.3721,0.35,0.1201,-0.0507,0.0086,85.0,-0.0452,83.5,129.0,0.0083,0.0566,1804.0,-0.0309,0.0181,290037.0,-0.0314,0.149,347,-0.0809,0.1159,0.3238,0.017,0.3205,0.0
201711,53005,"benton, wa",314950.0,0.0162,0.0579,807,-0.0528,0.4673,47.0,0.1394,-0.1416,248,-0.1014,0.24,22,0.375,-0.0833,0.0227,0.009,-0.0073,158.0,-0.202,0.1286,0.146,-0.03,-0.0327,7.0,-0.2632,1.3333,143.0,0.0037,0.0574,2222.0,0.0043,-0.0004,337873.0,0.0056,0.0101,813,-0.0508,0.4693,0.0087,-0.0025,0.0032,0.0
201711,53045,"mason, wa",251500.0,-0.0097,0.0953,291,-0.1365,-0.25,82.0,0.1469,-0.1633,96,-0.3239,0.0909,10,-0.5,1.5,0.0196,-0.015,0.0118,82.0,-0.2264,0.2059,0.1673,-0.0128,0.0229,99.0,-0.0616,,156.0,-0.0088,0.0799,1673.0,-0.0043,0.0056,319771.0,-0.0164,0.075,390,-0.1188,0.0039,0.3402,0.0271,,0.0
201711,53057,"skagit, wa",418250.0,0.0043,0.2019,378,-0.0904,-0.0925,73.0,0.1789,0.0211,182,-0.2479,0.3,28,-0.125,3.6667,0.0419,0.0025,0.0294,106.0,-0.3291,0.7667,0.1492,-0.0573,0.0451,111.0,-0.1685,,204.0,0.0059,0.1222,2072.0,-0.0026,0.0691,591354.0,0.0202,0.2037,487,-0.1073,0.1695,0.294,-0.0276,,0.0
201711,53073,"whatcom, wa",414218.0,-0.012,0.0434,641,-0.1616,-0.0317,72.0,0.1626,-0.0272,406,0.015,1.0928,36,-0.0526,8.0,0.0298,0.0019,0.0249,242.0,-0.1712,1.3725,0.1864,-0.0198,0.0735,235.0,-0.0063,,217.0,-0.0025,0.0932,1907.0,-0.0052,-0.0259,516145.0,-0.0158,-0.0475,880,-0.12,0.3303,0.3669,0.0573,,1.0
201711,53031,"jefferson, wa",425000.0,-0.0096,-0.0741,196,-0.105,-0.1009,91.0,0.1415,0.5783,64,-0.2381,0.8824,6,-0.25,,0.019,-0.0028,0.019,52.0,-0.0714,2.25,0.1773,0.0267,0.1166,50.0,-0.2205,,225.0,-0.001,-0.0233,1844.0,0.0018,-0.0344,540090.0,-0.0138,0.0446,246,-0.1384,0.1284,0.2526,-0.0374,,1.0
201711,53003,"asotin, wa",249200.0,0.0388,0.2466,100,-0.1116,-0.01,67.0,0.0675,-0.0881,18,-0.3077,0.2857,0,,,0.0,0.0,0.0,22.0,0.0,0.5714,0.1838,0.0162,0.0769,,,,119.0,0.0374,0.1381,2206.0,0.0294,0.0459,281671.0,0.0234,0.1347,100,-0.1116,-0.01,,,,0.0
201711,53035,"kitsap, wa",361075.0,-0.0358,0.0104,548,-0.095,-0.1497,52.0,0.0722,0.0097,508,-0.0696,0.3093,94,0.0682,22.5,0.0686,0.0078,0.065,218.0,-0.2781,0.2674,0.1741,-0.0274,-0.004,312.0,-0.106,,187.0,-0.0106,0.0765,2054.0,-0.0046,-0.0228,511273.0,-0.0339,0.0017,862,-0.1063,0.3375,0.5693,-0.007,,0.0
201711,53063,"spokane, wa",270225.0,-0.0181,0.0969,1426,-0.1522,-0.0371,52.0,0.1685,-0.0957,526,-0.3392,-0.0674,254,2.5278,4.08,0.0789,0.0606,0.0631,614.0,0.0697,0.4279,0.1834,0.0384,0.0561,1357.0,-0.0896,0.032,116.0,0.0083,0.0843,2296.0,-0.0246,-0.0061,339702.0,-0.0128,0.1165,2783,-0.119,-0.0054,0.9513,0.0654,0.0637,0.0
201711,53011,"clark, wa",437000.0,0.0211,0.0928,1398,-0.0662,0.031,53.0,0.1413,-0.0789,714,-0.0962,0.1516,70,0.5909,0.75,0.0347,0.0167,0.0137,420.0,-0.2953,0.0881,0.1946,-0.0629,0.0069,50.0,-0.2308,-0.3711,188.0,0.0073,0.0777,2384.0,0.0027,0.0107,528860.0,0.0116,0.0482,1448,-0.0742,0.0077,0.0358,-0.0077,-0.0229,0.0
201711,53019,"ferry, wa",208700.0,-0.0206,0.1778,69,-0.1039,-0.2203,125.0,0.321,-0.1232,2,-0.5,-0.5,2,,,0.0213,0.0213,0.0213,2.0,-0.75,0.0,0.026,-0.069,0.0038,9.0,0.0588,5.0,119.0,0.0017,-0.0514,1923.0,-0.0106,0.2817,263617.0,-0.0599,0.1884,78,-0.093,-0.1333,0.1304,0.02,0.1135,0.0
201711,53015,"cowlitz, wa",279900.0,-0.0037,0.1275,308,-0.0696,0.1604,63.0,0.1905,-0.1667,164,-0.2613,0.907,16,-0.2,7.0,0.028,-0.0013,0.0234,120.0,-0.0476,1.1429,0.2102,0.0104,0.0486,81.0,-0.2703,12.5,147.0,-0.0178,0.1412,1920.0,0.0119,0.0719,400506.0,0.0114,0.1235,384,-0.1254,0.4177,0.2634,-0.0724,0.2408,1.0
201711,53007,"chelan, wa",423725.0,-0.0286,0.1158,284,-0.1484,-0.1672,78.0,0.0368,-0.1711,94,-0.1455,0.2368,0,-1.0,,0.0,-0.0042,0.0,36.0,-0.5814,-0.3077,0.0885,-0.1009,-0.0268,17.0,0.8333,3.125,205.0,-0.0323,0.0581,2035.0,0.0093,0.0209,543838.0,-0.0403,0.0192,302,-0.1145,-0.1274,0.0581,0.0311,0.0464,0.0
201711,53027,"grays harbor, wa",209225.0,0.0281,0.1944,341,-0.0833,-0.1891,82.0,0.0719,-0.2077,136,-0.0145,0.4167,12,0.0,5.0,0.0201,0.0018,0.0159,72.0,-0.25,0.0,0.1251,-0.0332,-0.0137,99.0,-0.1045,,145.0,0.0133,0.2232,1478.0,0.0003,-0.0346,249162.0,0.015,0.1641,440,-0.0918,0.0464,0.2889,-0.0068,,0.0
201711,53059,"skamania, wa",420840.0,0.0621,0.0331,41,-0.0795,0.3729,71.0,0.1925,-0.242,10,0.25,0.25,0,,,0.0,0.0,0.0,8.0,-0.4286,1.0,0.1335,-0.0962,0.0465,1.0,0.0,-0.75,212.0,-0.0059,0.3435,1998.0,0.0484,-0.2382,528162.0,-0.0021,0.0566,42,-0.0674,0.2576,0.0247,0.002,-0.1109,0.0
201711,53009,"clallam, wa",299000.0,-0.0167,0.0,417,-0.1323,-0.0491,77.0,0.1493,-0.0638,74,-0.1395,0.0882,2,-0.5,,0.004,-0.0026,0.004,44.0,-0.56,0.1,0.0856,-0.0779,0.0066,20.0,0.2903,,173.0,-0.0135,0.0656,1817.0,0.0062,-0.0381,376078.0,-0.0233,-0.0284,429,-0.1308,-0.0217,0.048,0.0157,,0.0
201711,53041,"lewis, wa",249938.0,0.0038,0.2594,280,-0.0997,0.037,74.0,0.0207,-0.1294,108,-0.3077,-0.0847,8,0.3333,,0.017,0.006,0.017,80.0,-0.1489,0.8182,0.1665,-0.0053,0.043,88.0,-0.0688,87.0,142.0,0.005,0.1285,1757.0,0.0172,0.0482,314866.0,0.0358,0.1134,370,-0.0888,0.3635,0.3143,0.0104,0.3106,0.0
201711,53065,"stevens, wa",252400.0,0.0047,0.0497,278,-0.1313,-0.1032,105.0,0.126,-0.1026,36,-0.4375,0.0588,8,3.0,1.0,0.0207,0.0163,0.0104,44.0,-0.12,1.4444,0.1164,0.0132,0.07,73.0,-0.152,0.7059,124.0,0.0009,0.0201,2172.0,0.0058,0.0031,333403.0,0.0119,-0.0443,349,-0.1342,-0.0099,0.2608,-0.0064,0.1237,0.0
201711,53017,"douglas, wa",341925.0,0.0335,0.112,118,-0.0891,0.1463,68.0,0.0968,0.0968,36,-0.1818,0.3846,4,,1.0,0.0245,0.0245,0.0107,22.0,-0.1538,0.5714,0.1525,0.0042,0.0505,4.0,-0.3846,1.0,176.0,-0.0079,0.1194,2049.0,-0.0076,-0.0426,398714.0,-0.0205,-0.047,122,-0.1099,0.1627,0.034,-0.0163,0.0145,0.0
201711,53037,"kittitas, wa",407500.0,-0.0121,0.0672,168,-0.1407,-0.2113,88.0,0.1438,0.0324,78,0.0541,0.5,6,0.5,2.0,0.0223,0.009,0.0153,26.0,-0.6061,-0.0714,0.0928,-0.0972,-0.01,43.0,-0.1146,,209.0,0.0081,0.0797,1993.0,-0.025,-0.0224,533873.0,-0.0033,-0.0614,211,-0.1335,-0.0094,0.253,0.0075,,0.0
201711,53061,"snohomish, wa",465975.0,0.0121,0.1233,972,-0.201,-0.1135,41.0,0.1408,-0.0357,1040,-0.2085,0.6404,300,-0.1279,14.0,0.1112,0.0113,0.0996,452.0,-0.3254,0.7656,0.1519,-0.0325,0.0066,1038.0,-0.042,,235.0,-0.0011,0.1402,2013.0,0.006,-0.0247,557910.0,0.0226,0.1225,2002,-0.1331,0.8258,1.0674,0.1771,,0.0
201710,53001,"adams, wa",184000.0,0.0575,0.472,45,0.0714,0.8,67.0,0.1552,-0.3767,12,0.0,0.5,0,,,0.0,0.0,0.0,8.0,1.0,1.0,0.119,0.065,0.0238,22.0,0.0,21.0,106.0,0.1303,0.6097,2053.0,-0.0409,0.0002,201356.0,0.0228,0.2948,63,0.05,1.4231,0.4889,-0.0349,0.4489,0.0
201710,53039,"klickitat, wa",466250.0,0.0621,0.2302,95,-0.0357,-0.0156,82.0,0.2443,-0.2347,14,-0.5625,-0.4167,0,,,0.0,0.0,0.0,20.0,-0.1667,0.0,0.1901,0.0342,0.0362,1.0,-0.5,-0.5,198.0,0.0304,0.1868,2239.0,0.0475,-0.0047,587015.0,0.018,0.2084,96,-0.04,-0.0204,0.0106,-0.0098,-0.0103,0.0
201710,53009,"clallam, wa",304075.0,-0.023,0.017,480,-0.0419,-0.04,67.0,0.1453,-0.1007,86,-0.5,-0.14,4,0.0,,0.0066,0.0004,0.0066,100.0,-0.1379,0.9231,0.1635,-0.0477,0.0642,16.0,0.55,,175.0,0.0057,0.0729,1805.0,-0.0173,-0.0415,385063.0,-0.0256,0.0042,493,-0.0333,-0.014,0.0323,0.0123,,0.0
201710,53073,"whatcom, wa",419250.0,0.0251,0.0778,764,-0.0649,-0.0317,62.0,0.1604,-0.0391,400,-0.0909,0.1765,38,-0.1364,8.5,0.028,-0.0053,0.0243,292.0,-0.0267,0.5532,0.2063,-0.0077,0.0443,237.0,0.0373,,217.0,0.0158,0.0952,1917.0,-0.0062,-0.0083,524431.0,-0.0149,-0.0031,1000,-0.0338,0.2674,0.3096,0.0305,,0.0
201710,53017,"douglas, wa",330850.0,-0.0296,0.0726,129,-0.0153,0.0157,62.0,0.3778,0.0877,44,-0.45,-0.0833,0,,,0.0,0.0,0.0,26.0,-0.0714,-0.4091,0.1483,-0.0371,-0.0684,7.0,0.3,5.5,178.0,0.0291,0.1537,2065.0,-0.0319,-0.0983,407047.0,-0.0116,-0.0241,137,0.0187,0.0664,0.0504,0.0122,0.0425,0.0
201710,53069,"wahkiakum, wa",305738.0,-0.0216,0.2232,34,-0.0694,0.0152,80.0,-0.1061,0.5686,8,-0.3333,1.0,0,,,0.0,0.0,0.0,8.0,1.0,0.0,0.1553,0.0736,-0.008,8.0,1.5,,173.0,0.0293,0.3982,1986.0,0.0195,0.096,370655.0,0.0457,0.28,40,0.0,0.2121,0.2239,0.1405,,1.0
201710,53065,"stevens, wa",251225.0,-0.0225,0.0928,320,-0.0805,-0.1011,93.0,0.1512,-0.0581,64,0.2308,0.0667,2,,,0.0044,0.0044,0.0044,50.0,0.0417,0.1364,0.1032,0.0005,0.0106,86.0,-0.0806,0.71,124.0,0.0072,0.0221,2160.0,0.0084,0.0002,329493.0,0.0009,-0.045,403,-0.0852,0.0037,0.2672,-0.0001,0.1267,0.0
201710,53047,"okanogan, wa",299975.0,0.0273,0.0717,240,-0.113,-0.1826,106.0,0.2017,-0.0962,44,-0.2143,0.1,0,,,0.0,0.0,0.0,36.0,-0.25,0.8,0.1121,-0.019,0.0573,32.0,0.0323,,189.0,0.0227,0.0803,1533.0,0.0137,-0.0711,389572.0,0.0436,0.0842,273,-0.0668,-0.07,0.1336,0.0188,,0.0
201710,53067,"thurston, wa",335448.0,0.0385,0.1091,586,-0.1507,-0.2592,50.0,0.25,-0.0566,484,-0.0547,0.2222,110,2.0556,4.5,0.0702,0.0432,0.0528,288.0,-0.0649,-0.04,0.1923,-0.001,-0.0528,451.0,-0.0228,,164.0,-0.0009,0.1047,2112.0,0.0198,0.0096,394786.0,0.0172,0.0969,1037,-0.0603,0.3104,0.7688,0.1007,,0.0
201710,53013,"columbia, wa",149900.0,-0.0625,0.0,36,0.0758,-0.3302,60.0,-0.4872,-0.5121,10,1.5,0.25,0,,,0.0,0.0,0.0,0.0,-1.0,-1.0,0.0,-0.24,-0.0769,,,,98.0,0.036,0.1558,1688.0,-0.0624,-0.0989,199374.0,-0.0209,-0.1098,36,0.0758,-0.3302,,,,0.0
201710,53035,"kitsap, wa",374500.0,-0.0373,0.0338,606,-0.0853,-0.1937,49.0,0.0778,-0.0673,546,-0.0777,0.2877,88,1.0,21.0,0.0609,0.034,0.0575,302.0,0.0786,0.2583,0.2015,-0.0407,0.0002,349.0,0.0449,,189.0,-0.0089,0.09,2064.0,-0.0117,-0.007,529220.0,-0.0213,0.0476,965,-0.0316,0.2843,0.5764,0.0719,,0.0
201710,53059,"skamania, wa",396225.0,-0.0312,-0.0082,44,-0.0222,0.3333,60.0,0.2989,-0.224,8,-0.6,0.0,0,,,0.0,0.0,0.0,14.0,0.1667,2.5,0.2297,0.0451,0.1216,1.0,0.0,-0.75,213.0,0.0136,0.2354,1906.0,0.0,-0.2187,529249.0,0.1305,0.0461,45,-0.0326,0.2027,0.0227,0.0005,-0.0985,0.0
201710,53029,"island, wa",419950.0,-0.0344,-0.0001,376,-0.0481,-0.1512,61.0,0.0474,-0.1259,222,-0.1048,0.4605,18,3.5,,0.0248,0.0173,0.0248,174.0,0.2429,0.6731,0.2309,0.0238,0.0535,134.0,-0.0255,,213.0,-0.0113,0.0451,1982.0,-0.0301,-0.0325,584325.0,-0.0233,-0.0413,512,-0.0376,0.1558,0.3551,0.0082,,0.0
201710,53053,"pierce, wa",360000.0,-0.0137,0.1429,1878,-0.0582,-0.1518,42.0,0.1053,-0.1064,1824,-0.0277,0.4951,390,4.1316,9.8333,0.08,0.0586,0.0706,966.0,0.083,0.2914,0.1976,-0.0318,-0.0303,1173.0,-0.0188,,179.0,-0.0036,0.0985,2131.0,-0.0209,0.0189,460912.0,-0.0201,0.0896,3051,-0.0434,0.3778,0.6243,0.025,,0.0
201710,53045,"mason, wa",253975.0,-0.0559,0.0821,337,-0.0665,-0.2163,72.0,0.2328,-0.1875,142,-0.1548,0.1833,20,4.0,,0.0347,0.0272,0.0347,106.0,0.1042,0.2045,0.1801,0.0143,0.0231,106.0,-0.014,,158.0,-0.0183,0.0753,1680.0,-0.0225,0.0343,325089.0,-0.0378,0.0697,442,-0.0433,0.0279,0.3131,0.0167,,0.0
201710,53043,"lincoln, wa",159300.0,-0.1571,-0.1614,68,-0.0217,-0.1563,94.0,0.1023,0.1287,10,-0.1667,-0.1667,0,,,0.0,0.0,0.0,14.0,0.1667,0.1667,0.1407,0.0326,0.0399,25.0,-0.1833,0.2895,77.0,-0.0666,-0.1651,1944.0,-0.0626,-0.0279,227168.0,-0.072,-0.1003,93,-0.0657,-0.0657,0.363,-0.0718,0.1255,1.0
201710,53055,"san juan, wa",747500.0,0.0418,0.1074,224,-0.1783,-0.2475,110.0,0.0809,-0.1519,50,-0.2188,0.7857,4,,,0.0128,0.0128,0.0128,36.0,-0.3077,0.8,0.1166,-0.0368,0.0604,36.0,0.2241,,385.0,0.0096,0.1724,2074.0,0.0368,0.0207,1346166.0,0.0734,0.225,261,-0.0578,-0.1212,0.1588,0.0522,,1.0
201710,53019,"ferry, wa",213100.0,0.066,0.066,77,-0.0375,-0.1895,94.0,-0.0182,-0.3019,4,-0.6667,-0.6667,0,,,0.0,0.0,0.0,8.0,0.0,,0.095,0.0158,0.095,9.0,-0.2917,7.5,119.0,0.0251,-0.0748,1943.0,-0.0066,0.091,280408.0,-0.0169,0.0967,86,-0.0652,-0.1042,0.1104,-0.0396,0.0999,0.0
201710,53061,"snohomish, wa",460409.0,0.0011,0.151,1217,-0.054,-0.1035,36.0,0.2241,0.0143,1314,-0.0252,0.3193,344,4.375,42.0,0.1,0.0703,0.0967,670.0,0.3294,0.2407,0.1844,0.0171,-0.0377,1083.0,-0.0234,1082.0,236.0,0.0014,0.1391,2001.0,-0.0153,-0.0084,545579.0,0.0017,0.1238,2310,-0.0357,0.7019,0.8903,0.0279,0.8895,0.0
201710,53023,"garfield, wa",145425.0,-0.0005,0.2129,17,-0.0294,-0.0294,76.0,-0.1221,-0.3009,2,-0.5,-0.5,0,,,0.0,0.0,0.0,4.0,,,0.2202,0.2202,0.2202,,,,78.0,0.135,0.3692,1924.0,-0.084,-0.1415,169934.0,0.0388,0.123,17,-0.0294,-0.0294,,,,0.0
201710,53031,"jefferson, wa",429125.0,0.0217,-0.0357,219,-0.1205,-0.0135,80.0,0.1042,0.06,84,-0.1923,0.4,8,0.0,,0.0218,0.0018,0.0218,56.0,-0.3,0.4,0.1506,-0.0244,-0.0003,64.0,0.0079,126.0,225.0,0.0267,0.084,1841.0,-0.0043,-0.0349,547626.0,0.031,0.0844,286,-0.0609,0.286,0.29,0.0369,0.2877,0.0
201710,53077,"yakima, wa",249950.0,-0.0002,0.0447,450,0.0369,0.0297,55.0,0.1649,-0.1445,158,-0.2255,-0.1413,4,-0.5,-0.5,0.0048,-0.0039,-0.0039,112.0,0.037,0.037,0.1305,0.0184,0.0113,230.0,-0.134,-0.1437,134.0,0.0209,0.1487,1972.0,-0.0142,-0.0343,305444.0,-0.0036,0.0954,682,-0.0361,-0.0415,0.51,-0.1006,-0.1033,0.0
201710,53021,"franklin, wa",273079.0,0.0305,0.0503,319,0.0408,0.6763,49.0,0.0319,0.0778,126,0.5,0.3696,14,0.1667,2.5,0.0348,0.0038,0.0197,58.0,-0.0938,-0.0333,0.1432,-0.0257,-0.0467,4.0,-0.125,,139.0,0.0221,0.1024,2060.0,-0.0096,-0.0524,307692.0,0.0304,0.0692,321,0.0372,0.6868,0.011,-0.0021,0.011,0.0
201710,53027,"grays harbor, wa",203499.0,0.0062,0.1312,372,-0.1507,-0.2234,77.0,0.125,-0.1593,138,-0.0417,0.38,12,0.5,,0.0183,0.0062,0.0183,96.0,-0.2,0.1429,0.1583,-0.0319,0.0137,110.0,0.0784,,143.0,0.0191,0.1752,1477.0,0.0049,-0.0351,245486.0,0.0323,0.117,485,-0.0665,0.0115,0.2957,0.0628,,0.0
201710,53071,"walla walla, wa",288250.0,0.0186,0.1532,189,-0.0053,-0.133,48.0,-0.04,-0.1864,90,-0.0625,-0.0217,0,,,0.0,0.0,0.0,62.0,0.1923,0.7222,0.212,0.0048,0.1022,2.0,-0.3333,1.0,144.0,0.0047,0.0496,2107.0,-0.0054,0.0316,363662.0,0.0079,0.1088,191,-0.0104,-0.1239,0.0106,-0.0052,0.006,0.0
201710,53051,"pend oreille, wa",310993.0,0.0064,0.2655,125,-0.1644,-0.1354,98.0,0.2342,-0.0347,18,0.125,0.5,0,,,0.0,0.0,0.0,22.0,0.1,0.8333,0.122,0.022,0.0578,32.0,-0.1351,-0.0588,157.0,-0.0412,0.0993,1984.0,0.0783,0.181,366417.0,0.0342,0.0124,156,-0.1522,-0.1186,0.257,0.0087,0.0209,0.0
201710,53075,"whitman, wa",249375.0,0.0015,0.316,166,-0.065,0.096,74.0,-0.0513,-0.2128,24,-0.4,-0.3333,2,,,0.0098,0.0098,0.0098,30.0,-0.25,0.25,0.1545,-0.0342,0.0282,7.0,0.0,0.1667,116.0,-0.0006,0.1142,2090.0,0.0048,0.1099,249088.0,-0.0034,0.1606,172,-0.0679,0.0854,0.0423,0.0027,0.0026,0.0
201710,53003,"asotin, wa",239900.0,0.0017,0.2055,112,0.037,-0.0175,63.0,0.0678,0.0244,26,-0.1875,0.0833,0,-1.0,,0.0,-0.0278,0.0,22.0,-0.0833,0.375,0.1676,0.0009,0.0396,,,,115.0,0.0754,0.0974,2143.0,-0.0334,0.0323,275234.0,0.0111,0.1609,112,0.037,-0.0175,,,,0.0
201710,53041,"lewis, wa",249000.0,-0.004,0.1863,311,-0.0689,0.0065,73.0,0.25,-0.0268,156,0.1143,0.7727,6,0.5,,0.011,0.0032,0.011,94.0,-0.1296,0.3824,0.1718,-0.0227,0.0075,95.0,0.0161,93.5,141.0,-0.0138,0.0981,1727.0,-0.0188,0.0041,303997.0,-0.019,0.1091,406,-0.0345,0.3081,0.3039,0.0254,0.3006,1.0
201710,53049,"pacific, wa",249650.0,0.0026,0.112,166,-0.0674,-0.0292,99.0,0.1796,-0.0963,46,-0.2333,0.9167,2,-0.5,,0.0088,-0.0061,0.0088,30.0,0.0714,0.875,0.1232,0.0333,0.037,23.0,0.0,22.0,147.0,-0.0613,0.0229,1701.0,0.0192,0.1579,323233.0,0.0011,0.2306,189,-0.0597,0.0988,0.1386,0.0093,0.1327,1.0
201710,53057,"skagit, wa",416444.0,-0.0061,0.1915,415,-0.0568,-0.1132,62.0,0.23,0.0082,242,-0.1597,0.375,32,0.1429,7.0,0.0394,-0.0002,0.0339,158.0,0.1286,0.1618,0.2065,0.0232,0.0192,134.0,-0.0664,,203.0,-0.0063,0.1155,2078.0,0.0002,0.0832,579624.0,0.0091,0.2164,545,-0.0636,0.1645,0.3217,-0.0033,,0.0
201710,53007,"chelan, wa",436200.0,-0.029,0.1792,334,-0.0417,-0.2002,75.0,0.15,-0.0884,110,-0.1667,0.0577,2,,,0.0042,0.0042,0.0042,86.0,0.075,0.1316,0.1894,0.012,0.048,9.0,-0.3077,0.5,212.0,-0.0157,0.0843,2016.0,0.0182,0.0032,566649.0,0.0087,0.0958,341,-0.0515,-0.195,0.027,-0.0104,0.0126,0.0
201710,53037,"kittitas, wa",412487.0,-0.0604,0.0728,196,-0.0949,-0.1573,77.0,0.319,0.02,74,-0.1957,-0.075,4,,,0.0134,0.0134,0.0134,66.0,0.1786,0.5,0.19,0.0534,0.049,48.0,-0.1724,,207.0,-0.037,0.052,2044.0,0.0037,-0.0185,535662.0,-0.014,-0.0728,244,-0.0981,0.0496,0.2455,-0.023,,0.0
201710,53011,"clark, wa",427950.0,-0.0035,0.1118,1497,-0.0089,-0.0232,46.0,0.0952,-0.098,790,-0.1667,-0.0505,44,-0.2667,0.1,0.0179,-0.0066,0.0011,596.0,-0.051,0.0956,0.2575,0.0028,0.0357,65.0,-0.0152,-0.1772,187.0,0.0067,0.0879,2377.0,-0.0034,0.0321,522795.0,0.0008,0.0985,1564,-0.0073,-0.0295,0.0434,-0.0003,-0.0081,0.0
201710,53033,"king, wa",648508.0,0.0134,0.1582,2742,-0.0379,-0.1016,31.0,0.069,0.0333,3094,-0.0567,0.1955,918,10.475,18.125,0.1099,0.092,0.102,1256.0,0.4882,0.176,0.1505,0.0011,-0.0303,2502.0,0.02,,324.0,0.021,0.1637,2183.0,-0.008,0.0237,1056156.0,0.0193,0.1696,5243,-0.0174,0.7179,0.9125,0.0518,,0.0
201710,53025,"grant, wa",238499.0,-0.0109,0.0841,289,-0.104,-0.1204,75.0,0.0135,-0.0741,120,0.1111,0.3043,22,0.8333,4.5,0.0455,0.018,0.0362,86.0,0.075,1.15,0.1708,0.0276,0.076,89.0,-0.0781,43.25,128.0,-0.0144,0.0303,1862.0,0.0139,0.0476,299426.0,0.0099,0.1577,377,-0.0668,0.1424,0.3068,0.0086,0.3007,0.0
201710,53005,"benton, wa",309925.0,-0.0157,0.0691,852,0.0277,0.3545,41.0,-0.0407,-0.175,276,-0.2069,-0.0921,16,0.3333,0.3333,0.0137,0.0037,0.0012,198.0,0.0102,-0.0294,0.176,0.0187,-0.0398,10.0,-0.05,0.3571,142.0,-0.0055,0.0664,2213.0,-0.0076,-0.0045,336002.0,-0.0061,0.0287,856,0.0239,0.3459,0.0112,-0.0009,0.0,0.0
201710,53063,"spokane, wa",275200.0,0.0007,0.1052,1682,-0.03,-0.0141,45.0,0.0114,-0.1275,796,-0.1496,0.1243,72,0.2857,0.5,0.0183,0.0054,0.0055,574.0,-0.1303,0.0709,0.145,-0.0074,0.0024,1490.0,-0.0814,-0.0007,115.0,-0.0012,0.0832,2354.0,-0.0157,0.0006,344094.0,0.0028,0.1261,3159,-0.0636,-0.0102,0.8859,-0.0496,0.0119,0.0
201710,53015,"cowlitz, wa",280950.0,-0.0475,0.1242,331,-0.0503,0.0426,53.0,0.1538,-0.0789,222,0.11,0.4231,20,0.0,,0.0293,-0.0047,0.0293,126.0,-0.0455,0.3125,0.1998,-0.0224,0.0002,111.0,0.0,10.1,149.0,0.0198,0.1392,1897.0,-0.0949,0.0101,395993.0,-0.0133,0.3964,439,0.008,0.3492,0.3359,0.0169,0.3043,0.0
201709,53011,"clark, wa",429450.0,-0.0126,0.1358,1510,0.0223,-0.0731,42.0,0.1507,-0.0345,948,-0.0558,0.0441,60,-0.375,-0.2683,0.0245,-0.0145,-0.0064,628.0,-0.0514,0.0096,0.2547,-0.0041,0.0194,66.0,0.0154,-0.1258,186.0,0.0075,0.0889,2385.0,-0.0145,0.0447,522392.0,0.0009,0.1173,1575,0.0214,-0.076,0.0437,-0.0003,-0.0026,0.0
201709,53055,"san juan, wa",717500.0,-0.0363,0.0324,272,0.0055,-0.1324,102.0,0.1525,-0.1263,64,0.1429,1.1333,0,,,0.0,0.0,0.0,52.0,0.3,0.3,0.1534,0.0368,0.04,29.0,6.25,,382.0,-0.0162,0.2225,2000.0,-0.0329,-0.036,1254118.0,-0.0141,0.1439,277,0.0109,-0.1164,0.1066,0.0918,,1.0
201709,53039,"klickitat, wa",439000.0,0.0786,0.1583,98,0.0426,-0.0841,66.0,0.0116,-0.3671,32,-0.1111,0.1429,0,-1.0,,0.0,-0.014,0.0,24.0,0.5,1.4,0.1558,0.0375,0.0827,2.0,0.0,0.0,192.0,0.0286,0.1273,2137.0,0.0741,-0.0627,576633.0,0.053,0.1629,100,0.0417,-0.0783,0.0204,-0.0009,0.0017,0.0
201709,53013,"columbia, wa",159900.0,0.0,0.0667,33,-0.0704,-0.4359,118.0,0.224,0.175,4,-0.6,0.0,0,,,0.0,0.0,0.0,12.0,2.0,0.5,0.24,0.1518,0.1335,,,,95.0,-0.0519,0.1138,1800.0,0.0178,-0.039,203620.0,0.0377,-0.0712,33,-0.0704,-0.4359,,,,0.0
201709,53065,"stevens, wa",257000.0,-0.0384,0.0711,348,-0.072,-0.0854,81.0,0.0658,-0.1025,52,-0.3953,-0.0714,0,-1.0,,0.0,-0.0071,0.0,48.0,-0.3846,0.0,0.1028,-0.0348,0.0046,93.0,-0.1185,0.4091,123.0,-0.0166,0.0007,2142.0,-0.0063,-0.003,329204.0,-0.0389,-0.047,440,-0.0795,0.0,0.2672,-0.0141,0.0938,0.0
201709,53057,"skagit, wa",419000.0,-0.0011,0.1803,440,-0.0011,-0.0833,50.0,0.1765,-0.0654,288,0.1163,0.2632,28,6.0,,0.0395,0.0338,0.0395,140.0,0.3462,0.2069,0.1833,0.0343,0.0265,143.0,7.1714,,204.0,-0.002,0.094,2077.0,0.0031,0.0608,574395.0,-0.0122,0.1754,582,0.2638,0.2125,0.325,0.2853,,0.0
201709,53025,"grant, wa",241124.0,-0.004,0.0717,322,-0.0257,-0.093,74.0,0.0923,0.0459,108,-0.0847,0.1489,12,2.0,5.0,0.0275,0.0185,0.0233,80.0,0.1429,0.2121,0.1431,-0.0105,-0.005,96.0,10.2941,63.0,130.0,0.0006,0.0408,1836.0,-0.0062,0.0322,296501.0,0.0117,0.1347,404,0.1917,0.1317,0.2981,0.2724,0.2939,0.0
201709,53005,"benton, wa",314875.0,-0.0449,0.0962,829,0.3944,0.2599,43.0,0.1781,0.0,348,-0.0387,0.061,12,-0.25,1.0,0.01,-0.0071,0.0039,196.0,-0.0485,0.0,0.1573,-0.0596,-0.0345,10.0,-0.1667,0.5385,143.0,-0.0077,0.0832,2230.0,-0.0551,-0.0045,338049.0,-0.0616,0.0401,836,0.3818,0.259,0.0121,-0.0081,0.0022,0.0
201709,53015,"cowlitz, wa",294950.0,-0.0027,0.1349,348,-0.0453,0.0514,46.0,0.1895,-0.1535,200,0.0101,0.1628,20,4.0,,0.034,0.0278,0.034,132.0,0.0313,0.3469,0.2222,0.0241,0.0322,111.0,5.9375,10.1,146.0,0.0404,0.1258,2096.0,-0.0188,0.0804,401323.0,-0.0069,0.4016,435,0.1402,0.2757,0.319,0.2751,0.2888,0.0
201709,53035,"kitsap, wa",389000.0,-0.0424,0.0631,662,-0.0265,-0.1709,45.0,0.3846,0.0227,592,0.2181,0.3274,44,-0.1538,10.0,0.0269,-0.0161,0.0237,280.0,0.0606,-0.1304,0.2422,0.0364,-0.0212,334.0,5.9583,,190.0,0.0145,0.0737,2088.0,-0.0209,0.0183,540730.0,-0.0268,0.0733,996,0.3681,0.2473,0.5045,0.4339,,0.0
201709,53019,"ferry, wa",199900.0,0.0,0.0549,80,0.0256,-0.2381,96.0,0.1395,-0.09,12,-0.1429,1.0,0,,,0.0,0.0,0.0,8.0,1.0,0.0,0.0792,0.0367,0.0055,12.0,1.6667,11.0,116.0,-0.1257,-0.0594,1956.0,0.0562,0.1319,285224.0,-0.0081,0.1517,92,0.1152,-0.1238,0.15,0.0923,0.1405,1.0
201709,53033,"king, wa",639925.0,0.0098,0.1588,2850,0.0419,-0.1431,29.0,0.3488,0.0741,3280,0.0912,0.1824,80,0.5385,1.0,0.0179,0.0088,0.0111,844.0,0.0,-0.2299,0.1493,0.0065,-0.0313,2453.0,11.3577,,318.0,0.0095,0.1477,2200.0,0.0072,0.0216,1036120.0,0.0047,0.1603,5336,0.8174,0.6043,0.8607,0.7881,,0.0
201709,53045,"mason, wa",269000.0,0.0151,0.1104,361,-0.0204,-0.1833,58.0,0.2473,-0.2318,168,-0.0455,0.2923,4,1.0,0.0,0.0075,0.0041,0.0006,96.0,-0.2381,-0.1579,0.1658,-0.0507,-0.03,107.0,2.4516,,161.0,0.0096,0.0667,1719.0,0.0214,0.0415,337850.0,0.0033,0.0677,462,0.1564,0.0452,0.2964,0.2123,,0.0
201709,53069,"wahkiakum, wa",312475.0,0.072,0.1916,36,0.0909,0.2203,90.0,0.0655,0.6273,12,2.0,0.0,0,,,0.0,0.0,0.0,4.0,-0.3333,0.0,0.0816,-0.0654,-0.0149,3.0,2.0,,168.0,0.1036,0.2731,1948.0,-0.012,-0.0922,354453.0,-0.0101,0.1593,40,0.1765,0.3559,0.0833,0.053,0.0833,0.0
201709,53067,"thurston, wa",323000.0,0.0144,0.0521,690,-0.0587,-0.2014,40.0,0.3333,-0.1304,512,-0.1018,0.1852,36,1.25,3.5,0.027,0.0158,0.0211,308.0,-0.0191,0.1159,0.1933,-0.0273,-0.0268,461.0,2.6157,,164.0,0.0214,0.0974,2071.0,0.0207,-0.0193,388112.0,0.0173,0.0665,1103,0.2788,0.2766,0.6681,0.4942,,0.0
201709,53061,"snohomish, wa",459900.0,0.0164,0.15,1286,0.017,-0.095,29.0,0.3488,-0.0492,1348,0.0322,0.3242,64,0.6842,1.6667,0.0297,0.0154,0.019,504.0,0.0862,-0.125,0.1673,-0.0075,-0.0558,1109.0,13.8859,1108.0,235.0,0.021,0.1393,2032.0,-0.0064,0.0137,544644.0,0.0168,0.1262,2395,0.7886,0.6842,0.8624,0.8034,0.8617,0.0
201709,53041,"lewis, wa",250000.0,0.0002,0.1779,334,0.0,0.0293,58.0,0.1897,-0.0794,140,-0.1139,0.1111,4,,,0.0078,0.0078,0.0078,108.0,0.3171,0.7419,0.1944,0.0423,0.0521,93.0,1.2683,92.0,143.0,0.0136,0.1366,1760.0,-0.0123,0.0113,309886.0,-0.01,0.1327,420,0.123,0.2903,0.2784,0.1557,0.2754,0.0
201709,53007,"chelan, wa",449250.0,0.0028,0.1669,348,-0.0252,-0.2267,65.0,0.0924,-0.172,132,-0.1429,0.0645,0,-1.0,,0.0,-0.0068,0.0,80.0,-0.0698,-0.1111,0.1774,0.0109,0.0202,13.0,0.5294,0.5294,215.0,0.0068,0.0862,1980.0,0.0,-0.0282,561774.0,0.0092,0.0641,359,-0.0178,-0.217,0.0374,0.0135,0.0185,0.0
201709,53049,"pacific, wa",249000.0,0.0403,0.1104,178,-0.0825,-0.1166,84.0,0.1438,-0.1164,60,-0.0909,0.7647,4,,,0.015,0.015,0.015,28.0,-0.44,-0.2222,0.0899,-0.109,-0.0597,23.0,45.0,22.0,157.0,-0.0034,0.0975,1669.0,-0.0033,0.1024,322889.0,0.0174,0.2437,201,0.0334,-0.0074,0.1292,0.1266,0.1243,1.0
201709,53009,"clallam, wa",311225.0,0.004,0.0391,501,-0.002,-0.0644,59.0,0.0541,-0.1397,172,0.3231,0.3871,4,0.0,-0.3333,0.0061,-0.0003,-0.0026,116.0,0.16,0.5263,0.2112,0.0524,0.095,10.0,1.8571,,174.0,-0.0022,0.0719,1837.0,-0.0038,-0.026,395169.0,0.0057,0.0298,510,0.0099,-0.0476,0.02,0.013,,0.0
201709,53017,"douglas, wa",340950.0,0.009,0.026,131,0.0738,0.0738,45.0,0.2329,-0.2742,80,0.25,0.6,0,,,0.0,0.0,0.0,28.0,0.1667,0.1667,0.1854,0.0591,0.0435,5.0,0.25,1.0,173.0,-0.0115,0.1135,2133.0,0.0059,-0.081,411832.0,0.0307,-0.0455,134,0.0635,0.072,0.0382,0.0054,0.0177,0.0
201709,53071,"walla walla, wa",283000.0,0.0319,0.111,190,0.0615,-0.1204,50.0,0.0582,-0.1525,96,0.0435,0.2308,0,,-1.0,0.0,0.0,-0.007,52.0,0.4444,-0.037,0.2072,0.0749,0.0227,3.0,2.0,2.0,144.0,-0.0131,0.0293,2118.0,0.0,0.0354,360808.0,-0.0106,0.0679,193,0.0752,-0.1106,0.0158,0.0102,0.0112,0.0
201709,53073,"whatcom, wa",409000.0,-0.0249,0.0569,817,-0.0297,-0.0326,53.0,0.2184,-0.094,440,-0.0871,0.1458,44,4.5,21.0,0.0333,0.0272,0.0316,300.0,0.0949,0.2605,0.214,0.0064,0.0224,228.0,8.913,,214.0,0.0036,0.1046,1929.0,-0.0098,-0.0005,532372.0,-0.0121,0.0353,1035,0.1924,0.2256,0.2791,0.2518,,0.0
201709,53031,"jefferson, wa",420000.0,-0.0394,-0.0304,249,-0.1399,-0.0139,72.0,0.195,-0.04,104,0.0196,0.5294,8,1.0,,0.02,0.0099,0.02,80.0,0.0811,1.0,0.175,-0.0096,0.048,63.0,2.9375,62.0,219.0,-0.0322,0.0909,1849.0,-0.0067,-0.0472,531147.0,0.0341,0.0552,304,-0.0033,0.1992,0.253,0.1977,0.2491,0.0
201709,53047,"okanogan, wa",292000.0,0.013,0.0373,270,-0.027,-0.129,88.0,0.2351,-0.1498,56,-0.2222,0.4,0,,,0.0,0.0,0.0,48.0,0.2632,0.8462,0.1311,0.0196,0.0601,31.0,1.8182,,185.0,0.0161,0.063,1512.0,-0.0294,-0.0957,373292.0,-0.0045,0.0384,292,0.0121,-0.0581,0.1148,0.0752,0.1148,0.0
201709,53075,"whitman, wa",249000.0,-0.001,0.2641,177,0.1274,0.0442,78.0,0.047,-0.1724,40,-0.1667,0.1765,0,,-1.0,0.0,0.0,-0.0089,40.0,-0.1304,0.0,0.1887,0.0073,0.0106,7.0,-0.4167,0.4,116.0,-0.0027,0.1292,2080.0,0.0002,0.0505,249943.0,-0.0199,0.1103,184,0.1051,0.0544,0.0395,-0.0369,0.01,0.0
201709,53029,"island, wa",434900.0,-0.018,0.0421,395,-0.0606,-0.171,58.0,0.1485,-0.072,248,0.1923,0.0973,4,,0.0,0.0075,0.0075,0.0013,140.0,-0.0278,0.0769,0.2071,-0.0057,0.0242,137.0,9.96,,215.0,0.0051,0.054,2043.0,-0.0016,0.0055,598281.0,-0.0026,-0.0163,532,0.2258,0.1165,0.3468,0.3171,,0.0
201709,53059,"skamania, wa",409000.0,0.1222,0.0408,45,0.1842,-0.0526,46.0,-0.1238,-0.2551,20,0.25,0.0,0,,,0.0,0.0,0.0,12.0,1.0,1.0,0.1846,0.0662,0.0965,1.0,0.0,-0.7778,211.0,-0.0067,0.2691,1906.0,0.0447,-0.2287,468153.0,-0.0299,-0.1536,46,0.1646,-0.1068,0.0222,-0.0041,-0.0725,0.0
201709,53063,"spokane, wa",275000.0,0.0,0.1055,1734,-0.0231,-0.0459,44.0,0.2055,-0.0638,936,-0.1153,0.1848,56,-0.2222,-0.1515,0.0129,-0.0029,-0.0026,660.0,-0.0407,0.0784,0.1524,0.0002,0.0084,1622.0,-0.0713,-0.0164,115.0,-0.0012,0.0903,2391.0,0.0065,0.0064,343148.0,0.0026,0.1125,3373,-0.0386,-0.025,0.9354,-0.0485,0.0281,0.0
201709,53003,"asotin, wa",239500.0,0.0021,0.1979,108,0.0,-0.1037,59.0,-0.0167,-0.0923,32,0.1429,0.1429,4,,1.0,0.0278,0.0278,0.0149,24.0,0.2,0.7143,0.1667,0.0203,0.0748,1.0,-0.5,,107.0,-0.0436,0.0093,2217.0,0.0045,0.0527,272216.0,0.0194,0.1393,108,0.0,-0.1037,0.0046,-0.0046,,0.0
201709,53001,"adams, wa",174000.0,0.1118,0.4656,42,0.377,0.5556,58.0,0.0175,-0.3974,12,2.0,2.0,0,,,0.0,0.0,0.0,4.0,-0.6,,0.0541,-0.1509,0.0541,22.0,1.0,21.0,94.0,0.2063,0.2989,2141.0,0.0062,0.4152,196864.0,0.0681,0.3473,60,0.4815,1.1053,0.5238,0.1632,0.4868,1.0
201709,53027,"grays harbor, wa",202250.0,0.0118,0.101,438,-0.0519,-0.1284,68.0,0.2143,-0.1169,144,-0.1818,-0.04,8,0.0,3.0,0.0121,-0.0008,0.009,120.0,0.1321,0.3043,0.1902,0.0174,0.0557,102.0,11.75,,140.0,0.0146,0.1046,1470.0,0.0114,-0.0565,237804.0,0.0269,0.0371,519,0.1078,0.0328,0.2329,0.2156,,0.0
201709,53021,"franklin, wa",265000.0,-0.062,0.0603,306,0.4854,0.4854,47.0,0.2368,0.1605,84,-0.4247,-0.1064,12,0.2,2.0,0.031,-0.0016,0.0172,64.0,0.1034,0.1429,0.1689,0.0115,-0.022,4.0,1.0,,136.0,-0.018,0.1011,2080.0,-0.0511,-0.0222,298616.0,-0.0658,0.0619,309,0.4714,0.5,0.0131,0.0034,0.0131,0.0
201709,53077,"yakima, wa",250000.0,0.0204,0.1111,434,0.0769,-0.0805,47.0,0.0444,-0.2101,204,-0.1774,0.0515,8,3.0,3.0,0.0088,0.0066,0.0066,108.0,-0.2286,0.1739,0.1122,-0.0415,0.0153,265.0,-0.013,-0.0669,132.0,0.0044,0.118,2000.0,0.0033,0.0003,306550.0,0.0352,0.1209,707,0.0459,-0.0636,0.6106,-0.0557,0.0089,0.0
201709,53051,"pend oreille, wa",309000.0,0.0317,0.2657,149,-0.054,-0.1312,79.0,0.249,-0.1505,16,-0.4667,-0.2,0,,,0.0,0.0,0.0,20.0,-0.5,-0.2857,0.1,-0.0781,-0.0203,37.0,-0.039,-0.2043,164.0,-0.0064,0.1738,1840.0,0.0155,0.0398,354307.0,0.0228,0.0088,184,-0.0491,-0.1382,0.2483,0.0039,-0.0228,0.0
201709,53023,"garfield, wa",145500.0,0.0071,0.2394,17,-0.0556,-0.1905,86.0,-0.1691,-0.0115,4,0.0,0.0,0,,,0.0,0.0,0.0,0.0,-1.0,-1.0,0.0,-0.1853,-0.069,,,,69.0,0.2645,0.1648,2101.0,0.0048,0.0197,163583.0,0.0465,0.0921,17,-0.0556,-0.1905,,,,0.0
201709,53053,"pierce, wa",364995.0,0.0007,0.1424,1994,-0.0119,-0.1581,38.0,0.2667,-0.05,1876,0.0745,0.2974,76,0.5833,1.2353,0.0214,0.009,0.0122,892.0,0.0905,-0.0842,0.2294,0.015,-0.0273,1195.0,9.6222,1194.0,179.0,-0.0038,0.1035,2176.0,0.0121,0.0233,470352.0,-0.0046,0.101,3189,0.4933,0.3459,0.5993,0.5435,0.5989,0.0
201709,53043,"lincoln, wa",189000.0,-0.0308,-0.0308,69,-0.0483,-0.1687,86.0,0.262,-0.0604,12,0.2,-0.3333,0,,,0.0,0.0,0.0,12.0,-0.4,0.0,0.1081,-0.0761,0.0112,30.0,0.0714,0.7647,82.0,-0.0399,-0.1218,2074.0,0.0331,0.037,244783.0,0.0253,-0.0381,99,-0.0149,-0.005,0.4348,0.0486,0.23,0.0
201709,53037,"kittitas, wa",439000.0,-0.0223,0.1285,216,0.0117,-0.1529,58.0,0.2211,-0.1594,92,-0.098,0.15,0,,-1.0,0.0,0.0,-0.0062,56.0,0.2174,0.8667,0.1366,-0.0073,0.0463,58.0,3.64,,215.0,0.0117,0.0806,2036.0,0.0119,0.0069,543260.0,0.0115,-0.1146,270,0.1921,0.0588,0.2685,0.21,,0.0
201708,53029,"island, wa",442875.0,-0.0048,0.0615,421,0.0012,-0.1582,51.0,0.1744,-0.0734,208,-0.1186,0.0505,0,-1.0,-1.0,0.0,-0.0057,-0.0056,144.0,0.0286,0.0141,0.2128,-0.0105,0.0017,13.0,-0.1071,,214.0,-0.002,0.0496,2046.0,-0.0057,0.0145,599835.0,-0.0257,-0.0111,434,0.0333,-0.1311,0.0297,-0.0036,,0.0
201708,53039,"klickitat, wa",407000.0,0.0201,0.1342,94,0.119,-0.1861,65.0,0.2452,-0.2765,36,-0.3077,1.25,2,,,0.014,0.014,0.014,16.0,0.0,0.1429,0.1184,0.0072,0.0151,2.0,-0.6,-0.4286,187.0,0.0561,0.0643,1990.0,0.051,-0.0729,547597.0,0.0397,0.1315,96,0.0787,-0.1933,0.0213,-0.0382,-0.009,1.0
201708,53051,"pend oreille, wa",299500.0,0.0,0.1803,158,0.0362,-0.1555,63.0,0.265,-0.2667,30,-0.25,0.0714,0,,,0.0,0.0,0.0,40.0,0.1111,0.1111,0.1781,0.0181,0.0416,39.0,0.1324,-0.1809,165.0,-0.0357,0.2061,1812.0,0.0203,-0.0575,346418.0,-0.0132,-0.0262,194,0.0459,-0.1457,0.2444,0.0208,-0.0076,0.0
201708,53065,"stevens, wa",267250.0,-0.0083,0.1151,375,0.0475,-0.0842,76.0,0.1515,-0.0225,86,-0.0227,0.1944,4,,-0.3333,0.0071,0.0071,-0.0038,78.0,-0.0714,0.3448,0.1375,-0.0144,0.0311,106.0,0.1854,0.6746,125.0,-0.0129,0.02,2155.0,-0.0071,0.0115,342526.0,-0.0383,0.0032,478,0.079,0.0192,0.2813,0.0327,0.1275,0.0
201708,53069,"wahkiakum, wa",291500.0,0.0383,0.0648,33,0.0,0.2,84.0,0.2263,0.5135,4,0.0,0.0,0,,,0.0,0.0,0.0,6.0,-0.25,0.5,0.147,-0.0481,0.02,1.0,0.0,,152.0,0.0181,0.068,1972.0,0.0138,-0.114,358069.0,0.0455,0.1083,34,0.0303,0.2364,0.0303,0.0,0.0303,0.0
201708,53021,"franklin, wa",282525.0,-0.0339,0.1303,206,0.1381,0.0404,38.0,0.1014,0.0483,146,0.2167,0.3519,10,1.5,0.25,0.0326,0.0186,0.0057,58.0,0.2083,0.2083,0.1574,0.0183,0.0058,2.0,0.0,1.0,138.0,-0.0167,0.1259,2192.0,0.0,0.0493,319640.0,-0.0131,0.1503,210,0.1602,0.0553,0.0097,-0.0013,0.0047,0.0
201708,53005,"benton, wa",329675.0,-0.0301,0.1373,595,0.1175,-0.0999,37.0,0.1774,-0.0641,362,-0.162,-0.0859,16,1.0,1.0,0.017,0.0077,0.0093,206.0,0.4714,0.1573,0.2169,0.0656,0.0494,12.0,2.0,1.4,144.0,0.0035,0.0936,2360.0,0.0025,0.0565,360240.0,-0.0099,0.1062,605,0.1308,-0.0916,0.0202,0.0127,0.0126,0.0
201708,53067,"thurston, wa",318418.0,-0.0203,0.029,733,0.0764,-0.1778,30.0,0.1538,-0.3182,570,-0.0924,0.0878,16,-0.2,1.6667,0.0111,-0.0046,0.0071,314.0,0.3305,-0.0309,0.2206,0.0468,0.0002,128.0,126.5,,161.0,-0.0151,0.0798,2029.0,-0.0174,-0.0497,381527.0,-0.0223,0.0432,863,0.2647,-0.0325,0.1739,0.1725,,0.0
201708,53007,"chelan, wa",448000.0,-0.025,0.1503,357,0.0439,-0.2239,60.0,0.0,-0.1218,154,-0.0128,-0.0723,4,,1.0,0.0068,0.0068,0.0036,86.0,0.075,-0.1569,0.1665,0.0081,0.0051,9.0,0.2143,0.1333,214.0,0.0071,0.0915,1980.0,-0.01,-0.049,556668.0,-0.0049,0.0622,366,0.0384,-0.2199,0.0238,0.0033,0.0075,0.0
201708,53061,"snohomish, wa",452475.0,-0.0216,0.1412,1265,0.12,-0.1167,22.0,0.2647,-0.1042,1306,0.0365,-0.034,38,0.3571,1.1111,0.0143,0.0047,0.0075,464.0,0.2473,-0.1077,0.1748,0.0216,-0.0144,75.0,0.0643,,230.0,0.0101,0.1146,2045.0,-0.0087,0.0294,535640.0,-0.0031,0.1212,1339,0.186,-0.0646,0.0589,-0.0031,,0.0
201708,53045,"mason, wa",265000.0,0.0196,0.115,369,0.0499,-0.2067,47.0,0.0814,-0.3187,176,-0.2143,0.2055,2,,-0.5,0.0033,0.0033,-0.003,126.0,0.4318,-0.1711,0.2165,0.0523,-0.0429,31.0,0.069,,159.0,-0.003,0.0561,1683.0,0.0532,0.0376,336743.0,0.0047,0.0962,400,0.1382,-0.1399,0.0841,0.0015,,0.0
201708,53019,"ferry, wa",199900.0,-0.1163,0.0,78,0.0263,-0.2607,84.0,0.2575,-0.0941,14,0.75,0.4,0,,,0.0,0.0,0.0,4.0,-0.6667,-0.5,0.0425,-0.0939,-0.0274,5.0,0.8,3.5,133.0,-0.0479,0.0677,1852.0,0.0277,0.104,287540.0,-0.0233,0.1604,83,0.0577,-0.2254,0.0577,0.0248,0.0482,0.0
201708,53003,"asotin, wa",239000.0,0.0,0.1956,108,-0.0182,-0.0609,60.0,0.0169,-0.0909,28,0.0,-0.0667,0,,-1.0,0.0,0.0,-0.0152,20.0,0.25,-0.0909,0.1463,0.0352,-0.0031,1.0,0.0,,112.0,0.0052,0.0897,2207.0,0.0124,0.0382,267045.0,0.013,0.1348,108,-0.0182,-0.0609,0.0093,0.0002,,0.0
201708,53073,"whatcom, wa",419450.0,-0.0107,0.0839,842,0.0921,-0.0624,44.0,0.0116,-0.1714,482,-0.0282,0.1157,8,1.0,-0.4286,0.0061,0.003,-0.0049,274.0,0.161,0.2685,0.2076,0.0253,0.0368,23.0,2.2857,,213.0,-0.0056,0.0914,1948.0,0.0093,0.0142,538866.0,0.0013,0.048,868,0.1244,-0.0334,0.0273,0.0182,,0.0
201708,53053,"pierce, wa",364750.0,-0.0142,0.1224,2018,0.0489,-0.1378,30.0,0.1538,-0.1781,1746,0.0034,0.0418,48,0.0,0.2,0.0124,-0.0001,0.0026,818.0,0.0995,-0.1335,0.2145,0.0084,-0.023,113.0,0.3554,111.5,180.0,-0.0043,0.1124,2150.0,-0.0099,0.0128,472538.0,-0.0132,0.104,2136,0.1099,-0.0876,0.0557,0.0126,0.0553,0.0
201708,53059,"skamania, wa",364475.0,-0.1631,-0.0606,38,0.1515,-0.2549,53.0,0.4583,-0.0094,16,-0.4286,-0.2727,0,,,0.0,0.0,0.0,6.0,0.5,-0.625,0.1184,0.0209,-0.091,1.0,,-0.7778,212.0,0.0294,0.3017,1824.0,-0.0975,-0.1881,482599.0,-0.107,-0.0934,40,0.197,-0.2818,0.0263,0.0263,-0.0619,0.0
201708,53047,"okanogan, wa",288250.0,0.0114,0.0692,278,0.024,-0.0961,71.0,0.168,-0.1763,72,0.125,0.5652,0,,,0.0,0.0,0.0,38.0,0.3571,0.1176,0.1116,0.0283,0.0345,11.0,0.1,10.0,182.0,0.0135,0.0886,1558.0,-0.0065,-0.0573,374969.0,-0.0008,0.1274,289,0.0607,-0.0633,0.0396,0.0027,0.0364,0.0
201708,53071,"walla walla, wa",274250.0,-0.0018,0.0662,179,-0.0324,-0.1882,47.0,0.2434,-0.1818,92,-0.2333,-0.098,0,,,0.0,0.0,0.0,36.0,-0.1818,-0.4375,0.1323,-0.0321,-0.0672,1.0,,0.0,145.0,0.0046,0.0652,2118.0,-0.0185,0.0244,364686.0,0.0184,0.0716,180,-0.0297,-0.1896,0.0056,,0.0011,0.0
201708,53035,"kitsap, wa",406225.0,0.0181,0.1009,680,0.0413,-0.1787,33.0,0.0484,-0.1275,486,-0.19,-0.1791,52,5.5,3.3333,0.043,0.0361,0.0348,264.0,0.2222,-0.1646,0.2058,0.0281,-0.0245,48.0,0.0213,,188.0,-0.0024,0.0647,2133.0,-0.0063,0.0162,555614.0,0.0018,0.1027,728,0.1149,-0.1208,0.0706,-0.0014,,0.0
201708,53009,"clallam, wa",309988.0,-0.0462,0.0335,502,0.0224,-0.1076,56.0,0.0882,-0.075,130,-0.1667,0.0656,4,,,0.0064,0.0064,0.0064,100.0,0.1364,0.4286,0.1588,0.0252,0.0563,4.0,-0.3,,174.0,-0.0104,0.0798,1844.0,-0.0051,-0.0243,392942.0,-0.0034,0.0349,505,0.0285,-0.1022,0.007,-0.0032,,0.0
201708,53027,"grays harbor, wa",199900.0,0.0,0.104,462,0.0719,-0.1217,56.0,0.037,-0.1704,176,-0.1538,0.375,8,1.0,,0.0129,0.007,0.0129,106.0,0.2045,-0.0536,0.1728,0.0278,-0.0015,8.0,0.6,,138.0,-0.0004,0.0917,1454.0,0.0021,-0.0511,231574.0,-0.005,0.035,469,0.087,-0.1093,0.0173,0.0057,,0.0
201708,53017,"douglas, wa",337900.0,0.0242,0.0643,122,0.2842,-0.0161,37.0,-0.0135,-0.3942,64,-0.2727,0.0,0,-1.0,-1.0,0.0,-0.0202,-0.0213,24.0,-0.1429,-0.2,0.1263,-0.0198,-0.0226,4.0,1.0,0.3333,175.0,0.0117,0.1012,2121.0,0.0477,-0.04,399557.0,-0.0174,-0.0656,126,0.299,-0.0195,0.0328,0.0117,0.0086,0.0
201708,53033,"king, wa",633700.0,-0.0597,0.1236,2736,0.0393,-0.1833,22.0,0.3438,-0.0652,3006,-0.1064,-0.0653,52,-0.0714,-0.037,0.0091,-0.0008,0.0007,844.0,0.2126,-0.1962,0.1428,0.0295,-0.0175,199.0,0.0339,,315.0,-0.0328,0.1265,2184.0,-0.0249,0.0003,1031238.0,-0.0388,0.1233,2936,0.1155,-0.1235,0.0726,-0.0004,,0.0
201708,53037,"kittitas, wa",449000.0,-0.0011,0.2038,214,0.0949,-0.1851,48.0,0.0,-0.1915,102,-0.1207,0.1087,0,,,0.0,0.0,0.0,46.0,0.15,-0.2581,0.144,0.0326,-0.0311,13.0,0.5625,11.5,212.0,-0.0387,0.1056,2012.0,-0.0113,-0.0175,537089.0,-0.0569,-0.0875,227,0.1615,-0.1371,0.0585,0.0175,0.0547,0.0
201708,53023,"garfield, wa",144475.0,0.0323,0.2306,18,0.0,-0.1,104.0,0.1965,0.1931,4,0.0,0.0,0,,,0.0,0.0,0.0,4.0,0.0,1.0,0.1853,0.0114,0.1053,,,,54.0,-0.0533,-0.0788,2091.0,-0.001,0.0617,156310.0,-0.0415,0.0128,18,0.0,-0.1,,,,0.0
201708,53015,"cowlitz, wa",295750.0,-0.0429,0.1269,365,0.3159,0.1198,38.0,0.0338,-0.2031,198,-0.1885,-0.0481,4,-0.5,,0.0062,-0.008,0.0062,128.0,0.7778,0.1034,0.1982,0.0503,-0.0135,16.0,0.6,1.1333,141.0,-0.0337,0.0885,2136.0,0.0134,0.0872,404094.0,-0.0528,0.3907,382,0.3293,0.1474,0.0439,0.0078,0.0209,0.0
201708,53025,"grant, wa",242086.0,0.0089,0.1023,331,-0.0134,-0.0945,68.0,0.1483,0.0074,118,-0.1571,0.0926,4,,,0.009,0.009,0.009,70.0,-0.2391,0.2069,0.1536,-0.035,0.0337,9.0,7.5,7.5,130.0,-0.0053,0.0413,1848.0,0.019,0.0387,293073.0,0.0199,0.1243,339,0.0089,-0.0738,0.0257,0.0227,0.023,0.0
201708,53055,"san juan, wa",744500.0,-0.0073,0.1217,271,0.0608,-0.1778,89.0,0.0926,-0.0684,56,-0.1765,0.0,0,,,0.0,0.0,0.0,40.0,0.25,-0.375,0.1166,0.0096,-0.0492,4.0,,,388.0,-0.0188,0.2229,2068.0,-0.0134,0.0039,1272093.0,-0.0593,0.1349,274,0.0745,-0.1672,0.0148,,,0.0
201708,53043,"lincoln, wa",195000.0,-0.1136,0.0401,73,0.0821,-0.2448,68.0,0.0112,-0.2301,10,-0.5,-0.2857,0,,,0.0,0.0,0.0,20.0,0.0,0.4286,0.1842,0.0103,0.0803,28.0,0.037,0.8667,85.0,0.0,-0.089,2008.0,0.0295,0.0113,238738.0,-0.0184,0.0419,101,0.0924,-0.0987,0.3862,-0.0168,0.23,0.0
201708,53013,"columbia, wa",159900.0,0.0,0.0667,36,-0.1341,-0.4132,96.0,0.4884,-0.0922,10,0.25,4.0,0,,,0.0,0.0,0.0,4.0,-0.5,-0.75,0.0882,-0.0751,-0.1488,,,,100.0,0.0184,0.1649,1769.0,0.0,-0.074,196231.0,0.0158,-0.1062,36,-0.1341,-0.4132,,,,1.0
201708,53049,"pacific, wa",239363.0,0.0643,0.0752,194,-0.0051,-0.0396,73.0,0.2167,-0.1257,66,0.1,0.7368,0,,,0.0,0.0,0.0,50.0,0.7857,0.4706,0.1989,0.0955,0.0555,1.0,,-0.8,157.0,0.0463,0.1039,1675.0,0.0612,0.158,317356.0,0.0482,0.2378,195,-0.0026,-0.0512,0.0026,0.0026,-0.0098,1.0
201708,53011,"clark, wa",434950.0,-0.0092,0.1463,1477,0.0836,-0.0925,37.0,0.0139,0.0,1004,-0.0346,-0.0474,96,0.7143,0.3714,0.039,0.017,0.0131,662.0,0.293,-0.006,0.2588,0.0505,0.0174,65.0,0.1607,-0.1275,184.0,-0.0051,0.086,2420.0,-0.0045,0.0545,521943.0,-0.0099,0.1169,1542,0.0874,-0.0948,0.044,0.0029,-0.0018,0.0
201708,53001,"adams, wa",156500.0,0.2631,0.3396,31,0.0517,-0.0615,57.0,-0.0656,-0.2297,4,-0.5,-0.5,0,,,0.0,0.0,0.0,10.0,1.5,0.25,0.205,0.1024,0.0199,11.0,4.5,4.5,78.0,0.0731,0.1034,2127.0,0.0497,0.3109,184306.0,0.0705,0.3213,41,0.3065,0.1739,0.3607,0.2917,0.2991,0.0
201708,53063,"spokane, wa",275000.0,-0.0418,0.1167,1775,0.0725,-0.0589,37.0,0.1061,-0.1512,1058,-0.0451,0.1352,72,-0.1429,-0.2,0.0158,-0.0027,-0.0037,688.0,0.1026,-0.0255,0.1522,0.0215,0.0022,1747.0,-0.0539,0.0009,115.0,-0.0173,0.1001,2376.0,-0.0098,0.0025,342245.0,-0.02,0.1144,3509,0.0053,-0.0327,0.9839,-0.1315,0.0587,0.0
201708,53041,"lewis, wa",249945.0,0.0002,0.2234,334,0.1133,0.0015,49.0,0.0833,-0.1909,158,-0.1596,0.1449,0,,,0.0,0.0,0.0,82.0,-0.0238,-0.0238,0.1522,-0.0285,-0.0326,41.0,40.0,40.0,141.0,-0.011,0.1392,1782.0,0.0022,0.0289,313020.0,0.0009,0.1683,374,0.2384,0.1181,0.1228,0.1194,0.1198,0.0
201708,53075,"whitman, wa",249250.0,0.0178,0.1333,157,-0.0188,-0.1397,75.0,0.2213,-0.0717,48,0.0909,0.0909,0,,-1.0,0.0,0.0,-0.0089,46.0,0.15,0.2778,0.1814,-0.0023,0.0306,12.0,-0.2,1.1818,117.0,-0.0213,0.0836,2080.0,0.031,0.0346,255018.0,0.0272,0.059,167,-0.0376,-0.1144,0.0764,-0.0173,0.0463,0.0
201708,53031,"jefferson, wa",437225.0,-0.0262,0.0026,290,0.0762,0.0822,60.0,0.057,-0.1331,102,-0.0556,0.275,4,,1.0,0.0101,0.0101,0.0048,74.0,0.3214,0.3704,0.1846,0.047,0.03,16.0,15.0,15.0,226.0,-0.0477,0.0987,1861.0,0.0133,-0.0382,513649.0,-0.0029,-0.0047,305,0.1296,0.1359,0.0553,0.0516,0.0515,0.0
201708,53077,"yakima, wa",245000.0,-0.0121,0.1012,403,0.044,-0.1656,45.0,0.0465,-0.2241,248,0.069,0.1171,2,-0.75,-0.5,0.0022,-0.0069,-0.0019,140.0,0.9444,0.25,0.1537,0.066,0.0416,269.0,0.0655,-0.0821,131.0,0.0319,0.1107,1994.0,0.013,0.008,296136.0,0.007,0.0992,676,0.0513,-0.1238,0.6663,0.0134,0.0607,0.0
201708,53057,"skagit, wa",419450.0,0.0306,0.1984,441,0.104,-0.1146,43.0,0.0897,-0.1457,258,-0.0515,-0.0719,4,,-0.3333,0.0057,0.0057,-0.0018,104.0,-0.1333,-0.2676,0.149,-0.0331,-0.0309,18.0,0.5909,,205.0,-0.0041,0.0949,2071.0,-0.0031,0.0564,581494.0,-0.0107,0.2205,461,0.1541,-0.0744,0.0397,0.0122,,0.0
201707,53015,"cowlitz, wa",309000.0,0.077,0.1981,277,0.1124,-0.1829,37.0,-0.0067,-0.075,244,0.2577,0.1509,8,1.0,1.0,0.0143,0.0056,0.0065,72.0,0.0,-0.3793,0.1479,-0.0095,-0.0686,10.0,-0.1304,0.25,146.0,0.04,0.136,2108.0,0.1171,0.0733,426641.0,0.047,0.4655,287,0.1017,-0.1729,0.0361,-0.0101,0.0125,0.0
201707,53053,"pierce, wa",370000.0,-0.023,0.1385,1924,0.1625,-0.129,26.0,0.1304,-0.1613,1740,-0.0333,0.0093,48,-0.1429,0.7143,0.0126,-0.0038,0.0055,744.0,0.2525,-0.1842,0.2061,0.0385,-0.0233,83.0,,,181.0,0.0071,0.1096,2172.0,-0.0123,0.0282,478857.0,-0.0064,0.1073,1924,0.1625,-0.129,0.0431,,,0.0
201707,53043,"lincoln, wa",220000.0,0.0732,0.2518,67,0.0806,-0.3495,67.0,0.2072,0.0229,20,0.1111,0.0,0,-1.0,,0.0,-0.0366,0.0,20.0,2.3333,0.25,0.1739,0.1141,0.0518,27.0,0.102,0.9286,85.0,0.07,-0.0669,1950.0,-0.0692,-0.0479,243204.0,0.0486,0.0596,92,0.076,-0.2137,0.403,0.0078,0.2671,0.0
201707,53035,"kitsap, wa",399000.0,-0.0025,0.0619,653,0.0635,-0.1152,31.0,0.069,-0.1389,600,0.1364,0.1194,8,3.0,1.0,0.007,0.0053,0.0037,216.0,0.0385,-0.2174,0.1778,-0.0043,-0.0359,47.0,,,188.0,-0.0009,0.0598,2146.0,-0.0295,-0.0042,554593.0,-0.0284,0.0733,653,0.0635,-0.1152,0.072,,,0.0
201707,53005,"benton, wa",339900.0,-0.0216,0.1905,532,0.1429,-0.1474,31.0,-0.0462,-0.2619,432,0.2486,0.35,8,-0.3333,-0.3333,0.0094,-0.0054,-0.003,140.0,0.25,-0.2553,0.1514,0.0119,-0.0493,4.0,3.0,1.0,144.0,0.0012,0.1167,2354.0,-0.007,0.0585,363846.0,-0.0172,0.1355,535,0.1468,-0.1454,0.0075,0.0054,0.0043,0.0
201707,53057,"skagit, wa",407000.0,-0.0424,0.1629,399,0.1287,-0.1773,39.0,0.04,-0.2353,272,0.0625,-0.0286,0,-1.0,-1.0,0.0,-0.0032,-0.0054,120.0,0.5,-0.0625,0.1821,0.0566,0.0114,11.0,,,206.0,-0.0023,0.1009,2077.0,-0.0046,0.0549,587798.0,-0.0201,0.2463,399,0.1287,-0.1773,0.0276,,,0.0
201707,53055,"san juan, wa",750000.0,-0.0276,0.0791,255,0.0408,-0.2319,81.0,0.251,0.0,68,0.7,0.2143,0,,,0.0,0.0,0.0,32.0,0.7778,-0.3333,0.107,0.043,-0.0084,,,,395.0,-0.0474,0.1667,2096.0,-0.0076,0.0217,1352256.0,-0.0308,0.2569,255,0.0408,-0.2319,,,,0.0
201707,53051,"pend oreille, wa",299500.0,-0.0028,0.1794,152,0.216,-0.1784,50.0,0.2658,-0.3056,40,-0.2593,0.25,0,,,0.0,0.0,0.0,36.0,1.5714,-0.1,0.16,0.0945,-0.0046,34.0,0.0968,0.0,171.0,0.0098,0.2679,1776.0,0.0375,-0.1012,351051.0,0.0084,-0.0256,185,0.1974,-0.1232,0.2237,-0.0243,0.0399,0.0
201707,53045,"mason, wa",259900.0,0.0398,0.0966,351,0.0701,-0.2532,43.0,0.1467,-0.2321,224,0.1429,0.0769,0,,,0.0,0.0,0.0,88.0,0.1,-0.12,0.1642,0.0077,0.0124,29.0,,,160.0,-0.0029,0.0747,1598.0,0.0482,-0.0127,335173.0,0.0245,0.1554,351,0.0701,-0.2532,0.0826,,,0.0
201707,53031,"jefferson, wa",449000.0,-0.0006,0.0045,269,0.2117,0.0189,57.0,0.0654,0.0,108,-0.069,0.2273,0,-1.0,,0.0,-0.0167,0.0,56.0,0.75,0.1667,0.1376,0.0403,-0.0048,1.0,,0.0,238.0,-0.0095,0.136,1837.0,0.0307,-0.0678,515159.0,0.0088,-0.0147,270,0.2162,0.0189,0.0037,,-0.0001,0.0
201707,53061,"snohomish, wa",462450.0,-0.0143,0.1563,1129,0.0773,-0.1054,17.0,0.1333,-0.2609,1260,-0.0948,0.0096,28,0.2727,0.0,0.0096,0.0006,-0.0017,372.0,0.0054,-0.1913,0.1532,0.0031,-0.0141,70.0,,,228.0,-0.0052,0.0991,2063.0,-0.0039,0.0305,537292.0,-0.0021,0.1013,1129,0.0773,-0.1054,0.062,,0.062,0.0
201707,53067,"thurston, wa",325000.0,-0.039,0.0317,681,0.1146,-0.1979,26.0,0.0505,-0.2778,628,0.0467,0.1295,20,0.4286,0.0,0.0157,0.005,0.0015,236.0,0.1132,-0.2133,0.1738,0.002,-0.0453,1.0,0.0,0.0,163.0,-0.0002,0.0887,2065.0,-0.0271,-0.0335,390212.0,-0.0174,0.0574,682,0.1144,-0.1976,0.0015,-0.0002,0.0003,0.0
201707,53033,"king, wa",673940.0,-0.0073,0.1721,2632,0.1054,-0.1856,16.0,0.5238,-0.2727,3364,-0.0645,-0.0129,56,0.037,0.0769,0.0099,0.0009,0.002,696.0,0.2125,-0.2984,0.1133,0.0165,-0.0367,192.0,,,325.0,0.0047,0.1678,2240.0,0.0113,0.0182,1072863.0,0.003,0.1838,2632,0.1054,-0.1856,0.0729,,,0.0
201707,53077,"yakima, wa",248000.0,0.0073,0.1146,386,0.1254,-0.2138,43.0,0.1026,-0.1887,232,0.1048,0.0,8,3.0,1.0,0.0091,0.0066,0.0049,72.0,-0.122,-0.4194,0.0877,-0.0164,-0.0374,252.0,-0.0418,-0.0597,127.0,0.0293,0.0764,1968.0,0.005,0.0123,294092.0,-0.0007,0.119,643,0.0655,-0.1427,0.6528,-0.1139,0.107,0.0
201707,53003,"asotin, wa",239000.0,-0.0067,0.0869,110,0.0046,-0.0833,59.0,-0.0084,0.0261,28,-0.125,0.4,0,,,0.0,0.0,0.0,16.0,-0.1111,-0.5,0.1111,-0.0136,-0.1175,1.0,-0.3333,,111.0,-0.0052,0.0605,2180.0,0.0007,-0.0064,263623.0,-0.01,0.0883,110,0.0046,-0.0833,0.0091,-0.0046,,0.0
201707,53063,"spokane, wa",287000.0,-0.0102,0.1259,1655,0.1367,-0.0806,33.0,0.1,-0.1852,1108,-0.1234,0.108,84,-0.1064,0.5,0.0185,-0.0013,0.0064,624.0,0.1471,0.1304,0.1307,0.0141,0.01,1846.0,-0.0504,0.0483,118.0,0.0024,0.1032,2399.0,-0.0086,-0.0037,349227.0,-0.0141,0.1061,3490,0.0256,-0.0251,1.1154,-0.2198,0.1371,0.0
201707,53025,"grant, wa",239949.0,-0.0166,0.0797,335,0.1111,-0.0746,59.0,0.0926,-0.1061,140,0.0769,0.4,0,,,0.0,0.0,0.0,92.0,0.7692,0.3529,0.1885,0.072,0.0394,1.0,0.0,,131.0,0.0046,0.0465,1813.0,-0.0085,0.0301,287362.0,-0.0182,0.0882,336,0.1107,-0.0718,0.003,-0.0003,,0.0
201707,53027,"grays harbor, wa",199900.0,0.0213,0.1183,431,0.0721,-0.1743,54.0,0.0385,-0.1563,208,0.1183,0.0196,4,,-0.5,0.0059,0.0059,-0.0044,88.0,-0.0638,-0.1538,0.145,-0.0149,0.0079,5.0,,,138.0,-0.0011,0.0983,1451.0,-0.0174,-0.0581,232727.0,0.0088,0.0518,431,0.0721,-0.1743,0.0116,,,0.0
201707,53029,"island, wa",445000.0,0.0386,0.0373,420,0.117,-0.1102,43.0,0.2464,-0.14,236,0.0261,0.0,4,,0.0,0.0057,0.0057,-0.0001,140.0,0.1111,-0.0789,0.2233,0.0151,0.0086,14.0,,,215.0,0.0017,0.0531,2058.0,-0.0121,0.0027,615653.0,-0.0223,0.006,420,0.117,-0.1102,0.0333,,,0.0
201707,53059,"skamania, wa",435500.0,-0.0857,-0.0321,33,0.2453,-0.2143,36.0,-0.1529,-0.1724,28,1.3333,0.4,0,,,0.0,0.0,0.0,4.0,0.0,-0.5,0.0976,0.0004,-0.038,0.0,-1.0,-1.0,206.0,0.0164,0.2491,2021.0,-0.044,-0.1844,540439.0,-0.1546,-0.0849,33,0.1579,-0.2326,0.0,-0.0755,-0.0476,0.0
201707,53037,"kittitas, wa",449475.0,0.0405,0.252,195,0.1143,-0.2697,48.0,0.25,-0.1204,116,0.1154,0.0741,0,,-1.0,0.0,0.0,-0.0093,40.0,0.3333,0.0,0.1114,0.0027,0.0153,8.0,7.0,7.0,221.0,0.062,0.1173,2035.0,0.0016,0.0165,569474.0,0.0113,0.0319,195,0.1111,-0.2724,0.041,0.0353,0.0373,0.0
201707,53047,"okanogan, wa",285000.0,-0.0339,0.0962,271,0.0545,-0.0997,61.0,0.3261,-0.1029,64,-0.1111,0.1429,0,,,0.0,0.0,0.0,28.0,0.0,-0.2222,0.0833,-0.0026,-0.0198,10.0,,,180.0,-0.0108,0.1577,1568.0,-0.0273,-0.0433,375267.0,-0.0401,0.1724,272,0.0584,-0.0963,0.0369,,,0.0
201707,53075,"whitman, wa",244900.0,-0.0184,0.1978,160,0.0526,-0.1753,61.0,0.2513,-0.1029,44,-0.3889,-0.1538,0,,,0.0,0.0,0.0,40.0,-0.1667,-0.2308,0.1837,-0.0128,-0.0187,15.0,-0.1176,2.75,119.0,-0.0299,0.1199,2017.0,0.0059,-0.0054,248266.0,-0.0086,0.0601,173,0.0206,-0.1263,0.0938,-0.0181,0.0731,0.0
201707,53017,"douglas, wa",329900.0,0.0235,0.0676,95,0.0497,-0.2213,37.0,0.1298,-0.4219,88,0.3333,0.1579,4,,,0.0202,0.0202,0.0202,28.0,0.1667,0.1667,0.1461,-0.0116,0.0128,2.0,0.3333,-0.5,173.0,0.0568,0.1147,2024.0,-0.0435,-0.063,406619.0,-0.035,-0.0513,97,0.0543,-0.2302,0.0211,0.0045,-0.0117,0.0
201707,53049,"pacific, wa",224900.0,0.0085,0.046,195,0.1143,-0.0488,60.0,-0.0625,-0.1724,60,0.2,-0.1667,0,,,0.0,0.0,0.0,28.0,0.2727,0.0,0.1033,0.0105,0.003,0.0,-1.0,-1.0,151.0,0.0366,0.0625,1578.0,0.0289,0.0868,302767.0,0.0424,0.1954,195,0.108,-0.058,0.0,-0.0057,-0.0098,0.0
201707,53071,"walla walla, wa",274750.0,-0.0639,0.0407,185,0.1635,-0.2194,38.0,-0.0256,-0.2692,120,0.4286,0.2,0,,,0.0,0.0,0.0,44.0,0.4667,-0.1538,0.1644,0.0459,-0.0034,,,,145.0,0.0127,0.0915,2158.0,-0.026,0.0375,358101.0,-0.0057,0.0874,185,0.1635,-0.2194,,,,0.0
201707,53069,"wahkiakum, wa",280750.0,0.0211,0.0802,33,-0.1081,0.2222,69.0,0.37,0.0873,4,-0.6,-0.5,0,,,0.0,0.0,0.0,8.0,0.3333,,0.1951,0.0594,0.1951,1.0,,,150.0,0.0744,0.1361,1945.0,0.0067,0.0046,342501.0,0.0607,0.0775,33,-0.1081,0.2222,0.0303,0.0303,0.0303,0.0
201707,53039,"klickitat, wa",399000.0,0.014,0.1532,84,0.0307,-0.2941,52.0,0.4964,-0.302,52,0.3684,1.1667,0,,,0.0,0.0,0.0,16.0,0.3333,0.0,0.1111,0.0127,0.003,5.0,0.25,0.6667,177.0,-0.0419,0.0084,1893.0,-0.0176,-0.0084,526685.0,0.0703,0.0738,89,0.0409,-0.2705,0.0595,0.0104,0.0343,1.0
201707,53023,"garfield, wa",139950.0,0.0367,0.1196,18,0.0,0.0,87.0,0.4298,0.1382,4,0.0,0.0,0,,,0.0,0.0,0.0,4.0,1.0,0.0,0.1739,0.0628,0.0258,,,,57.0,0.0,-0.1089,2093.0,-0.0233,-0.079,163083.0,0.0563,-0.0118,18,0.0,0.0,,,,0.0
201707,53007,"chelan, wa",459500.0,0.0005,0.1662,342,0.0074,-0.286,60.0,0.4875,0.0439,156,0.013,0.0541,0,-1.0,-1.0,0.0,-0.0041,-0.006,80.0,0.0811,-0.1304,0.1584,0.0198,0.0201,7.0,-0.1765,-0.125,212.0,-0.0044,0.098,2000.0,0.0091,-0.0435,559408.0,0.0067,0.0693,352,0.0086,-0.2787,0.0205,-0.0046,0.0038,0.0
201707,53013,"columbia, wa",159900.0,0.0159,0.0667,41,-0.0575,-0.3387,65.0,-0.1134,-0.3211,8,0.3333,0.0,0,,,0.0,0.0,0.0,8.0,1.0,1.0,0.1633,0.0731,0.112,,,,98.0,-0.0037,0.1476,1769.0,-0.015,-0.0175,193171.0,-0.0138,-0.0961,41,-0.0575,-0.3387,,,,0.0
201707,53021,"franklin, wa",292450.0,-0.0704,0.1438,181,0.2189,-0.0321,35.0,-0.0282,-0.1585,120,0.2766,0.0345,4,0.0,-0.6667,0.014,-0.0035,-0.0226,48.0,0.6,0.2,0.1391,0.0337,0.0172,2.0,,1.0,141.0,-0.0113,0.1129,2192.0,-0.0086,0.0214,323871.0,-0.054,0.1361,181,0.2189,-0.0372,0.011,,0.0057,0.0
201707,53065,"stevens, wa",269500.0,0.0242,0.1407,358,0.0639,-0.1415,66.0,0.2279,-0.0959,88,-0.2281,0.0,0,-1.0,,0.0,-0.0074,0.0,84.0,0.1053,0.2353,0.1519,0.0096,0.0315,89.0,0.1867,0.4127,127.0,0.0014,0.0427,2171.0,-0.0168,0.0572,356169.0,-0.01,0.0699,443,0.0845,-0.0732,0.2486,0.0257,0.0975,0.0
201707,53009,"clallam, wa",325000.0,-0.0061,0.0484,491,0.0403,-0.0788,51.0,0.0,-0.1207,156,0.0986,0.0,0,-1.0,,0.0,-0.003,0.0,88.0,0.4194,-0.0435,0.1335,0.0318,0.0068,5.0,,,176.0,-0.0266,0.0809,1854.0,0.0052,-0.0326,394277.0,-0.0175,0.0289,491,0.0403,-0.0788,0.0102,,,0.0
201707,53019,"ferry, wa",226200.0,0.104,0.1968,76,0.0,-0.2963,67.0,0.2294,-0.1728,8,-0.5,-0.5,0,-1.0,,0.0,-0.0213,0.0,12.0,1.0,-0.25,0.1364,0.0727,0.0084,3.0,0.25,4.0,139.0,-0.0077,0.0968,1802.0,0.0398,0.0778,294397.0,0.0223,0.2056,78,0.0065,-0.2778,0.0329,0.0066,0.0283,0.0
201707,53001,"adams, wa",123900.0,0.1472,0.0709,29,-0.0645,-0.0938,61.0,0.1402,-0.0469,8,0.0,-0.3333,0,,,0.0,0.0,0.0,4.0,-0.5,0.0,0.1026,-0.0995,0.0226,2.0,1.0,0.0,73.0,0.0332,-0.1078,2027.0,0.1138,0.285,172173.0,0.0415,0.262,31,-0.0159,-0.0882,0.069,0.0367,0.0065,0.0
201707,53011,"clark, wa",439000.0,-0.0079,0.1186,1363,0.1168,-0.0374,36.0,0.0909,-0.0769,1040,-0.0189,-0.0545,56,0.0,-0.3,0.022,-0.0018,-0.007,512.0,0.0711,0.0323,0.2083,0.0038,0.022,56.0,-0.0345,-0.2821,185.0,-0.0023,0.0898,2431.0,-0.003,0.0216,527169.0,-0.0143,0.0867,1418,0.1048,-0.0515,0.0411,-0.0064,-0.014,0.0
201707,53041,"lewis, wa",249900.0,-0.0102,0.219,300,0.1257,-0.0881,45.0,0.2,-0.2174,188,0.1605,0.3056,0,-1.0,,0.0,-0.004,0.0,84.0,0.3548,0.2353,0.1806,0.0455,0.0295,1.0,,0.0,143.0,-0.0094,0.159,1778.0,-0.0022,0.0434,312749.0,-0.0046,0.1832,302,0.1332,-0.0848,0.0033,0.0033,0.0003,0.0
201707,53073,"whatcom, wa",424000.0,0.0627,0.1247,771,0.0898,-0.1405,43.0,0.1944,-0.1569,496,0.083,0.0973,4,-0.6,0.0,0.0031,-0.0053,0.0001,236.0,0.2688,0.0,0.1823,0.0323,0.0092,7.0,,,214.0,0.0121,0.101,1930.0,-0.0054,0.0026,538171.0,0.0173,0.0525,772,0.0912,-0.1394,0.0091,,,0.0
201706,53019,"ferry, wa",204900.0,,,76,,,55.0,,,16,,,2,,,0.0213,,,6.0,,,0.0636,,,2.0,,,140.0,,,1733.0,,,287986.0,,,78,,,0.0263,,,
201706,53009,"clallam, wa",327000.0,,,472,,,51.0,,,142,,,2,,,0.003,,,62.0,,,0.1017,,,,,,181.0,,,1844.0,,,401294.0,,,472,,,,,,
201706,53007,"chelan, wa",459250.0,,,340,,,40.0,,,154,,,2,,,0.0041,,,74.0,,,0.1386,,,9.0,,,213.0,,,1982.0,,,555675.0,,,349,,,0.025,,,
201706,53027,"grays harbor, wa",195725.0,,,402,,,52.0,,,186,,,0,,,0.0,,,94.0,,,0.1599,,,,,,138.0,,,1476.0,,,230689.0,,,402,,,,,,
201706,53037,"kittitas, wa",432000.0,,,175,,,38.0,,,104,,,0,,,0.0,,,30.0,,,0.1088,,,1.0,,,208.0,,,2032.0,,,563116.0,,,176,,,0.0057,,,
201706,53063,"spokane, wa",289950.0,,,1456,,,30.0,,,1264,,,94,,,0.0199,,,544.0,,,0.1166,,,1944.0,,,117.0,,,2420.0,,,354230.0,,,3403,,,1.3352,,,
201706,53051,"pend oreille, wa",300350.0,,,125,,,40.0,,,54,,,0,,,0.0,,,14.0,,,0.0655,,,31.0,,,170.0,,,1712.0,,,348135.0,,,155,,,0.248,,,
201706,53017,"douglas, wa",322325.0,,,91,,,33.0,,,66,,,0,,,0.0,,,24.0,,,0.1577,,,2.0,,,164.0,,,2116.0,,,421373.0,,,92,,,0.0166,,,
201706,53035,"kitsap, wa",399999.0,,,614,,,29.0,,,528,,,2,,,0.0017,,,208.0,,,0.1821,,,,,,188.0,,,2211.0,,,570790.0,,,614,,,,,,
201706,53003,"asotin, wa",240600.0,,,110,,,60.0,,,32,,,0,,,0.0,,,18.0,,,0.1247,,,2.0,,,112.0,,,2179.0,,,266274.0,,,110,,,0.0137,,,
201706,53023,"garfield, wa",135000.0,,,18,,,61.0,,,4,,,0,,,0.0,,,2.0,,,0.1111,,,,,,57.0,,,2143.0,,,154390.0,,,18,,,,,,
201706,53031,"jefferson, wa",449250.0,,,222,,,54.0,,,116,,,6,,,0.0167,,,32.0,,,0.0973,,,,,,240.0,,,1782.0,,,510645.0,,,222,,,,,,
201706,53029,"island, wa",428475.0,,,376,,,35.0,,,230,,,0,,,0.0,,,126.0,,,0.2081,,,,,,214.0,,,2083.0,,,629675.0,,,376,,,,,,
201706,53001,"adams, wa",108000.0,,,31,,,54.0,,,8,,,0,,,0.0,,,8.0,,,0.202,,,1.0,,,70.0,,,1820.0,,,165318.0,,,32,,,0.0323,,,
201706,53011,"clark, wa",442500.0,,,1221,,,33.0,,,1060,,,56,,,0.0238,,,478.0,,,0.2044,,,58.0,,,186.0,,,2438.0,,,534832.0,,,1284,,,0.0475,,,
201706,53065,"stevens, wa",263125.0,,,337,,,54.0,,,114,,,4,,,0.0074,,,76.0,,,0.1423,,,75.0,,,127.0,,,2208.0,,,359765.0,,,409,,,0.2229,,,
201706,53055,"san juan, wa",771250.0,,,245,,,65.0,,,40,,,0,,,0.0,,,18.0,,,0.064,,,,,,415.0,,,2112.0,,,1395179.0,,,245,,,,,,
201706,53075,"whitman, wa",249500.0,,,152,,,49.0,,,72,,,0,,,0.0,,,48.0,,,0.1965,,,17.0,,,123.0,,,2005.0,,,250420.0,,,170,,,0.1118,,,
201706,53005,"benton, wa",347400.0,,,466,,,33.0,,,346,,,12,,,0.0147,,,112.0,,,0.1394,,,1.0,,,144.0,,,2370.0,,,370206.0,,,467,,,0.0021,,,
201706,53077,"yakima, wa",246200.0,,,343,,,39.0,,,210,,,2,,,0.0025,,,82.0,,,0.1041,,,263.0,,,123.0,,,1958.0,,,294309.0,,,604,,,0.7668,,,
201706,53069,"wahkiakum, wa",274950.0,,,37,,,50.0,,,10,,,0,,,0.0,,,6.0,,,0.1357,,,0.0,,,139.0,,,1932.0,,,322913.0,,,37,,,0.0,,,
201706,53053,"pierce, wa",378700.0,,,1655,,,23.0,,,1800,,,56,,,0.0163,,,594.0,,,0.1676,,,,,,180.0,,,2199.0,,,481920.0,,,1655,,,,,,
201706,53045,"mason, wa",249950.0,,,328,,,38.0,,,196,,,0,,,0.0,,,80.0,,,0.1565,,,,,,160.0,,,1524.0,,,327173.0,,,328,,,,,,
201706,53061,"snohomish, wa",469163.0,,,1048,,,15.0,,,1392,,,22,,,0.009,,,370.0,,,0.1501,,,,,,229.0,,,2071.0,,,538397.0,,,1048,,,,,,
201706,53033,"king, wa",678917.0,,,2381,,,11.0,,,3596,,,54,,,0.009,,,574.0,,,0.0968,,,,,,324.0,,,2215.0,,,1069637.0,,,2381,,,,,,
201706,53021,"franklin, wa",314605.0,,,149,,,36.0,,,94,,,4,,,0.0175,,,30.0,,,0.1054,,,,,,142.0,,,2211.0,,,342377.0,,,149,,,,,,
201706,53047,"okanogan, wa",295000.0,,,257,,,46.0,,,72,,,0,,,0.0,,,28.0,,,0.0859,,,,,,182.0,,,1612.0,,,390932.0,,,257,,,,,,
201706,53041,"lewis, wa",252475.0,,,267,,,38.0,,,162,,,2,,,0.004,,,62.0,,,0.1351,,,0.0,,,144.0,,,1782.0,,,314199.0,,,267,,,0.0,,,
201706,53025,"grant, wa",244000.0,,,302,,,54.0,,,130,,,0,,,0.0,,,52.0,,,0.1165,,,1.0,,,130.0,,,1829.0,,,292678.0,,,303,,,0.0033,,,
201706,53059,"skamania, wa",476300.0,,,27,,,43.0,,,12,,,0,,,0.0,,,4.0,,,0.0971,,,2.0,,,203.0,,,2114.0,,,639260.0,,,29,,,0.0755,,,
201706,53067,"thurston, wa",338196.0,,,611,,,25.0,,,600,,,14,,,0.0107,,,212.0,,,0.1717,,,1.0,,,163.0,,,2122.0,,,397120.0,,,612,,,0.0016,,,
201706,53039,"klickitat, wa",393475.0,,,82,,,35.0,,,38,,,0,,,0.0,,,12.0,,,0.0984,,,4.0,,,185.0,,,1927.0,,,492103.0,,,86,,,0.0491,,,
201706,53015,"cowlitz, wa",286900.0,,,249,,,37.0,,,194,,,4,,,0.0087,,,72.0,,,0.1574,,,12.0,,,140.0,,,1887.0,,,407487.0,,,261,,,0.0462,,,
201706,53013,"columbia, wa",157400.0,,,44,,,73.0,,,6,,,0,,,0.0,,,4.0,,,0.0902,,,,,,99.0,,,1796.0,,,195867.0,,,44,,,,,,
201706,53057,"skagit, wa",425000.0,,,354,,,38.0,,,256,,,2,,,0.0032,,,80.0,,,0.1255,,,,,,206.0,,,2087.0,,,599855.0,,,354,,,,,,
201706,53073,"whatcom, wa",399000.0,,,708,,,36.0,,,458,,,10,,,0.0084,,,186.0,,,0.15,,,,,,212.0,,,1941.0,,,528997.0,,,708,,,,,,
201706,53071,"walla walla, wa",293500.0,,,159,,,39.0,,,84,,,0,,,0.0,,,30.0,,,0.1184,,,,,,143.0,,,2216.0,,,360163.0,,,159,,,,,,
201706,53043,"lincoln, wa",205000.0,,,62,,,56.0,,,18,,,4,,,0.0366,,,6.0,,,0.0598,,,25.0,,,80.0,,,2095.0,,,231929.0,,,86,,,0.3952,,,
201706,53049,"pacific, wa",223000.0,,,175,,,64.0,,,50,,,0,,,0.0,,,22.0,,,0.0928,,,1.0,,,145.0,,,1534.0,,,290463.0,,,176,,,0.0057,,,
201705,53053,"pierce, wa",371850.0,,,1429,,,18.0,,,1858,,,46,,,0.0142,,,440.0,,,0.133,,,,,,177.0,,,2182.0,,,477695.0,,,1429,,,,,,
201705,53043,"lincoln, wa",164900.0,,,54,,,54.0,,,22,,,0,,,0.0,,,8.0,,,0.0852,,,26.0,,,80.0,,,2000.0,,,211461.0,,,80,,,0.4722,,,
201705,53011,"clark, wa",437450.0,,,1116,,,32.0,,,1084,,,74,,,0.0336,,,328.0,,,0.1391,,,75.0,,,187.0,,,2421.0,,,539901.0,,,1191,,,0.0668,,,
201705,53037,"kittitas, wa",400500.0,,,173,,,28.0,,,146,,,2,,,0.0068,,,28.0,,,0.0841,,,,,,201.0,,,2002.0,,,541146.0,,,173,,,,,,
201705,53065,"stevens, wa",247000.0,,,309,,,51.0,,,114,,,4,,,0.0082,,,46.0,,,0.094,,,59.0,,,130.0,,,2094.0,,,348501.0,,,365,,,0.1896,,,
201705,53069,"wahkiakum, wa",268000.0,,,31,,,54.0,,,12,,,0,,,0.0,,,2.0,,,0.0465,,,0.0,,,139.0,,,1866.0,,,323849.0,,,31,,,0.0,,,
201705,53057,"skagit, wa",385000.0,,,324,,,36.0,,,262,,,8,,,0.0137,,,68.0,,,0.114,,,,,,202.0,,,1988.0,,,550781.0,,,324,,,,,,
201705,53013,"columbia, wa",154900.0,,,42,,,99.0,,,10,,,0,,,0.0,,,4.0,,,0.0805,,,,,,91.0,,,1796.0,,,191933.0,,,42,,,,,,
201705,53029,"island, wa",432000.0,,,319,,,29.0,,,254,,,2,,,0.0035,,,84.0,,,0.1432,,,,,,217.0,,,2071.0,,,661774.0,,,319,,,,,,
201705,53049,"pacific, wa",222925.0,,,151,,,61.0,,,68,,,0,,,0.0,,,16.0,,,0.0706,,,0.0,,,144.0,,,1522.0,,,285310.0,,,151,,,0.0,,,
201705,53059,"skamania, wa",490000.0,,,30,,,60.0,,,16,,,0,,,0.0,,,6.0,,,0.1442,,,2.0,,,206.0,,,2422.0,,,636356.0,,,32,,,0.05,,,
201705,53019,"ferry, wa",179900.0,,,71,,,78.0,,,22,,,0,,,0.0,,,0.0,,,0.0,,,3.0,,,133.0,,,1670.0,,,275528.0,,,74,,,0.0352,,,
201705,53055,"san juan, wa",745000.0,,,238,,,57.0,,,60,,,0,,,0.0,,,14.0,,,0.0473,,,,,,396.0,,,2071.0,,,1357831.0,,,238,,,,,,
201705,53047,"okanogan, wa",295000.0,,,233,,,52.0,,,92,,,0,,,0.0,,,20.0,,,0.0587,,,1.0,,,181.0,,,1615.0,,,392736.0,,,233,,,0.0043,,,
201705,53075,"whitman, wa",235000.0,,,147,,,49.0,,,74,,,0,,,0.0,,,28.0,,,0.1089,,,17.0,,,123.0,,,1973.0,,,244964.0,,,163,,,0.1122,,,
201705,53017,"douglas, wa",309975.0,,,90,,,35.0,,,82,,,0,,,0.0,,,12.0,,,0.0686,,,1.0,,,173.0,,,2034.0,,,412552.0,,,91,,,0.0112,,,
201705,53023,"garfield, wa",138750.0,,,16,,,79.0,,,4,,,0,,,0.0,,,0.0,,,0.0,,,1.0,,,61.0,,,2058.0,,,147366.0,,,17,,,0.0625,,,
201705,53009,"clallam, wa",329600.0,,,441,,,45.0,,,136,,,0,,,0.0,,,70.0,,,0.1176,,,,,,177.0,,,1890.0,,,402871.0,,,441,,,,,,
201705,53003,"asotin, wa",249925.0,,,111,,,57.0,,,28,,,2,,,0.014,,,22.0,,,0.1622,,,2.0,,,112.0,,,2233.0,,,277325.0,,,111,,,0.0136,,,
201705,53031,"jefferson, wa",449450.0,,,195,,,67.0,,,88,,,0,,,0.0,,,38.0,,,0.1281,,,,,,240.0,,,1726.0,,,504949.0,,,195,,,,,,
201705,53061,"snohomish, wa",463498.0,,,850,,,10.0,,,1288,,,30,,,0.0142,,,224.0,,,0.0968,,,,,,229.0,,,2049.0,,,530583.0,,,850,,,,,,
201705,53035,"kitsap, wa",399950.0,,,557,,,26.0,,,584,,,2,,,0.0017,,,146.0,,,0.1276,,,,,,189.0,,,2173.0,,,574918.0,,,557,,,,,,
201705,53001,"adams, wa",107000.0,,,27,,,47.0,,,10,,,0,,,0.0,,,4.0,,,0.1084,,,,,,68.0,,,1778.0,,,160216.0,,,27,,,,,,
201705,53071,"walla walla, wa",275000.0,,,156,,,37.0,,,106,,,0,,,0.0,,,40.0,,,0.1466,,,0.0,,,145.0,,,2204.0,,,357816.0,,,156,,,0.0,,,
201705,53077,"yakima, wa",248250.0,,,325,,,39.0,,,214,,,6,,,0.0073,,,56.0,,,0.0695,,,263.0,,,122.0,,,1976.0,,,290267.0,,,587,,,0.8089,,,
201705,53067,"thurston, wa",339925.0,,,536,,,23.0,,,594,,,18,,,0.016,,,144.0,,,0.1226,,,1.0,,,163.0,,,2167.0,,,396890.0,,,537,,,0.0019,,,
201705,53025,"grant, wa",239000.0,,,295,,,49.0,,,138,,,2,,,0.0055,,,40.0,,,0.0961,,,1.0,,,128.0,,,1826.0,,,288344.0,,,296,,,0.0034,,,
201705,53039,"klickitat, wa",431750.0,,,74,,,75.0,,,38,,,0,,,0.0,,,12.0,,,0.1058,,,2.0,,,175.0,,,2535.0,,,585597.0,,,76,,,0.027,,,
201705,53005,"benton, wa",342000.0,,,436,,,31.0,,,374,,,12,,,0.0148,,,120.0,,,0.159,,,0.0,,,143.0,,,2377.0,,,366160.0,,,436,,,0.0,,,
201705,53015,"cowlitz, wa",266175.0,,,233,,,34.0,,,232,,,0,,,0.0,,,72.0,,,0.1476,,,11.0,,,140.0,,,1822.0,,,393755.0,,,243,,,0.0472,,,
201705,53063,"spokane, wa",292000.0,,,1218,,,25.0,,,1290,,,80,,,0.0184,,,384.0,,,0.088,,,1909.0,,,120.0,,,2423.0,,,354686.0,,,3110,,,1.5669,,,
201705,53007,"chelan, wa",433000.0,,,307,,,52.0,,,192,,,4,,,0.0074,,,48.0,,,0.0847,,,7.0,,,210.0,,,1995.0,,,544224.0,,,314,,,0.0228,,,
201705,53021,"franklin, wa",303713.0,,,147,,,33.0,,,106,,,12,,,0.0488,,,38.0,,,0.1442,,,0.0,,,143.0,,,2150.0,,,321084.0,,,147,,,0.0,,,
201705,53027,"grays harbor, wa",197900.0,,,380,,,57.0,,,220,,,2,,,0.0031,,,44.0,,,0.0785,,,,,,139.0,,,1484.0,,,232608.0,,,380,,,,,,
201705,53045,"mason, wa",246225.0,,,296,,,38.0,,,232,,,2,,,0.0035,,,52.0,,,0.1024,,,,,,158.0,,,1549.0,,,308934.0,,,296,,,,,,
201705,53051,"pend oreille, wa",282500.0,,,112,,,38.0,,,46,,,0,,,0.0,,,14.0,,,0.0783,,,30.0,,,168.0,,,1590.0,,,339638.0,,,139,,,0.2634,,,
201705,53033,"king, wa",662500.0,,,1942,,,9.0,,,3360,,,56,,,0.0097,,,442.0,,,0.0825,,,0.0,,,323.0,,,2210.0,,,1088911.0,,,1942,,,0.0,,,
201705,53073,"whatcom, wa",398900.0,,,625,,,30.0,,,484,,,2,,,0.0017,,,136.0,,,0.1239,,,,,,214.0,,,1894.0,,,531940.0,,,625,,,,,,
201705,53041,"lewis, wa",249900.0,,,232,,,32.0,,,180,,,0,,,0.0,,,44.0,,,0.0989,,,,,,133.0,,,1781.0,,,305053.0,,,232,,,,,,
201704,53045,"mason, wa",239000.0,,,277,,,44.0,,,172,,,0,,,0.0,,,36.0,,,0.0865,,,,,,151.0,,,1593.0,,,294181.0,,,277,,,,,,
201704,53015,"cowlitz, wa",269900.0,,,203,,,37.0,,,184,,,4,,,0.011,,,40.0,,,0.0986,,,8.0,,,142.0,,,1821.0,,,414316.0,,,211,,,0.0394,,,
201704,53067,"thurston, wa",338950.0,,,458,,,29.0,,,480,,,24,,,0.0256,,,80.0,,,0.0881,,,1.0,,,163.0,,,2133.0,,,383603.0,,,459,,,0.0022,,,
201704,53003,"asotin, wa",250000.0,,,100,,,48.0,,,28,,,0,,,0.0,,,24.0,,,0.1739,,,0.0,,,111.0,,,2202.0,,,275257.0,,,100,,,0.0,,,
201704,53039,"klickitat, wa",427000.0,,,65,,,146.0,,,32,,,0,,,0.0,,,8.0,,,0.0851,,,1.0,,,169.0,,,2250.0,,,590302.0,,,66,,,0.0154,,,
201704,53011,"clark, wa",439900.0,,,974,,,37.0,,,904,,,88,,,0.0423,,,260.0,,,0.1292,,,62.0,,,185.0,,,2441.0,,,544900.0,,,1036,,,0.0637,,,
201704,53069,"wahkiakum, wa",264900.0,,,27,,,145.0,,,12,,,0,,,0.0,,,4.0,,,0.0851,,,,,,141.0,,,1800.0,,,321743.0,,,27,,,,,,
201704,53053,"pierce, wa",369900.0,,,1176,,,24.0,,,1488,,,32,,,0.012,,,292.0,,,0.114,,,,,,174.0,,,2205.0,,,483079.0,,,1176,,,,,,
201704,53029,"island, wa",415000.0,,,281,,,38.0,,,208,,,0,,,0.0,,,64.0,,,0.1365,,,,,,201.0,,,2053.0,,,613329.0,,,281,,,,,,
201704,53019,"ferry, wa",169950.0,,,66,,,150.0,,,12,,,0,,,0.0,,,8.0,,,0.0952,,,2.0,,,129.0,,,1500.0,,,238731.0,,,68,,,0.0303,,,
201704,53059,"skamania, wa",447000.0,,,29,,,82.0,,,16,,,0,,,0.0,,,4.0,,,0.0833,,,2.0,,,180.0,,,2700.0,,,630011.0,,,31,,,0.069,,,
201704,53057,"skagit, wa",374975.0,,,294,,,34.0,,,216,,,4,,,0.0088,,,64.0,,,0.1236,,,,,,196.0,,,1963.0,,,539669.0,,,294,,,,,,
201704,53051,"pend oreille, wa",299950.0,,,78,,,51.0,,,40,,,0,,,0.0,,,8.0,,,0.0537,,,36.0,,,166.0,,,1728.0,,,347250.0,,,113,,,0.4615,,,
201704,53005,"benton, wa",335000.0,,,418,,,36.0,,,308,,,4,,,0.0063,,,88.0,,,0.1193,,,1.0,,,144.0,,,2353.0,,,359243.0,,,419,,,0.0024,,,
201704,53001,"adams, wa",110500.0,,,26,,,50.0,,,8,,,0,,,0.0,,,8.0,,,0.2286,,,2.0,,,76.0,,,1579.0,,,152427.0,,,26,,,0.0769,,,
201704,53027,"grays harbor, wa",190000.0,,,353,,,64.0,,,132,,,8,,,0.014,,,40.0,,,0.0832,,,,,,134.0,,,1479.0,,,225526.0,,,353,,,,,,
201704,53031,"jefferson, wa",449950.0,,,167,,,105.0,,,88,,,0,,,0.0,,,20.0,,,0.0725,,,,,,241.0,,,1763.0,,,491039.0,,,167,,,,,,
201704,53061,"snohomish, wa",460000.0,,,670,,,14.0,,,1036,,,36,,,0.0222,,,144.0,,,0.0844,,,1.0,,,224.0,,,2104.0,,,531800.0,,,670,,,0.0007,,,
201704,53049,"pacific, wa",240500.0,,,138,,,60.0,,,56,,,0,,,0.0,,,16.0,,,0.0923,,,0.0,,,144.0,,,1680.0,,,301055.0,,,138,,,0.0,,,
201704,53023,"garfield, wa",129450.0,,,16,,,104.0,,,0,,,0,,,0.0,,,0.0,,,0.0,,,1.0,,,53.0,,,2044.0,,,126518.0,,,16,,,0.0625,,,
201704,53073,"whatcom, wa",399000.0,,,523,,,36.0,,,408,,,4,,,0.0043,,,96.0,,,0.0961,,,,,,215.0,,,1830.0,,,540217.0,,,523,,,,,,
201704,53013,"columbia, wa",149900.0,,,40,,,142.0,,,8,,,0,,,0.0,,,4.0,,,0.0909,,,,,,86.0,,,1791.0,,,179569.0,,,40,,,,,,
201704,53037,"kittitas, wa",365000.0,,,130,,,37.0,,,100,,,0,,,0.0,,,12.0,,,0.0561,,,,,,195.0,,,1968.0,,,551104.0,,,130,,,,,,
201704,53035,"kitsap, wa",399000.0,,,486,,,38.0,,,452,,,24,,,0.0259,,,96.0,,,0.0995,,,,,,184.0,,,2164.0,,,548893.0,,,486,,,,,,
201704,53007,"chelan, wa",380950.0,,,276,,,73.0,,,132,,,4,,,0.0096,,,36.0,,,0.088,,,7.0,,,193.0,,,2026.0,,,524010.0,,,282,,,0.0254,,,
201704,53063,"spokane, wa",289900.0,,,1019,,,30.0,,,1092,,,84,,,0.0305,,,236.0,,,0.0647,,,1472.0,,,119.0,,,2419.0,,,347908.0,,,2486,,,1.4446,,,
201704,53021,"franklin, wa",299900.0,,,134,,,36.0,,,116,,,8,,,0.0329,,,20.0,,,0.0734,,,0.0,,,140.0,,,2153.0,,,316759.0,,,134,,,0.0,,,
201704,53041,"lewis, wa",239900.0,,,193,,,53.0,,,132,,,0,,,0.0,,,28.0,,,0.0765,,,0.0,,,131.0,,,1732.0,,,303693.0,,,193,,,0.0,,,
201704,53017,"douglas, wa",299000.0,,,88,,,46.0,,,56,,,0,,,0.0,,,8.0,,,0.064,,,2.0,,,176.0,,,1924.0,,,399883.0,,,89,,,0.0227,,,
201704,53033,"king, wa",649950.0,,,1659,,,9.0,,,2716,,,36,,,0.0075,,,256.0,,,0.0566,,,1.0,,,324.0,,,2150.0,,,1075466.0,,,1660,,,0.0006,,,
201704,53025,"grant, wa",234950.0,,,269,,,55.0,,,136,,,8,,,0.0222,,,40.0,,,0.0905,,,1.0,,,129.0,,,1826.0,,,283365.0,,,269,,,0.0037,,,
201704,53043,"lincoln, wa",189500.0,,,46,,,116.0,,,16,,,0,,,0.0,,,12.0,,,0.0976,,,22.0,,,92.0,,,1970.0,,,244873.0,,,68,,,0.4783,,,
201704,53065,"stevens, wa",245000.0,,,252,,,54.0,,,80,,,0,,,0.0,,,36.0,,,0.0904,,,51.0,,,128.0,,,2051.0,,,343157.0,,,294,,,0.2024,,,
201704,53047,"okanogan, wa",278000.0,,,196,,,162.0,,,44,,,0,,,0.0,,,8.0,,,0.0279,,,1.0,,,174.0,,,1617.0,,,387786.0,,,196,,,0.0051,,,
201704,53075,"whitman, wa",230000.0,,,149,,,46.0,,,68,,,0,,,0.0,,,40.0,,,0.1684,,,10.0,,,119.0,,,1960.0,,,241215.0,,,157,,,0.0671,,,
201704,53077,"yakima, wa",229900.0,,,301,,,46.0,,,188,,,4,,,0.0058,,,48.0,,,0.0731,,,225.0,,,120.0,,,1968.0,,,285892.0,,,517,,,0.7475,,,
201704,53009,"clallam, wa",309000.0,,,397,,,41.0,,,176,,,0,,,0.0,,,32.0,,,0.0543,,,,,,169.0,,,1865.0,,,388069.0,,,397,,,,,,
201704,53055,"san juan, wa",725000.0,,,218,,,75.0,,,52,,,0,,,0.0,,,16.0,,,0.059,,,,,,386.0,,,2018.0,,,1351589.0,,,218,,,,,,
201704,53071,"walla walla, wa",270000.0,,,136,,,58.0,,,72,,,0,,,0.0,,,20.0,,,0.0766,,,,,,145.0,,,1952.0,,,349125.0,,,136,,,,,,
201703,53005,"benton, wa",338400.0,,,379,,,50.0,,,258,,,16,,,0.0254,,,60.0,,,0.0948,,,1.0,,,143.0,,,2371.0,,,357365.0,,,379,,,0.0013,,,
201703,53059,"skamania, wa",460000.0,,,27,,,144.0,,,8,,,0,,,0.0,,,6.0,,,0.174,,,3.0,,,184.0,,,2625.0,,,532931.0,,,30,,,0.1132,,,
201703,53025,"grant, wa",224150.0,,,255,,,107.0,,,98,,,6,,,0.017,,,26.0,,,0.0731,,,,,,127.0,,,1769.0,,,262951.0,,,255,,,,,,
201703,53045,"mason, wa",239250.0,,,262,,,56.0,,,162,,,0,,,0.0,,,38.0,,,0.0897,,,,,,147.0,,,1574.0,,,295846.0,,,262,,,,,,
201703,53075,"whitman, wa",219225.0,,,143,,,44.0,,,72,,,0,,,0.0,,,20.0,,,0.0981,,,7.0,,,118.0,,,1937.0,,,236435.0,,,148,,,0.0491,,,
201703,53009,"clallam, wa",304075.0,,,362,,,60.0,,,130,,,0,,,0.0,,,30.0,,,0.0614,,,,,,166.0,,,1851.0,,,378092.0,,,362,,,,,,
201703,53041,"lewis, wa",219000.0,,,195,,,65.0,,,122,,,0,,,0.0,,,28.0,,,0.0864,,,1.0,,,131.0,,,1694.0,,,288118.0,,,196,,,0.0051,,,
201703,53053,"pierce, wa",356640.0,,,1175,,,25.0,,,1368,,,72,,,0.0273,,,246.0,,,0.0979,,,0.0,,,173.0,,,2179.0,,,473172.0,,,1175,,,0.0,,,
201703,53039,"klickitat, wa",404000.0,,,64,,,142.0,,,22,,,0,,,0.0,,,10.0,,,0.1389,,,2.0,,,169.0,,,2376.0,,,598102.0,,,65,,,0.0236,,,
201703,53033,"king, wa",625000.0,,,1484,,,11.0,,,2364,,,62,,,0.0162,,,242.0,,,0.0605,,,1.0,,,317.0,,,2151.0,,,1065636.0,,,1485,,,0.0007,,,
201703,53027,"grays harbor, wa",184700.0,,,352,,,82.0,,,132,,,4,,,0.0085,,,46.0,,,0.0925,,,,,,127.0,,,1477.0,,,222895.0,,,352,,,,,,
201703,53003,"asotin, wa",239750.0,,,86,,,51.0,,,38,,,2,,,0.0156,,,8.0,,,0.0657,,,,,,113.0,,,2210.0,,,271047.0,,,86,,,,,,
201703,53067,"thurston, wa",337438.0,,,440,,,36.0,,,396,,,32,,,0.039,,,72.0,,,0.083,,,1.0,,,157.0,,,2154.0,,,371554.0,,,441,,,0.0023,,,
201703,53015,"cowlitz, wa",236475.0,,,176,,,42.0,,,144,,,2,,,0.0068,,,20.0,,,0.063,,,5.0,,,138.0,,,1718.0,,,413460.0,,,182,,,0.0256,,,
201703,53023,"garfield, wa",104900.0,,,20,,,108.0,,,0,,,0,,,0.0,,,2.0,,,0.0833,,,,,,51.0,,,2135.0,,,118282.0,,,20,,,,,,
201703,53051,"pend oreille, wa",211475.0,,,75,,,138.0,,,20,,,0,,,0.0,,,2.0,,,0.0165,,,26.0,,,136.0,,,1562.0,,,306287.0,,,99,,,0.3467,,,
201703,53031,"jefferson, wa",444450.0,,,163,,,140.0,,,48,,,0,,,0.0,,,18.0,,,0.0854,,,,,,242.0,,,1703.0,,,481326.0,,,163,,,,,,
201703,53057,"skagit, wa",362625.0,,,270,,,48.0,,,186,,,2,,,0.0044,,,56.0,,,0.1229,,,,,,188.0,,,1985.0,,,518018.0,,,270,,,,,,
201703,53013,"columbia, wa",139900.0,,,41,,,169.0,,,8,,,0,,,0.0,,,2.0,,,0.0444,,,,,,85.0,,,1791.0,,,172862.0,,,41,,,,,,
201703,53035,"kitsap, wa",371488.0,,,472,,,47.0,,,400,,,10,,,0.0119,,,114.0,,,0.1327,,,,,,176.0,,,2164.0,,,507231.0,,,472,,,,,,
201703,53055,"san juan, wa",739000.0,,,192,,,186.0,,,36,,,0,,,0.0,,,12.0,,,0.0526,,,,,,361.0,,,2064.0,,,1417722.0,,,192,,,,,,
201703,53073,"whatcom, wa",394000.0,,,473,,,60.0,,,324,,,12,,,0.0143,,,82.0,,,0.1025,,,,,,202.0,,,1897.0,,,545102.0,,,473,,,,,,
201703,53021,"franklin, wa",284200.0,,,123,,,39.0,,,88,,,14,,,0.0689,,,22.0,,,0.106,,,0.0,,,139.0,,,2224.0,,,323549.0,,,123,,,0.0,,,
201703,53071,"walla walla, wa",246975.0,,,149,,,104.0,,,70,,,2,,,0.0096,,,18.0,,,0.0823,,,,,,140.0,,,1967.0,,,336698.0,,,149,,,,,,
201703,53063,"spokane, wa",279941.0,,,939,,,43.0,,,822,,,82,,,0.0264,,,190.0,,,0.0614,,,1261.0,,,120.0,,,2299.0,,,338139.0,,,2189,,,1.3424,,,
201703,53037,"kittitas, wa",356950.0,,,112,,,80.0,,,68,,,0,,,0.0,,,8.0,,,0.0506,,,,,,192.0,,,2115.0,,,550677.0,,,112,,,,,,
201703,53017,"douglas, wa",292975.0,,,83,,,59.0,,,44,,,0,,,0.0,,,12.0,,,0.0844,,,2.0,,,177.0,,,1891.0,,,406498.0,,,85,,,0.0181,,,
201703,53019,"ferry, wa",172225.0,,,68,,,187.0,,,4,,,0,,,0.0,,,4.0,,,0.0514,,,3.0,,,126.0,,,1500.0,,,226586.0,,,70,,,0.0368,,,
201703,53047,"okanogan, wa",272325.0,,,194,,,178.0,,,46,,,0,,,0.0,,,20.0,,,0.0874,,,,,,167.0,,,1592.0,,,374775.0,,,194,,,,,,
201703,53049,"pacific, wa",231175.0,,,114,,,120.0,,,50,,,0,,,0.0,,,6.0,,,0.037,,,1.0,,,145.0,,,1535.0,,,268839.0,,,115,,,0.0088,,,
201703,53065,"stevens, wa",240500.0,,,224,,,122.0,,,100,,,0,,,0.0,,,14.0,,,0.039,,,44.0,,,129.0,,,2019.0,,,357475.0,,,265,,,0.1969,,,
201703,53007,"chelan, wa",384963.0,,,261,,,108.0,,,104,,,2,,,0.0049,,,32.0,,,0.089,,,6.0,,,194.0,,,1958.0,,,520196.0,,,268,,,0.023,,,
201703,53069,"wahkiakum, wa",264900.0,,,25,,,145.0,,,0,,,0,,,0.0,,,2.0,,,0.08,,,0.0,,,143.0,,,1932.0,,,324193.0,,,25,,,0.0,,,
201703,53029,"island, wa",402469.0,,,250,,,56.0,,,154,,,2,,,0.0048,,,50.0,,,0.1222,,,,,,199.0,,,2018.0,,,590752.0,,,250,,,,,,
201703,53001,"adams, wa",111725.0,,,24,,,52.0,,,4,,,0,,,0.0,,,4.0,,,0.1195,,,1.0,,,68.0,,,1512.0,,,141694.0,,,25,,,0.0426,,,
201703,53043,"lincoln, wa",173700.0,,,58,,,127.0,,,12,,,0,,,0.0,,,6.0,,,0.0746,,,16.0,,,89.0,,,1974.0,,,225576.0,,,72,,,0.2696,,,
201703,53011,"clark, wa",430900.0,,,938,,,40.0,,,822,,,76,,,0.0411,,,214.0,,,0.117,,,60.0,,,182.0,,,2406.0,,,533035.0,,,999,,,0.0635,,,
201703,53061,"snohomish, wa",455000.0,,,626,,,16.0,,,926,,,48,,,0.0321,,,118.0,,,0.0794,,,,,,218.0,,,2100.0,,,527581.0,,,626,,,,,,
201703,53077,"yakima, wa",234900.0,,,297,,,58.0,,,172,,,6,,,0.0085,,,42.0,,,0.0645,,,189.0,,,119.0,,,1939.0,,,285506.0,,,482,,,0.6364,,,
201702,53069,"wahkiakum, wa",250000.0,,,27,,,132.0,,,6,,,0,,,0.0,,,4.0,,,0.1341,,,,,,128.0,,,1950.0,,,274185.0,,,27,,,,,,
201702,53007,"chelan, wa",372450.0,,,256,,,118.0,,,96,,,2,,,0.0054,,,20.0,,,0.0606,,,7.0,,,194.0,,,1918.0,,,514223.0,,,262,,,0.0254,,,
201702,53031,"jefferson, wa",450000.0,,,167,,,112.0,,,50,,,2,,,0.0088,,,10.0,,,0.0466,,,,,,241.0,,,1822.0,,,481067.0,,,167,,,,,,
201702,53021,"franklin, wa",290000.0,,,127,,,69.0,,,58,,,12,,,0.0658,,,10.0,,,0.0559,,,,,,138.0,,,2208.0,,,328122.0,,,127,,,,,,
201702,53041,"lewis, wa",204678.0,,,212,,,82.0,,,104,,,0,,,0.0,,,24.0,,,0.0766,,,1.0,,,130.0,,,1663.0,,,279046.0,,,213,,,0.0047,,,
201702,53055,"san juan, wa",723500.0,,,192,,,184.0,,,26,,,0,,,0.0,,,12.0,,,0.0549,,,,,,352.0,,,2021.0,,,1327869.0,,,192,,,,,,
201702,53051,"pend oreille, wa",185586.0,,,77,,,155.0,,,12,,,0,,,0.0,,,8.0,,,0.0753,,,19.0,,,135.0,,,1501.0,,,305925.0,,,94,,,0.2418,,,
201702,53029,"island, wa",399575.0,,,254,,,78.0,,,146,,,0,,,0.0,,,48.0,,,0.1261,,,,,,196.0,,,2027.0,,,573822.0,,,254,,,,,,
201702,53053,"pierce, wa",349950.0,,,1159,,,39.0,,,1112,,,48,,,0.0192,,,272.0,,,0.1176,,,,,,168.0,,,2174.0,,,464472.0,,,1159,,,,,,
201702,53013,"columbia, wa",139900.0,,,44,,,198.0,,,0,,,0,,,0.0,,,8.0,,,0.1841,,,,,,85.0,,,1800.0,,,176656.0,,,44,,,,,,
201702,53035,"kitsap, wa",355000.0,,,517,,,48.0,,,312,,,12,,,0.0147,,,92.0,,,0.1087,,,,,,171.0,,,2107.0,,,481758.0,,,517,,,,,,
201702,53017,"douglas, wa",296500.0,,,80,,,70.0,,,42,,,0,,,0.0,,,8.0,,,0.062,,,1.0,,,168.0,,,2054.0,,,406866.0,,,81,,,0.0126,,,
201702,53009,"clallam, wa",307500.0,,,331,,,97.0,,,114,,,0,,,0.0,,,34.0,,,0.0783,,,,,,163.0,,,1876.0,,,386171.0,,,331,,,,,,
201702,53065,"stevens, wa",239475.0,,,211,,,146.0,,,32,,,0,,,0.0,,,10.0,,,0.0346,,,33.0,,,128.0,,,2097.0,,,368489.0,,,243,,,0.1544,,,
201702,53067,"thurston, wa",325000.0,,,473,,,47.0,,,314,,,10,,,0.0137,,,90.0,,,0.1097,,,,,,152.0,,,2139.0,,,365691.0,,,473,,,,,,
201702,53033,"king, wa",599500.0,,,1373,,,22.0,,,1704,,,34,,,0.0102,,,268.0,,,0.0799,,,1.0,,,303.0,,,2220.0,,,1066324.0,,,1374,,,0.0007,,,
201702,53019,"ferry, wa",168000.0,,,73,,,171.0,,,10,,,0,,,0.0,,,2.0,,,0.0227,,,3.0,,,124.0,,,1428.0,,,214244.0,,,76,,,0.0411,,,
201702,53077,"yakima, wa",239950.0,,,319,,,88.0,,,132,,,4,,,0.0064,,,36.0,,,0.0578,,,171.0,,,122.0,,,1983.0,,,293024.0,,,487,,,0.5345,,,
201702,53039,"klickitat, wa",411500.0,,,66,,,142.0,,,12,,,0,,,0.0,,,0.0,,,0.0,,,2.0,,,178.0,,,2224.0,,,602551.0,,,68,,,0.0305,,,
201702,53023,"garfield, wa",99900.0,,,21,,,118.0,,,0,,,0,,,0.0,,,4.0,,,0.1905,,,,,,51.0,,,1944.0,,,115194.0,,,21,,,,,,
201702,53037,"kittitas, wa",386000.0,,,116,,,96.0,,,38,,,4,,,0.0252,,,12.0,,,0.0739,,,1.0,,,198.0,,,2045.0,,,552023.0,,,116,,,0.0043,,,
201702,53047,"okanogan, wa",273650.0,,,193,,,166.0,,,24,,,0,,,0.0,,,10.0,,,0.0453,,,,,,165.0,,,1612.0,,,375057.0,,,193,,,,,,
201702,53003,"asotin, wa",211225.0,,,71,,,85.0,,,20,,,2,,,0.0217,,,10.0,,,0.1053,,,,,,109.0,,,2132.0,,,255350.0,,,71,,,,,,
201702,53001,"adams, wa",109000.0,,,25,,,65.0,,,10,,,0,,,0.0,,,4.0,,,0.1303,,,,,,65.0,,,1549.0,,,125892.0,,,25,,,,,,
201702,53005,"benton, wa",323501.0,,,392,,,71.0,,,222,,,8,,,0.0132,,,50.0,,,0.0803,,,1.0,,,141.0,,,2319.0,,,347728.0,,,393,,,0.0026,,,
201702,53071,"walla walla, wa",245700.0,,,160,,,111.0,,,58,,,0,,,0.0,,,18.0,,,0.0823,,,,,,142.0,,,1974.0,,,323704.0,,,160,,,,,,
201702,53043,"lincoln, wa",183750.0,,,63,,,125.0,,,14,,,0,,,0.0,,,18.0,,,0.1891,,,13.0,,,91.0,,,1998.0,,,234015.0,,,76,,,0.1984,,,
201702,53061,"snohomish, wa",432475.0,,,635,,,28.0,,,762,,,26,,,0.0184,,,128.0,,,0.0947,,,0.0,,,214.0,,,2017.0,,,512865.0,,,635,,,0.0,,,
201702,53027,"grays harbor, wa",180350.0,,,353,,,100.0,,,106,,,4,,,0.0091,,,36.0,,,0.0788,,,,,,127.0,,,1484.0,,,216418.0,,,353,,,,,,
201702,53025,"grant, wa",217975.0,,,256,,,114.0,,,74,,,6,,,0.0195,,,24.0,,,0.0749,,,,,,122.0,,,1811.0,,,251550.0,,,256,,,,,,
201702,53011,"clark, wa",425000.0,,,958,,,52.0,,,666,,,94,,,0.0563,,,196.0,,,0.1138,,,74.0,,,181.0,,,2384.0,,,527943.0,,,1033,,,0.0773,,,
201702,53045,"mason, wa",233000.0,,,259,,,95.0,,,96,,,4,,,0.0118,,,46.0,,,0.123,,,1.0,,,144.0,,,1597.0,,,287107.0,,,259,,,0.0019,,,
201702,53063,"spokane, wa",266541.0,,,1005,,,52.0,,,572,,,98,,,0.0386,,,220.0,,,0.0823,,,1043.0,,,117.0,,,2224.0,,,318929.0,,,2037,,,1.0383,,,
201702,53073,"whatcom, wa",391000.0,,,489,,,86.0,,,236,,,0,,,0.0,,,58.0,,,0.0793,,,,,,197.0,,,1862.0,,,545813.0,,,489,,,,,,
201702,53059,"skamania, wa",412250.0,,,28,,,132.0,,,8,,,2,,,0.0444,,,4.0,,,0.1033,,,4.0,,,191.0,,,2011.0,,,510713.0,,,32,,,0.1429,,,
201702,53049,"pacific, wa",214900.0,,,105,,,143.0,,,30,,,0,,,0.0,,,12.0,,,0.0815,,,1.0,,,145.0,,,1453.0,,,261008.0,,,106,,,0.0096,,,
201702,53015,"cowlitz, wa",237000.0,,,174,,,77.0,,,136,,,0,,,0.0,,,20.0,,,0.0683,,,5.0,,,132.0,,,1744.0,,,419571.0,,,178,,,0.0288,,,
201702,53075,"whitman, wa",210950.0,,,130,,,79.0,,,68,,,0,,,0.0,,,22.0,,,0.1017,,,7.0,,,106.0,,,2043.0,,,230221.0,,,136,,,0.0502,,,
201702,53057,"skagit, wa",365500.0,,,279,,,91.0,,,168,,,4,,,0.0096,,,50.0,,,0.1203,,,,,,188.0,,,1969.0,,,521818.0,,,279,,,,,,
201701,53011,"clark, wa",412900.0,,,1018,,,72.0,,,568,,,64,,,0.0392,,,168.0,,,0.0984,,,69.0,,,177.0,,,2368.0,,,520488.0,,,1086,,,0.0673,,,
201701,53059,"skamania, wa",405500.0,,,30,,,134.0,,,8,,,0,,,0.0,,,2.0,,,0.0541,,,4.0,,,186.0,,,2474.0,,,505713.0,,,34,,,0.1333,,,
201701,53033,"king, wa",559500.0,,,1513,,,39.0,,,1748,,,30,,,0.0089,,,252.0,,,0.0773,,,1.0,,,280.0,,,2155.0,,,1001329.0,,,1514,,,0.0007,,,
201701,53017,"douglas, wa",299125.0,,,84,,,87.0,,,22,,,0,,,0.0,,,6.0,,,0.0659,,,1.0,,,164.0,,,2100.0,,,417204.0,,,84,,,0.012,,,
201701,53047,"okanogan, wa",262500.0,,,204,,,165.0,,,20,,,0,,,0.0,,,10.0,,,0.042,,,,,,165.0,,,1588.0,,,365072.0,,,204,,,,,,
201701,53037,"kittitas, wa",392250.0,,,138,,,112.0,,,34,,,4,,,0.0242,,,16.0,,,0.0882,,,1.0,,,194.0,,,2023.0,,,554610.0,,,140,,,0.0072,,,
201701,53019,"ferry, wa",168000.0,,,70,,,167.0,,,4,,,2,,,0.0256,,,0.0,,,0.0,,,3.0,,,129.0,,,1455.0,,,207585.0,,,74,,,0.0429,,,
201701,53029,"island, wa",389675.0,,,297,,,96.0,,,128,,,0,,,0.0,,,58.0,,,0.1353,,,,,,196.0,,,1982.0,,,548204.0,,,297,,,,,,
201701,53009,"clallam, wa",299250.0,,,334,,,108.0,,,84,,,0,,,0.0,,,24.0,,,0.0568,,,,,,158.0,,,1908.0,,,382019.0,,,334,,,,,,
201701,53043,"lincoln, wa",189500.0,,,66,,,115.0,,,6,,,0,,,0.0,,,12.0,,,0.1418,,,10.0,,,94.0,,,2000.0,,,236354.0,,,77,,,0.1515,,,
201701,53075,"whitman, wa",179000.0,,,116,,,96.0,,,32,,,0,,,0.0,,,10.0,,,0.0712,,,6.0,,,104.0,,,2014.0,,,213540.0,,,122,,,0.0476,,,
201701,53077,"yakima, wa",242000.0,,,327,,,94.0,,,68,,,2,,,0.0037,,,50.0,,,0.087,,,147.0,,,120.0,,,2067.0,,,291999.0,,,477,,,0.448,,,
201701,53057,"skagit, wa",358500.0,,,314,,,95.0,,,128,,,4,,,0.0092,,,62.0,,,0.1477,,,,,,188.0,,,1976.0,,,522000.0,,,314,,,,,,
201701,53051,"pend oreille, wa",193075.0,,,88,,,144.0,,,8,,,0,,,0.0,,,2.0,,,0.0175,,,16.0,,,135.0,,,1474.0,,,301730.0,,,101,,,0.1829,,,
201701,53003,"asotin, wa",223000.0,,,71,,,93.0,,,8,,,0,,,0.0,,,4.0,,,0.0467,,,,,,109.0,,,2151.0,,,256810.0,,,71,,,,,,
201701,53027,"grays harbor, wa",172650.0,,,359,,,111.0,,,116,,,6,,,0.0123,,,52.0,,,0.109,,,,,,120.0,,,1497.0,,,213771.0,,,359,,,,,,
201701,53001,"adams, wa",131750.0,,,23,,,81.0,,,6,,,0,,,0.0,,,2.0,,,0.0645,,,,,,75.0,,,1707.0,,,147297.0,,,23,,,,,,
201701,53023,"garfield, wa",104900.0,,,21,,,99.0,,,4,,,0,,,0.0,,,2.0,,,0.0741,,,,,,51.0,,,1983.0,,,117491.0,,,21,,,,,,
201701,53061,"snohomish, wa",419974.0,,,689,,,38.0,,,712,,,42,,,0.0304,,,146.0,,,0.1052,,,,,,210.0,,,2020.0,,,503649.0,,,689,,,,,,
201701,53065,"stevens, wa",239375.0,,,223,,,137.0,,,26,,,0,,,0.0,,,8.0,,,0.0288,,,29.0,,,125.0,,,2001.0,,,362271.0,,,250,,,0.1303,,,
201701,53053,"pierce, wa",333054.0,,,1333,,,57.0,,,962,,,48,,,0.0213,,,332.0,,,0.1461,,,,,,166.0,,,2098.0,,,436653.0,,,1333,,,,,,
201701,53049,"pacific, wa",214900.0,,,117,,,133.0,,,26,,,0,,,0.0,,,16.0,,,0.1114,,,1.0,,,145.0,,,1470.0,,,259048.0,,,118,,,0.0085,,,
201701,53025,"grant, wa",217650.0,,,256,,,114.0,,,50,,,0,,,0.0,,,14.0,,,0.0473,,,0.0,,,124.0,,,1779.0,,,249797.0,,,256,,,0.0,,,
201701,53073,"whatcom, wa",395000.0,,,509,,,89.0,,,232,,,8,,,0.0107,,,76.0,,,0.1026,,,,,,196.0,,,1938.0,,,544097.0,,,509,,,,,,
201701,53067,"thurston, wa",299975.0,,,537,,,66.0,,,308,,,12,,,0.0138,,,122.0,,,0.1399,,,1.0,,,151.0,,,2022.0,,,351202.0,,,537,,,0.0009,,,
201701,53007,"chelan, wa",369675.0,,,266,,,117.0,,,70,,,0,,,0.0,,,18.0,,,0.0551,,,2.0,,,192.0,,,1941.0,,,517445.0,,,269,,,0.0075,,,
201701,53063,"spokane, wa",252619.0,,,1095,,,59.0,,,484,,,76,,,0.0302,,,210.0,,,0.0836,,,938.0,,,112.0,,,2231.0,,,309154.0,,,2026,,,0.8566,,,
201701,53005,"benton, wa",309888.0,,,439,,,73.0,,,138,,,6,,,0.0101,,,44.0,,,0.0762,,,1.0,,,139.0,,,2254.0,,,336806.0,,,440,,,0.0011,,,
201701,53069,"wahkiakum, wa",252450.0,,,28,,,109.0,,,4,,,0,,,0.0,,,0.0,,,0.0,,,,,,129.0,,,1950.0,,,277774.0,,,28,,,,,,
201701,53055,"san juan, wa",721250.0,,,191,,,183.0,,,18,,,0,,,0.0,,,4.0,,,0.0185,,,,,,349.0,,,2011.0,,,1303406.0,,,191,,,,,,
201701,53041,"lewis, wa",190950.0,,,225,,,85.0,,,74,,,0,,,0.0,,,36.0,,,0.1146,,,1.0,,,122.0,,,1673.0,,,274580.0,,,226,,,0.0045,,,
201701,53039,"klickitat, wa",399000.0,,,69,,,133.0,,,16,,,0,,,0.0,,,2.0,,,0.022,,,1.0,,,170.0,,,2203.0,,,568589.0,,,70,,,0.0145,,,
201701,53035,"kitsap, wa",349498.0,,,537,,,62.0,,,348,,,36,,,0.0384,,,120.0,,,0.1444,,,,,,171.0,,,2070.0,,,470237.0,,,537,,,,,,
201701,53071,"walla walla, wa",249923.0,,,162,,,107.0,,,44,,,2,,,0.0087,,,14.0,,,0.068,,,,,,143.0,,,1969.0,,,327646.0,,,162,,,,,,
201701,53015,"cowlitz, wa",246975.0,,,191,,,103.0,,,78,,,0,,,0.0,,,38.0,,,0.1433,,,5.0,,,129.0,,,1791.0,,,408894.0,,,196,,,0.0262,,,
201701,53013,"columbia, wa",144900.0,,,53,,,189.0,,,4,,,0,,,0.0,,,6.0,,,0.1002,,,,,,82.0,,,1818.0,,,179154.0,,,53,,,,,,
201701,53021,"franklin, wa",260341.0,,,144,,,69.0,,,68,,,12,,,0.0532,,,20.0,,,0.0982,,,1.0,,,135.0,,,2181.0,,,315191.0,,,145,,,0.0069,,,
201701,53031,"jefferson, wa",456500.0,,,179,,,87.0,,,52,,,2,,,0.0085,,,12.0,,,0.055,,,,,,235.0,,,1873.0,,,487431.0,,,179,,,,,,
201701,53045,"mason, wa",219250.0,,,286,,,105.0,,,88,,,0,,,0.0,,,60.0,,,0.1638,,,,,,144.0,,,1542.0,,,275987.0,,,286,,,,,,
201612,53029,"island, wa",396850.0,,,347,,,91.0,,,96,,,0,,,0.0,,,52.0,,,0.1138,,,,,,200.0,,,2015.0,,,582116.0,,,347,,,,,,
201612,53047,"okanogan, wa",265900.0,,,227,,,156.0,,,16,,,0,,,0.0,,,12.0,,,0.0478,,,,,,172.0,,,1600.0,,,368737.0,,,227,,,,,,
201612,53057,"skagit, wa",350000.0,,,346,,,88.0,,,116,,,0,,,0.0,,,44.0,,,0.0919,,,,,,188.0,,,1950.0,,,515782.0,,,346,,,,,,
201612,53075,"whitman, wa",189500.0,,,125,,,94.0,,,16,,,4,,,0.0247,,,12.0,,,0.0674,,,4.0,,,106.0,,,1983.0,,,216989.0,,,130,,,0.032,,,
201612,53049,"pacific, wa",217450.0,,,141,,,127.0,,,16,,,0,,,0.0,,,8.0,,,0.0571,,,1.0,,,145.0,,,1469.0,,,258042.0,,,142,,,0.0071,,,
201612,53031,"jefferson, wa",459000.0,,,189,,,74.0,,,24,,,0,,,0.0,,,16.0,,,0.0755,,,,,,232.0,,,1892.0,,,510332.0,,,189,,,,,,
201612,53033,"king, wa",550000.0,,,1788,,,46.0,,,1300,,,28,,,0.0098,,,316.0,,,0.097,,,1.0,,,271.0,,,2150.0,,,1004229.0,,,1788,,,0.0006,,,
201612,53001,"adams, wa",122450.0,,,22,,,117.0,,,4,,,0,,,0.0,,,4.0,,,0.1481,,,1.0,,,68.0,,,1740.0,,,150475.0,,,23,,,0.0455,,,
201612,53043,"lincoln, wa",187500.0,,,75,,,99.0,,,16,,,0,,,0.0,,,8.0,,,0.092,,,13.0,,,94.0,,,2000.0,,,232378.0,,,88,,,0.1733,,,
201612,53041,"lewis, wa",189700.0,,,241,,,94.0,,,80,,,0,,,0.0,,,32.0,,,0.1,,,1.0,,,122.0,,,1671.0,,,279001.0,,,242,,,0.0041,,,
201612,53077,"yakima, wa",239950.0,,,375,,,81.0,,,108,,,0,,,0.0,,,40.0,,,0.0647,,,175.0,,,118.0,,,2037.0,,,291994.0,,,542,,,0.4667,,,
201612,53025,"grant, wa",215000.0,,,285,,,101.0,,,52,,,0,,,0.0,,,32.0,,,0.0947,,,1.0,,,122.0,,,1743.0,,,244750.0,,,286,,,0.0035,,,
201612,53059,"skamania, wa",412250.0,,,28,,,120.0,,,0,,,0,,,0.0,,,0.0,,,0.0,,,3.0,,,177.0,,,2590.0,,,518358.0,,,31,,,0.1071,,,
201612,53063,"spokane, wa",247700.0,,,1291,,,66.0,,,440,,,60,,,0.021,,,208.0,,,0.0719,,,1075.0,,,109.0,,,2283.0,,,305398.0,,,2359,,,0.8327,,,
201612,53021,"franklin, wa",265000.0,,,149,,,60.0,,,64,,,0,,,0.0,,,16.0,,,0.0734,,,1.0,,,129.0,,,2232.0,,,313347.0,,,150,,,0.0067,,,
201612,53051,"pend oreille, wa",219900.0,,,103,,,124.0,,,4,,,0,,,0.0,,,4.0,,,0.0342,,,16.0,,,136.0,,,1560.0,,,320813.0,,,115,,,0.1553,,,
201612,53013,"columbia, wa",139900.0,,,54,,,161.0,,,4,,,0,,,0.0,,,4.0,,,0.0615,,,,,,78.0,,,1800.0,,,177115.0,,,54,,,,,,
201612,53005,"benton, wa",299900.0,,,506,,,60.0,,,176,,,12,,,0.0162,,,64.0,,,0.0979,,,4.0,,,138.0,,,2216.0,,,334477.0,,,509,,,0.0079,,,
201612,53037,"kittitas, wa",399000.0,,,177,,,98.0,,,36,,,4,,,0.0187,,,16.0,,,0.0748,,,1.0,,,193.0,,,2088.0,,,584734.0,,,178,,,0.0056,,,
201612,53009,"clallam, wa",299975.0,,,367,,,97.0,,,48,,,0,,,0.0,,,24.0,,,0.0635,,,,,,160.0,,,1948.0,,,391815.0,,,367,,,,,,
201612,53003,"asotin, wa",202450.0,,,86,,,77.0,,,8,,,0,,,0.0,,,0.0,,,0.0,,,,,,106.0,,,2151.0,,,252712.0,,,86,,,,,,
201612,53065,"stevens, wa",242500.0,,,270,,,124.0,,,16,,,0,,,0.0,,,28.0,,,0.0782,,,41.0,,,123.0,,,2119.0,,,355345.0,,,312,,,0.1519,,,
201612,53055,"san juan, wa",698000.0,,,234,,,170.0,,,24,,,0,,,0.0,,,12.0,,,0.0458,,,,,,338.0,,,2000.0,,,1264472.0,,,234,,,,,,
201612,53035,"kitsap, wa",349950.0,,,596,,,60.0,,,216,,,4,,,0.005,,,112.0,,,0.1118,,,,,,169.0,,,2088.0,,,489407.0,,,596,,,,,,
201612,53053,"pierce, wa",325998.0,,,1563,,,58.0,,,880,,,8,,,0.0037,,,328.0,,,0.1319,,,,,,165.0,,,2083.0,,,431365.0,,,1563,,,,,,
201612,53015,"cowlitz, wa",244900.0,,,245,,,81.0,,,100,,,0,,,0.0,,,16.0,,,0.0565,,,6.0,,,129.0,,,1755.0,,,377399.0,,,250,,,0.0245,,,
201612,53061,"snohomish, wa",421360.0,,,848,,,44.0,,,540,,,16,,,0.0157,,,184.0,,,0.1292,,,,,,206.0,,,2087.0,,,502559.0,,,848,,,,,,
201612,53011,"clark, wa",401900.0,,,1162,,,71.0,,,444,,,28,,,0.0188,,,172.0,,,0.1019,,,74.0,,,176.0,,,2362.0,,,513106.0,,,1236,,,0.0637,,,
201612,53073,"whatcom, wa",399450.0,,,561,,,81.0,,,168,,,4,,,0.0044,,,52.0,,,0.0852,,,,,,196.0,,,1948.0,,,542427.0,,,561,,,,,,
201612,53023,"garfield, wa",109900.0,,,17,,,121.0,,,8,,,0,,,0.0,,,4.0,,,0.1538,,,,,,51.0,,,2100.0,,,131281.0,,,17,,,,,,
201612,53039,"klickitat, wa",399000.0,,,76,,,134.0,,,8,,,0,,,0.0,,,4.0,,,0.0494,,,2.0,,,169.0,,,2231.0,,,577255.0,,,78,,,0.0263,,,
201612,53017,"douglas, wa",307000.0,,,92,,,86.0,,,28,,,0,,,0.0,,,12.0,,,0.0976,,,1.0,,,160.0,,,2114.0,,,412665.0,,,93,,,0.0109,,,
201612,53071,"walla walla, wa",249945.0,,,175,,,95.0,,,48,,,0,,,0.0,,,20.0,,,0.0897,,,,,,138.0,,,1986.0,,,329653.0,,,175,,,,,,
201612,53069,"wahkiakum, wa",250000.0,,,28,,,87.0,,,4,,,0,,,0.0,,,8.0,,,0.25,,,,,,128.0,,,1950.0,,,274945.0,,,28,,,,,,
201612,53067,"thurston, wa",302100.0,,,610,,,67.0,,,208,,,8,,,0.0103,,,144.0,,,0.1702,,,1.0,,,151.0,,,2064.0,,,358019.0,,,610,,,0.0016,,,
201612,53027,"grays harbor, wa",170000.0,,,381,,,113.0,,,84,,,12,,,0.0258,,,40.0,,,0.0837,,,,,,118.0,,,1512.0,,,214063.0,,,381,,,,,,
201612,53019,"ferry, wa",172225.0,,,79,,,160.0,,,0,,,0,,,0.0,,,0.0,,,0.0,,,4.0,,,127.0,,,1500.0,,,212550.0,,,82,,,0.0506,,,
201612,53045,"mason, wa",219500.0,,,334,,,109.0,,,56,,,0,,,0.0,,,44.0,,,0.1149,,,,,,143.0,,,1620.0,,,277766.0,,,334,,,,,,
201612,53007,"chelan, wa",369900.0,,,283,,,116.0,,,44,,,0,,,0.0,,,16.0,,,0.0508,,,5.0,,,193.0,,,1985.0,,,528563.0,,,289,,,0.0177,,,
201611,53057,"skagit, wa",348000.0,,,416,,,71.0,,,140,,,6,,,0.0126,,,60.0,,,0.1041,,,,,,182.0,,,1938.0,,,491289.0,,,416,,,,,,
201611,53045,"mason, wa",229625.0,,,388,,,98.0,,,88,,,4,,,0.0078,,,68.0,,,0.1444,,,,,,145.0,,,1663.0,,,297472.0,,,388,,,,,,
201611,53053,"pierce, wa",314975.0,,,1904,,,52.0,,,852,,,16,,,0.0061,,,540.0,,,0.1878,,,,,,165.0,,,2049.0,,,425995.0,,,1904,,,,,,
201611,53013,"columbia, wa",144900.0,,,54,,,144.0,,,10,,,0,,,0.0,,,4.0,,,0.0607,,,,,,74.0,,,1920.0,,,181630.0,,,54,,,,,,
201611,53065,"stevens, wa",240450.0,,,310,,,117.0,,,34,,,4,,,0.0103,,,18.0,,,0.0465,,,43.0,,,122.0,,,2165.0,,,348863.0,,,352,,,0.1371,,,
201611,53019,"ferry, wa",177200.0,,,89,,,142.0,,,4,,,0,,,0.0,,,2.0,,,0.0222,,,2.0,,,125.0,,,1500.0,,,221833.0,,,90,,,0.0169,,,
201611,53037,"kittitas, wa",381850.0,,,213,,,85.0,,,52,,,2,,,0.0071,,,28.0,,,0.1028,,,,,,193.0,,,2038.0,,,568776.0,,,213,,,,,,
201611,53017,"douglas, wa",307500.0,,,103,,,62.0,,,26,,,2,,,0.0139,,,14.0,,,0.1021,,,2.0,,,158.0,,,2141.0,,,418357.0,,,105,,,0.0195,,,
201611,53031,"jefferson, wa",459000.0,,,218,,,58.0,,,34,,,0,,,0.0,,,16.0,,,0.0607,,,,,,230.0,,,1910.0,,,517034.0,,,218,,,,,,
201611,53055,"san juan, wa",695000.0,,,268,,,144.0,,,26,,,0,,,0.0,,,16.0,,,0.0563,,,,,,331.0,,,1980.0,,,1124901.0,,,268,,,,,,
201611,53051,"pend oreille, wa",249500.0,,,121,,,117.0,,,14,,,0,,,0.0,,,12.0,,,0.0722,,,27.0,,,138.0,,,1643.0,,,333889.0,,,146,,,0.2199,,,
201611,53039,"klickitat, wa",380725.0,,,84,,,109.0,,,18,,,0,,,0.0,,,6.0,,,0.0537,,,1.0,,,167.0,,,2415.0,,,530900.0,,,86,,,0.0119,,,
201611,53025,"grant, wa",216250.0,,,310,,,89.0,,,46,,,0,,,0.0,,,40.0,,,0.1115,,,1.0,,,122.0,,,1772.0,,,252423.0,,,311,,,0.0032,,,
201611,53049,"pacific, wa",212200.0,,,157,,,123.0,,,36,,,0,,,0.0,,,14.0,,,0.0712,,,1.0,,,144.0,,,1458.0,,,258606.0,,,158,,,0.0064,,,
201611,53001,"adams, wa",122450.0,,,23,,,108.0,,,8,,,0,,,0.0,,,0.0,,,0.0,,,1.0,,,69.0,,,1812.0,,,151579.0,,,24,,,0.0435,,,
201611,53003,"asotin, wa",199900.0,,,101,,,74.0,,,14,,,0,,,0.0,,,14.0,,,0.1069,,,,,,105.0,,,2109.0,,,248233.0,,,101,,,,,,
201611,53033,"king, wa",556673.0,,,2362,,,42.0,,,1492,,,42,,,0.0119,,,588.0,,,0.1386,,,0.0,,,274.0,,,2179.0,,,937942.0,,,2362,,,0.0,,,
201611,53015,"cowlitz, wa",248250.0,,,265,,,75.0,,,86,,,2,,,0.0046,,,56.0,,,0.1616,,,6.0,,,129.0,,,1791.0,,,356473.0,,,271,,,0.0226,,,
201611,53023,"garfield, wa",119900.0,,,17,,,124.0,,,0,,,0,,,0.0,,,4.0,,,0.2353,,,,,,53.0,,,2369.0,,,143562.0,,,17,,,,,,
201611,53029,"island, wa",404988.0,,,386,,,74.0,,,112,,,2,,,0.0039,,,88.0,,,0.167,,,,,,199.0,,,2056.0,,,584803.0,,,386,,,,,,
201611,53021,"franklin, wa",261400.0,,,171,,,53.0,,,78,,,12,,,0.0465,,,40.0,,,0.1524,,,1.0,,,126.0,,,2215.0,,,300480.0,,,172,,,0.0059,,,
201611,53041,"lewis, wa",198450.0,,,270,,,85.0,,,118,,,0,,,0.0,,,44.0,,,0.1235,,,1.0,,,126.0,,,1676.0,,,282808.0,,,271,,,0.0037,,,
201611,53035,"kitsap, wa",357376.0,,,645,,,52.0,,,388,,,4,,,0.0036,,,172.0,,,0.178,,,,,,173.0,,,2102.0,,,510400.0,,,645,,,,,,
201611,53061,"snohomish, wa",414813.0,,,1097,,,42.0,,,634,,,20,,,0.0116,,,256.0,,,0.1453,,,,,,206.0,,,2064.0,,,497017.0,,,1097,,,,,,
201611,53073,"whatcom, wa",397000.0,,,662,,,74.0,,,194,,,4,,,0.005,,,102.0,,,0.1129,,,,,,198.0,,,1958.0,,,541894.0,,,662,,,,,,
201611,53069,"wahkiakum, wa",250000.0,,,31,,,68.0,,,10,,,0,,,0.0,,,4.0,,,0.0941,,,0.0,,,125.0,,,1881.0,,,283245.0,,,31,,,0.0,,,
201611,53047,"okanogan, wa",275000.0,,,260,,,136.0,,,22,,,0,,,0.0,,,10.0,,,0.0351,,,,,,173.0,,,1624.0,,,367595.0,,,260,,,,,,
201611,53077,"yakima, wa",236750.0,,,406,,,74.0,,,120,,,2,,,0.003,,,84.0,,,0.1097,,,222.0,,,117.0,,,2067.0,,,289226.0,,,626,,,0.5462,,,
201611,53007,"chelan, wa",379749.0,,,341,,,94.0,,,76,,,0,,,0.0,,,52.0,,,0.1153,,,4.0,,,194.0,,,1993.0,,,533611.0,,,346,,,0.0117,,,
201611,53009,"clallam, wa",299000.0,,,438,,,82.0,,,68,,,0,,,0.0,,,40.0,,,0.079,,,,,,162.0,,,1889.0,,,387067.0,,,438,,,,,,
201611,53063,"spokane, wa",246360.0,,,1481,,,58.0,,,564,,,50,,,0.0158,,,430.0,,,0.1274,,,1315.0,,,107.0,,,2310.0,,,304266.0,,,2798,,,0.8876,,,
201611,53027,"grays harbor, wa",175175.0,,,421,,,104.0,,,96,,,2,,,0.0042,,,72.0,,,0.1388,,,,,,118.0,,,1531.0,,,214035.0,,,421,,,,,,
201611,53043,"lincoln, wa",189250.0,,,77,,,85.0,,,12,,,0,,,0.0,,,18.0,,,0.1683,,,16.0,,,91.0,,,1998.0,,,245117.0,,,92,,,0.2026,,,
201611,53005,"benton, wa",297725.0,,,550,,,55.0,,,200,,,24,,,0.0299,,,140.0,,,0.1786,,,3.0,,,135.0,,,2223.0,,,334485.0,,,553,,,0.0055,,,
201611,53059,"skamania, wa",407375.0,,,30,,,94.0,,,8,,,0,,,0.0,,,4.0,,,0.087,,,4.0,,,158.0,,,2623.0,,,499848.0,,,33,,,0.1356,,,
201611,53071,"walla walla, wa",256000.0,,,201,,,80.0,,,64,,,2,,,0.0075,,,34.0,,,0.1236,,,,,,137.0,,,2082.0,,,325852.0,,,201,,,,,,
201611,53067,"thurston, wa",299975.0,,,686,,,63.0,,,262,,,18,,,0.0168,,,174.0,,,0.17,,,,,,149.0,,,2076.0,,,358463.0,,,686,,,,,,
201611,53011,"clark, wa",399900.0,,,1356,,,57.0,,,620,,,40,,,0.021,,,386.0,,,0.1876,,,80.0,,,175.0,,,2358.0,,,504561.0,,,1437,,,0.0586,,,
201611,53075,"whitman, wa",187625.0,,,128,,,103.0,,,24,,,0,,,0.0,,,10.0,,,0.0636,,,8.0,,,106.0,,,1920.0,,,216376.0,,,135,,,0.0627,,,
201610,53045,"mason, wa",234700.0,,,430,,,88.0,,,120,,,0,,,0.0,,,88.0,,,0.157,,,,,,147.0,,,1624.0,,,303911.0,,,430,,,,,,
201610,53033,"king, wa",559925.0,,,3052,,,30.0,,,2588,,,48,,,0.0079,,,1068.0,,,0.1807,,,,,,279.0,,,2132.0,,,902985.0,,,3052,,,,,,
201610,53027,"grays harbor, wa",179900.0,,,479,,,91.0,,,100,,,0,,,0.0,,,84.0,,,0.1446,,,,,,122.0,,,1531.0,,,219766.0,,,479,,,,,,
201610,53051,"pend oreille, wa",245750.0,,,144,,,101.0,,,12,,,0,,,0.0,,,12.0,,,0.0642,,,34.0,,,143.0,,,1680.0,,,361934.0,,,177,,,0.2361,,,
201610,53077,"yakima, wa",239250.0,,,437,,,64.0,,,184,,,8,,,0.0088,,,108.0,,,0.1192,,,268.0,,,117.0,,,2042.0,,,278833.0,,,711,,,0.6133,,,
201610,53059,"skamania, wa",399500.0,,,33,,,77.0,,,8,,,0,,,0.0,,,4.0,,,0.1081,,,4.0,,,173.0,,,2439.0,,,505902.0,,,37,,,0.1212,,,
201610,53029,"island, wa",419995.0,,,443,,,70.0,,,152,,,0,,,0.0,,,104.0,,,0.1775,,,,,,204.0,,,2048.0,,,609518.0,,,443,,,,,,
201610,53069,"wahkiakum, wa",249950.0,,,33,,,51.0,,,4,,,0,,,0.0,,,8.0,,,0.1633,,,,,,124.0,,,1812.0,,,289574.0,,,33,,,,,,
201610,53055,"san juan, wa",675000.0,,,297,,,130.0,,,28,,,0,,,0.0,,,20.0,,,0.0562,,,,,,329.0,,,2032.0,,,1098931.0,,,297,,,,,,
201610,53031,"jefferson, wa",445000.0,,,222,,,75.0,,,60,,,0,,,0.0,,,40.0,,,0.1509,,,1.0,,,207.0,,,1907.0,,,505027.0,,,222,,,0.0023,,,
201610,53043,"lincoln, wa",189950.0,,,80,,,84.0,,,12,,,0,,,0.0,,,12.0,,,0.1008,,,19.0,,,92.0,,,2000.0,,,252505.0,,,99,,,0.2375,,,
201610,53005,"benton, wa",289900.0,,,629,,,50.0,,,304,,,12,,,0.0124,,,204.0,,,0.2158,,,7.0,,,133.0,,,2223.0,,,326635.0,,,636,,,0.0111,,,
201610,53073,"whatcom, wa",389000.0,,,789,,,64.0,,,340,,,4,,,0.0036,,,188.0,,,0.1619,,,,,,198.0,,,1933.0,,,526039.0,,,789,,,,,,
201610,53037,"kittitas, wa",384500.0,,,232,,,75.0,,,80,,,0,,,0.0,,,44.0,,,0.141,,,,,,197.0,,,2082.0,,,577730.0,,,232,,,,,,
201610,53023,"garfield, wa",119900.0,,,17,,,108.0,,,4,,,0,,,0.0,,,0.0,,,0.0,,,,,,57.0,,,2241.0,,,151322.0,,,17,,,,,,
201610,53057,"skagit, wa",349500.0,,,468,,,61.0,,,176,,,4,,,0.0055,,,136.0,,,0.1873,,,,,,182.0,,,1918.0,,,476500.0,,,468,,,,,,
201610,53021,"franklin, wa",260000.0,,,190,,,45.0,,,92,,,4,,,0.015,,,60.0,,,0.1899,,,0.0,,,126.0,,,2174.0,,,287765.0,,,190,,,0.0,,,
201610,53017,"douglas, wa",308450.0,,,127,,,57.0,,,48,,,0,,,0.0,,,44.0,,,0.2167,,,1.0,,,154.0,,,2290.0,,,417114.0,,,128,,,0.0079,,,
201610,53063,"spokane, wa",249000.0,,,1706,,,51.0,,,708,,,48,,,0.0128,,,536.0,,,0.1426,,,1491.0,,,106.0,,,2352.0,,,305556.0,,,3191,,,0.874,,,
201610,53035,"kitsap, wa",362250.0,,,751,,,52.0,,,424,,,4,,,0.0034,,,240.0,,,0.2013,,,,,,173.0,,,2078.0,,,505159.0,,,751,,,,,,
201610,53071,"walla walla, wa",249950.0,,,218,,,59.0,,,92,,,0,,,0.0,,,36.0,,,0.1098,,,1.0,,,137.0,,,2042.0,,,327967.0,,,218,,,0.0046,,,
201610,53025,"grant, wa",220007.0,,,328,,,81.0,,,92,,,4,,,0.0093,,,40.0,,,0.0948,,,2.0,,,124.0,,,1777.0,,,258643.0,,,330,,,0.0061,,,
201610,53067,"thurston, wa",302450.0,,,791,,,53.0,,,396,,,20,,,0.0174,,,300.0,,,0.2451,,,,,,149.0,,,2092.0,,,359907.0,,,791,,,,,,
201610,53061,"snohomish, wa",400000.0,,,1357,,,35.0,,,996,,,8,,,0.0032,,,540.0,,,0.222,,,1.0,,,207.0,,,2018.0,,,485466.0,,,1357,,,0.0007,,,
201610,53015,"cowlitz, wa",249900.0,,,317,,,57.0,,,156,,,0,,,0.0,,,96.0,,,0.1996,,,10.0,,,131.0,,,1878.0,,,283575.0,,,325,,,0.0315,,,
201610,53003,"asotin, wa",199000.0,,,114,,,62.0,,,24,,,0,,,0.0,,,16.0,,,0.128,,,,,,105.0,,,2076.0,,,237096.0,,,114,,,,,,
201610,53019,"ferry, wa",199900.0,,,95,,,135.0,,,12,,,0,,,0.0,,,0.0,,,0.0,,,1.0,,,128.0,,,1781.0,,,255688.0,,,96,,,0.0105,,,
201610,53011,"clark, wa",384900.0,,,1532,,,51.0,,,832,,,40,,,0.0169,,,544.0,,,0.2218,,,79.0,,,172.0,,,2303.0,,,475929.0,,,1611,,,0.0516,,,
201610,53001,"adams, wa",125000.0,,,25,,,108.0,,,8,,,0,,,0.0,,,4.0,,,0.0952,,,1.0,,,66.0,,,2053.0,,,155513.0,,,26,,,0.04,,,
201610,53007,"chelan, wa",369900.0,,,417,,,82.0,,,104,,,0,,,0.0,,,76.0,,,0.1414,,,6.0,,,196.0,,,2010.0,,,517105.0,,,423,,,0.0144,,,
201610,53049,"pacific, wa",224500.0,,,171,,,109.0,,,24,,,0,,,0.0,,,16.0,,,0.0862,,,1.0,,,144.0,,,1469.0,,,262662.0,,,172,,,0.0058,,,
201610,53009,"clallam, wa",299000.0,,,500,,,75.0,,,100,,,0,,,0.0,,,52.0,,,0.0993,,,,,,163.0,,,1884.0,,,383445.0,,,500,,,,,,
201610,53039,"klickitat, wa",379000.0,,,96,,,107.0,,,24,,,0,,,0.0,,,20.0,,,0.1538,,,2.0,,,167.0,,,2249.0,,,485766.0,,,98,,,0.0208,,,
201610,53065,"stevens, wa",229900.0,,,356,,,99.0,,,60,,,0,,,0.0,,,44.0,,,0.0926,,,50.0,,,121.0,,,2159.0,,,345021.0,,,401,,,0.1404,,,
201610,53013,"columbia, wa",149900.0,,,53,,,124.0,,,8,,,0,,,0.0,,,4.0,,,0.0769,,,,,,85.0,,,1873.0,,,223971.0,,,53,,,,,,
201610,53047,"okanogan, wa",279900.0,,,293,,,117.0,,,40,,,0,,,0.0,,,20.0,,,0.0548,,,,,,175.0,,,1650.0,,,359327.0,,,293,,,,,,
201610,53075,"whitman, wa",189500.0,,,151,,,94.0,,,36,,,0,,,0.0,,,24.0,,,0.1263,,,6.0,,,104.0,,,1883.0,,,214614.0,,,158,,,0.0397,,,
201610,53041,"lewis, wa",209905.0,,,309,,,75.0,,,88,,,0,,,0.0,,,68.0,,,0.1643,,,1.0,,,129.0,,,1720.0,,,274084.0,,,310,,,0.0032,,,
201610,53053,"pierce, wa",315000.0,,,2214,,,47.0,,,1220,,,36,,,0.0095,,,748.0,,,0.2278,,,,,,163.0,,,2091.0,,,423016.0,,,2214,,,,,,
201609,53041,"lewis, wa",212250.0,,,325,,,63.0,,,126,,,0,,,0.0,,,62.0,,,0.1423,,,1.0,,,126.0,,,1740.0,,,273570.0,,,326,,,0.0031,,,
201609,53077,"yakima, wa",225000.0,,,472,,,60.0,,,194,,,2,,,0.0022,,,92.0,,,0.0969,,,284.0,,,118.0,,,2000.0,,,273493.0,,,755,,,0.6017,,,
201609,53037,"kittitas, wa",389000.0,,,255,,,69.0,,,80,,,2,,,0.0062,,,30.0,,,0.0903,,,,,,199.0,,,2022.0,,,613549.0,,,255,,,,,,
201609,53043,"lincoln, wa",195000.0,,,83,,,91.0,,,18,,,0,,,0.0,,,12.0,,,0.097,,,17.0,,,93.0,,,2000.0,,,254488.0,,,100,,,0.2048,,,
201609,53047,"okanogan, wa",281500.0,,,310,,,104.0,,,40,,,0,,,0.0,,,26.0,,,0.071,,,0.0,,,174.0,,,1672.0,,,359487.0,,,310,,,0.0,,,
201609,53069,"wahkiakum, wa",262225.0,,,30,,,55.0,,,12,,,0,,,0.0,,,4.0,,,0.0965,,,0.0,,,132.0,,,2146.0,,,305752.0,,,30,,,0.0,,,
201609,53017,"douglas, wa",332300.0,,,122,,,62.0,,,50,,,0,,,0.0,,,24.0,,,0.1419,,,3.0,,,155.0,,,2321.0,,,431483.0,,,125,,,0.0205,,,
201609,53005,"benton, wa",287250.0,,,658,,,43.0,,,328,,,6,,,0.006,,,196.0,,,0.1918,,,7.0,,,132.0,,,2240.0,,,325024.0,,,664,,,0.0099,,,
201609,53055,"san juan, wa",695000.0,,,314,,,117.0,,,30,,,0,,,0.0,,,40.0,,,0.1134,,,,,,312.0,,,2075.0,,,1096347.0,,,314,,,,,,
201609,53025,"grant, wa",225000.0,,,355,,,71.0,,,94,,,2,,,0.0042,,,66.0,,,0.1481,,,2.0,,,125.0,,,1779.0,,,261303.0,,,357,,,0.0042,,,
201609,53065,"stevens, wa",239950.0,,,381,,,90.0,,,56,,,0,,,0.0,,,48.0,,,0.0982,,,66.0,,,123.0,,,2148.0,,,345436.0,,,440,,,0.1735,,,
201609,53039,"klickitat, wa",379000.0,,,107,,,104.0,,,28,,,0,,,0.0,,,10.0,,,0.0731,,,2.0,,,170.0,,,2280.0,,,495849.0,,,109,,,0.0187,,,
201609,53013,"columbia, wa",149900.0,,,59,,,100.0,,,4,,,0,,,0.0,,,8.0,,,0.1065,,,,,,85.0,,,1873.0,,,219218.0,,,59,,,,,,
201609,53061,"snohomish, wa",399925.0,,,1421,,,31.0,,,1018,,,24,,,0.0107,,,576.0,,,0.2231,,,1.0,,,207.0,,,2005.0,,,483619.0,,,1422,,,0.0007,,,
201609,53071,"walla walla, wa",254725.0,,,216,,,59.0,,,78,,,2,,,0.007,,,54.0,,,0.1845,,,1.0,,,139.0,,,2046.0,,,337880.0,,,217,,,0.0046,,,
201609,53015,"cowlitz, wa",259900.0,,,331,,,54.0,,,172,,,0,,,0.0,,,98.0,,,0.19,,,10.0,,,130.0,,,1940.0,,,286342.0,,,341,,,0.0302,,,
201609,53031,"jefferson, wa",433150.0,,,253,,,75.0,,,68,,,0,,,0.0,,,40.0,,,0.127,,,1.0,,,201.0,,,1940.0,,,503353.0,,,254,,,0.004,,,
201609,53033,"king, wa",552248.0,,,3326,,,27.0,,,2774,,,40,,,0.0068,,,1096.0,,,0.1806,,,,,,277.0,,,2154.0,,,892959.0,,,3326,,,,,,
201609,53009,"clallam, wa",299500.0,,,536,,,68.0,,,124,,,6,,,0.0087,,,76.0,,,0.1162,,,,,,162.0,,,1886.0,,,383718.0,,,536,,,,,,
201609,53051,"pend oreille, wa",244125.0,,,172,,,93.0,,,20,,,0,,,0.0,,,28.0,,,0.1203,,,47.0,,,140.0,,,1770.0,,,351231.0,,,214,,,0.2711,,,
201609,53011,"clark, wa",378100.0,,,1629,,,44.0,,,908,,,82,,,0.031,,,622.0,,,0.2352,,,76.0,,,171.0,,,2283.0,,,467542.0,,,1705,,,0.0463,,,
201609,53053,"pierce, wa",319500.0,,,2369,,,40.0,,,1446,,,34,,,0.0092,,,974.0,,,0.2567,,,1.0,,,163.0,,,2127.0,,,427205.0,,,2370,,,0.0004,,,
201609,53003,"asotin, wa",199925.0,,,121,,,65.0,,,28,,,2,,,0.0129,,,14.0,,,0.0919,,,,,,106.0,,,2106.0,,,238928.0,,,121,,,,,,
201609,53059,"skamania, wa",392975.0,,,48,,,62.0,,,20,,,0,,,0.0,,,6.0,,,0.0881,,,5.0,,,166.0,,,2471.0,,,553090.0,,,52,,,0.0947,,,
201609,53023,"garfield, wa",117400.0,,,21,,,87.0,,,4,,,0,,,0.0,,,2.0,,,0.069,,,,,,59.0,,,2060.0,,,149788.0,,,21,,,,,,
201609,53035,"kitsap, wa",365913.0,,,799,,,44.0,,,446,,,4,,,0.0032,,,322.0,,,0.2634,,,,,,177.0,,,2051.0,,,503812.0,,,799,,,,,,
201609,53019,"ferry, wa",189500.0,,,105,,,106.0,,,6,,,0,,,0.0,,,8.0,,,0.0737,,,1.0,,,123.0,,,1728.0,,,247660.0,,,105,,,0.0095,,,
201609,53067,"thurston, wa",307000.0,,,864,,,46.0,,,432,,,8,,,0.0059,,,276.0,,,0.2201,,,,,,150.0,,,2111.0,,,363913.0,,,864,,,,,,
201609,53027,"grays harbor, wa",183696.0,,,503,,,77.0,,,150,,,2,,,0.0031,,,92.0,,,0.1345,,,,,,127.0,,,1558.0,,,229289.0,,,503,,,,,,
201609,53045,"mason, wa",242250.0,,,442,,,76.0,,,130,,,4,,,0.0069,,,114.0,,,0.1958,,,,,,151.0,,,1650.0,,,316436.0,,,442,,,,,,
201609,53007,"chelan, wa",385000.0,,,450,,,79.0,,,124,,,0,,,0.0,,,90.0,,,0.1572,,,9.0,,,198.0,,,2038.0,,,527944.0,,,459,,,0.0189,,,
201609,53073,"whatcom, wa",386975.0,,,845,,,59.0,,,384,,,2,,,0.0017,,,238.0,,,0.1915,,,,,,193.0,,,1930.0,,,514235.0,,,845,,,,,,
201609,53021,"franklin, wa",249925.0,,,206,,,41.0,,,94,,,4,,,0.0138,,,56.0,,,0.1909,,,0.0,,,123.0,,,2127.0,,,281200.0,,,206,,,0.0,,,
201609,53057,"skagit, wa",355000.0,,,480,,,54.0,,,228,,,0,,,0.0,,,116.0,,,0.1567,,,,,,187.0,,,1958.0,,,488699.0,,,480,,,,,,
201609,53001,"adams, wa",118725.0,,,27,,,96.0,,,4,,,0,,,0.0,,,0.0,,,0.0,,,1.0,,,72.0,,,1513.0,,,146119.0,,,29,,,0.037,,,
201609,53075,"whitman, wa",196975.0,,,170,,,94.0,,,34,,,2,,,0.0089,,,40.0,,,0.1781,,,5.0,,,103.0,,,1980.0,,,225106.0,,,175,,,0.0295,,,
201609,53029,"island, wa",417350.0,,,477,,,63.0,,,226,,,4,,,0.0062,,,130.0,,,0.1829,,,,,,204.0,,,2032.0,,,608173.0,,,477,,,,,,
201609,53049,"pacific, wa",224250.0,,,202,,,95.0,,,34,,,0,,,0.0,,,36.0,,,0.1496,,,1.0,,,143.0,,,1514.0,,,259625.0,,,203,,,0.005,,,
201609,53063,"spokane, wa",248750.0,,,1818,,,47.0,,,790,,,66,,,0.0155,,,612.0,,,0.144,,,1649.0,,,106.0,,,2376.0,,,308454.0,,,3460,,,0.9073,,,
201608,53077,"yakima, wa",222475.0,,,483,,,58.0,,,222,,,4,,,0.004,,,112.0,,,0.112,,,293.0,,,118.0,,,1978.0,,,269418.0,,,772,,,0.6056,,,
201608,53059,"skamania, wa",388000.0,,,51,,,53.0,,,22,,,0,,,0.0,,,16.0,,,0.2095,,,5.0,,,163.0,,,2247.0,,,532345.0,,,55,,,0.0882,,,
201608,53063,"spokane, wa",246259.0,,,1886,,,43.0,,,932,,,90,,,0.0195,,,706.0,,,0.15,,,1745.0,,,105.0,,,2370.0,,,307117.0,,,3627,,,0.9252,,,
201608,53043,"lincoln, wa",187475.0,,,96,,,88.0,,,14,,,0,,,0.0,,,14.0,,,0.1039,,,15.0,,,94.0,,,1985.0,,,229137.0,,,112,,,0.1563,,,
201608,53039,"klickitat, wa",358850.0,,,116,,,90.0,,,16,,,0,,,0.0,,,14.0,,,0.1032,,,4.0,,,175.0,,,2146.0,,,483949.0,,,119,,,0.0303,,,
201608,53007,"chelan, wa",389450.0,,,460,,,68.0,,,166,,,2,,,0.0031,,,102.0,,,0.1614,,,8.0,,,196.0,,,2082.0,,,524046.0,,,469,,,0.0163,,,
201608,53027,"grays harbor, wa",181075.0,,,526,,,68.0,,,128,,,0,,,0.0,,,112.0,,,0.1743,,,,,,127.0,,,1532.0,,,223737.0,,,526,,,,,,
201608,53025,"grant, wa",219625.0,,,365,,,67.0,,,108,,,0,,,0.0,,,58.0,,,0.1199,,,1.0,,,125.0,,,1779.0,,,260679.0,,,366,,,0.0027,,,
201608,53035,"kitsap, wa",369000.0,,,828,,,37.0,,,592,,,12,,,0.0083,,,316.0,,,0.2303,,,,,,176.0,,,2099.0,,,503857.0,,,828,,,,,,
201608,53021,"franklin, wa",249949.0,,,198,,,36.0,,,108,,,8,,,0.0268,,,48.0,,,0.1516,,,1.0,,,123.0,,,2089.0,,,277873.0,,,199,,,0.0051,,,
201608,53051,"pend oreille, wa",253750.0,,,187,,,86.0,,,28,,,0,,,0.0,,,36.0,,,0.1365,,,47.0,,,137.0,,,1923.0,,,355737.0,,,227,,,0.252,,,
201608,53019,"ferry, wa",199900.0,,,106,,,93.0,,,10,,,0,,,0.0,,,8.0,,,0.0699,,,1.0,,,124.0,,,1678.0,,,247784.0,,,107,,,0.0095,,,
201608,53005,"benton, wa",289888.0,,,661,,,39.0,,,396,,,8,,,0.0077,,,178.0,,,0.1676,,,5.0,,,132.0,,,2233.0,,,325653.0,,,666,,,0.0076,,,
201608,53041,"lewis, wa",204300.0,,,334,,,60.0,,,138,,,0,,,0.0,,,84.0,,,0.1847,,,1.0,,,124.0,,,1732.0,,,267939.0,,,335,,,0.003,,,
201608,53049,"pacific, wa",222625.0,,,202,,,84.0,,,38,,,0,,,0.0,,,34.0,,,0.1434,,,3.0,,,143.0,,,1446.0,,,256396.0,,,205,,,0.0124,,,
201608,53017,"douglas, wa",317500.0,,,124,,,60.0,,,64,,,4,,,0.0213,,,30.0,,,0.149,,,3.0,,,159.0,,,2209.0,,,427614.0,,,129,,,0.0242,,,
201608,53073,"whatcom, wa",386975.0,,,898,,,53.0,,,432,,,14,,,0.011,,,216.0,,,0.1708,,,,,,195.0,,,1921.0,,,514189.0,,,898,,,,,,
201608,53013,"columbia, wa",149900.0,,,61,,,106.0,,,2,,,0,,,0.0,,,16.0,,,0.237,,,,,,86.0,,,1910.0,,,219558.0,,,61,,,,,,
201608,53075,"whitman, wa",219925.0,,,183,,,80.0,,,44,,,2,,,0.0089,,,36.0,,,0.1508,,,6.0,,,108.0,,,2010.0,,,240819.0,,,188,,,0.0301,,,
201608,53023,"garfield, wa",117400.0,,,20,,,87.0,,,4,,,0,,,0.0,,,2.0,,,0.08,,,,,,59.0,,,1969.0,,,154329.0,,,20,,,,,,
201608,53037,"kittitas, wa",373000.0,,,262,,,59.0,,,92,,,0,,,0.0,,,62.0,,,0.1751,,,1.0,,,192.0,,,2048.0,,,588588.0,,,263,,,0.0038,,,
201608,53031,"jefferson, wa",436075.0,,,268,,,70.0,,,80,,,2,,,0.0052,,,54.0,,,0.1546,,,1.0,,,206.0,,,1935.0,,,516059.0,,,269,,,0.0037,,,
201608,53033,"king, wa",564000.0,,,3350,,,23.0,,,3216,,,54,,,0.0084,,,1050.0,,,0.1603,,,,,,279.0,,,2184.0,,,918020.0,,,3350,,,,,,
201608,53053,"pierce, wa",324970.0,,,2341,,,37.0,,,1676,,,40,,,0.0098,,,944.0,,,0.2374,,,1.0,,,162.0,,,2123.0,,,428011.0,,,2341,,,0.0004,,,
201608,53071,"walla walla, wa",257225.0,,,221,,,58.0,,,102,,,0,,,0.0,,,64.0,,,0.1995,,,1.0,,,137.0,,,2068.0,,,340327.0,,,222,,,0.0045,,,
201608,53003,"asotin, wa",199900.0,,,115,,,66.0,,,30,,,2,,,0.0152,,,22.0,,,0.1494,,,,,,103.0,,,2126.0,,,235322.0,,,115,,,,,,
201608,53001,"adams, wa",116825.0,,,33,,,74.0,,,8,,,0,,,0.0,,,8.0,,,0.1851,,,2.0,,,71.0,,,1623.0,,,139493.0,,,35,,,0.0615,,,
201608,53015,"cowlitz, wa",262450.0,,,326,,,48.0,,,208,,,0,,,0.0,,,116.0,,,0.2117,,,8.0,,,129.0,,,1965.0,,,290565.0,,,333,,,0.023,,,
201608,53011,"clark, wa",379450.0,,,1628,,,37.0,,,1054,,,70,,,0.0259,,,666.0,,,0.2413,,,75.0,,,170.0,,,2295.0,,,467322.0,,,1704,,,0.0458,,,
201608,53047,"okanogan, wa",269600.0,,,307,,,87.0,,,46,,,0,,,0.0,,,34.0,,,0.0771,,,1.0,,,167.0,,,1653.0,,,332583.0,,,308,,,0.0033,,,
201608,53009,"clallam, wa",299953.0,,,563,,,60.0,,,122,,,0,,,0.0,,,70.0,,,0.1024,,,,,,161.0,,,1890.0,,,379677.0,,,563,,,,,,
201608,53057,"skagit, wa",350000.0,,,498,,,50.0,,,278,,,6,,,0.0075,,,142.0,,,0.1799,,,,,,187.0,,,1960.0,,,476452.0,,,498,,,,,,
201608,53067,"thurston, wa",309450.0,,,892,,,44.0,,,524,,,6,,,0.0041,,,324.0,,,0.2204,,,,,,149.0,,,2135.0,,,365711.0,,,892,,,,,,
201608,53055,"san juan, wa",663750.0,,,329,,,95.0,,,56,,,0,,,0.0,,,64.0,,,0.1658,,,,,,317.0,,,2060.0,,,1120932.0,,,329,,,,,,
201608,53029,"island, wa",417225.0,,,500,,,55.0,,,198,,,4,,,0.0056,,,142.0,,,0.2111,,,,,,204.0,,,2017.0,,,606583.0,,,500,,,,,,
201608,53045,"mason, wa",237675.0,,,465,,,68.0,,,146,,,4,,,0.0063,,,152.0,,,0.2594,,,,,,151.0,,,1622.0,,,307199.0,,,465,,,,,,
201608,53069,"wahkiakum, wa",273750.0,,,28,,,56.0,,,4,,,0,,,0.0,,,4.0,,,0.127,,,0.0,,,143.0,,,2226.0,,,323079.0,,,28,,,0.0,,,
201608,53061,"snohomish, wa",396500.0,,,1432,,,24.0,,,1352,,,18,,,0.0068,,,520.0,,,0.1892,,,,,,207.0,,,1987.0,,,477743.0,,,1432,,,,,,
201608,53065,"stevens, wa",239675.0,,,410,,,78.0,,,72,,,6,,,0.0109,,,58.0,,,0.1065,,,63.0,,,123.0,,,2131.0,,,341446.0,,,469,,,0.1538,,,
201607,53035,"kitsap, wa",375750.0,,,738,,,36.0,,,536,,,4,,,0.0033,,,276.0,,,0.2137,,,,,,177.0,,,2155.0,,,516739.0,,,738,,,,,,
201607,53029,"island, wa",429000.0,,,472,,,50.0,,,236,,,4,,,0.0058,,,152.0,,,0.2147,,,,,,204.0,,,2053.0,,,611954.0,,,472,,,,,,
201607,53021,"franklin, wa",255692.0,,,187,,,41.0,,,116,,,12,,,0.0366,,,40.0,,,0.122,,,1.0,,,126.0,,,2146.0,,,285069.0,,,188,,,0.0053,,,
201607,53027,"grays harbor, wa",178750.0,,,522,,,64.0,,,204,,,8,,,0.0102,,,104.0,,,0.1371,,,,,,126.0,,,1540.0,,,221267.0,,,522,,,,,,
201607,53039,"klickitat, wa",346000.0,,,119,,,75.0,,,24,,,0,,,0.0,,,16.0,,,0.1081,,,3.0,,,175.0,,,1909.0,,,490480.0,,,122,,,0.0252,,,
201607,53057,"skagit, wa",349975.0,,,485,,,51.0,,,280,,,4,,,0.0054,,,128.0,,,0.1707,,,,,,187.0,,,1969.0,,,471650.0,,,485,,,,,,
201607,53059,"skamania, wa",449950.0,,,42,,,44.0,,,20,,,0,,,0.0,,,8.0,,,0.1356,,,2.0,,,165.0,,,2478.0,,,590567.0,,,43,,,0.0476,,,
201607,53061,"snohomish, wa",399950.0,,,1262,,,23.0,,,1248,,,28,,,0.0113,,,460.0,,,0.1673,,,0.0,,,208.0,,,2002.0,,,487879.0,,,1262,,,0.0,,,
201607,53025,"grant, wa",222228.0,,,362,,,66.0,,,100,,,0,,,0.0,,,68.0,,,0.1491,,,,,,125.0,,,1760.0,,,264073.0,,,362,,,,,,
201607,53045,"mason, wa",237000.0,,,470,,,56.0,,,208,,,0,,,0.0,,,100.0,,,0.1517,,,,,,149.0,,,1618.0,,,290093.0,,,470,,,,,,
201607,53063,"spokane, wa",254900.0,,,1800,,,41.0,,,1000,,,56,,,0.0121,,,552.0,,,0.1207,,,1761.0,,,107.0,,,2408.0,,,315729.0,,,3580,,,0.9783,,,
201607,53075,"whitman, wa",204450.0,,,194,,,68.0,,,52,,,0,,,0.0,,,52.0,,,0.2023,,,4.0,,,106.0,,,2028.0,,,234200.0,,,198,,,0.0206,,,
201607,53003,"asotin, wa",219900.0,,,120,,,58.0,,,20,,,0,,,0.0,,,32.0,,,0.2286,,,,,,105.0,,,2194.0,,,242235.0,,,120,,,,,,
201607,53067,"thurston, wa",315000.0,,,849,,,36.0,,,556,,,20,,,0.0142,,,300.0,,,0.2191,,,1.0,,,150.0,,,2136.0,,,369032.0,,,850,,,0.0012,,,
201607,53015,"cowlitz, wa",257900.0,,,339,,,40.0,,,212,,,4,,,0.0078,,,116.0,,,0.2164,,,8.0,,,128.0,,,1964.0,,,291120.0,,,347,,,0.0236,,,
201607,53033,"king, wa",575000.0,,,3232,,,22.0,,,3408,,,52,,,0.0078,,,992.0,,,0.1501,,,,,,278.0,,,2200.0,,,906263.0,,,3232,,,,,,
201607,53009,"clallam, wa",310000.0,,,533,,,58.0,,,156,,,0,,,0.0,,,92.0,,,0.1267,,,,,,163.0,,,1916.0,,,383207.0,,,533,,,,,,
201607,53043,"lincoln, wa",175750.0,,,103,,,66.0,,,20,,,0,,,0.0,,,16.0,,,0.1221,,,14.0,,,92.0,,,2048.0,,,229515.0,,,117,,,0.1359,,,
201607,53001,"adams, wa",115700.0,,,32,,,64.0,,,12,,,0,,,0.0,,,4.0,,,0.08,,,2.0,,,81.0,,,1577.0,,,136427.0,,,34,,,0.0625,,,
201607,53031,"jefferson, wa",447000.0,,,264,,,57.0,,,88,,,0,,,0.0,,,48.0,,,0.1424,,,1.0,,,209.0,,,1970.0,,,522829.0,,,265,,,0.0038,,,
201607,53013,"columbia, wa",149900.0,,,62,,,95.0,,,8,,,0,,,0.0,,,4.0,,,0.0513,,,,,,86.0,,,1800.0,,,213699.0,,,62,,,,,,
201607,53053,"pierce, wa",325000.0,,,2209,,,31.0,,,1724,,,28,,,0.007,,,912.0,,,0.2294,,,,,,163.0,,,2112.0,,,432452.0,,,2209,,,,,,
201607,53073,"whatcom, wa",377000.0,,,897,,,51.0,,,452,,,4,,,0.0029,,,236.0,,,0.173,,,,,,194.0,,,1925.0,,,511340.0,,,897,,,,,,
201607,53069,"wahkiakum, wa",259900.0,,,27,,,63.0,,,8,,,0,,,0.0,,,0.0,,,0.0,,,0.0,,,132.0,,,1936.0,,,317860.0,,,27,,,0.0,,,
201607,53077,"yakima, wa",222500.0,,,491,,,53.0,,,232,,,4,,,0.0042,,,124.0,,,0.1251,,,268.0,,,118.0,,,1944.0,,,262822.0,,,750,,,0.5458,,,
201607,53037,"kittitas, wa",359000.0,,,267,,,54.0,,,108,,,4,,,0.0093,,,40.0,,,0.0962,,,1.0,,,198.0,,,2002.0,,,551887.0,,,268,,,0.0037,,,
201607,53047,"okanogan, wa",260000.0,,,301,,,68.0,,,56,,,0,,,0.0,,,36.0,,,0.1032,,,,,,155.0,,,1639.0,,,320093.0,,,301,,,,,,
201607,53011,"clark, wa",392450.0,,,1416,,,39.0,,,1100,,,80,,,0.029,,,496.0,,,0.1863,,,78.0,,,170.0,,,2380.0,,,485093.0,,,1495,,,0.0551,,,
201607,53049,"pacific, wa",215000.0,,,205,,,73.0,,,72,,,0,,,0.0,,,28.0,,,0.1004,,,2.0,,,142.0,,,1452.0,,,253284.0,,,207,,,0.0098,,,
201607,53071,"walla walla, wa",264000.0,,,237,,,52.0,,,100,,,0,,,0.0,,,52.0,,,0.1677,,,,,,133.0,,,2080.0,,,329309.0,,,237,,,,,,
201607,53041,"lewis, wa",205000.0,,,329,,,58.0,,,144,,,0,,,0.0,,,68.0,,,0.1511,,,1.0,,,123.0,,,1704.0,,,264318.0,,,330,,,0.003,,,
201607,53005,"benton, wa",285500.0,,,624,,,42.0,,,320,,,12,,,0.0124,,,188.0,,,0.2006,,,2.0,,,129.0,,,2224.0,,,320434.0,,,626,,,0.0032,,,
201607,53055,"san juan, wa",695000.0,,,332,,,81.0,,,56,,,0,,,0.0,,,48.0,,,0.1154,,,,,,339.0,,,2052.0,,,1075856.0,,,332,,,,,,
201607,53051,"pend oreille, wa",253950.0,,,185,,,72.0,,,32,,,0,,,0.0,,,40.0,,,0.1646,,,34.0,,,135.0,,,1976.0,,,360269.0,,,211,,,0.1838,,,
201607,53065,"stevens, wa",236250.0,,,417,,,73.0,,,88,,,0,,,0.0,,,68.0,,,0.1204,,,63.0,,,122.0,,,2053.0,,,332907.0,,,478,,,0.1511,,,
201607,53007,"chelan, wa",394000.0,,,479,,,57.0,,,148,,,4,,,0.006,,,92.0,,,0.1383,,,8.0,,,193.0,,,2091.0,,,523138.0,,,488,,,0.0167,,,
201607,53023,"garfield, wa",125000.0,,,18,,,76.0,,,4,,,0,,,0.0,,,4.0,,,0.1481,,,,,,64.0,,,2272.0,,,165035.0,,,18,,,,,,
201607,53019,"ferry, wa",189000.0,,,108,,,81.0,,,16,,,0,,,0.0,,,16.0,,,0.128,,,1.0,,,127.0,,,1672.0,,,244183.0,,,108,,,0.0046,,,
201607,53017,"douglas, wa",309000.0,,,122,,,64.0,,,76,,,0,,,0.0,,,24.0,,,0.1333,,,4.0,,,155.0,,,2160.0,,,428585.0,,,126,,,0.0328,,,
